id,category
NEWS_00000,3
NEWS_00001,1
NEWS_00002,5
NEWS_00003,4
NEWS_00004,4
NEWS_00005,4
NEWS_00006,3
NEWS_00007,4
NEWS_00008,2
NEWS_00009,2
NEWS_00010,1
NEWS_00011,2
NEWS_00012,5
NEWS_00013,3
NEWS_00014,2
NEWS_00015,5
NEWS_00016,5
NEWS_00017,2
NEWS_00018,2
NEWS_00019,2
NEWS_00020,3
NEWS_00021,3
NEWS_00022,3
NEWS_00023,4
NEWS_00024,3
NEWS_00025,0
NEWS_00026,3
NEWS_00027,4
NEWS_00028,5
NEWS_00029,1
NEWS_00030,3
NEWS_00031,4
NEWS_00032,2
NEWS_00033,0
NEWS_00034,1
NEWS_00035,2
NEWS_00036,4
NEWS_00037,1
NEWS_00038,3
NEWS_00039,3
NEWS_00040,4
NEWS_00041,4
NEWS_00042,3
NEWS_00043,3
NEWS_00044,3
NEWS_00045,5
NEWS_00046,3
NEWS_00047,2
NEWS_00048,3
NEWS_00049,2
NEWS_00050,4
NEWS_00051,1
NEWS_00052,5
NEWS_00053,2
NEWS_00054,2
NEWS_00055,5
NEWS_00056,1
NEWS_00057,1
NEWS_00058,2
NEWS_00059,1
NEWS_00060,1
NEWS_00061,1
NEWS_00062,5
NEWS_00063,1
NEWS_00064,5
NEWS_00065,2
NEWS_00066,2
NEWS_00067,5
NEWS_00068,0
NEWS_00069,1
NEWS_00070,4
NEWS_00071,1
NEWS_00072,3
NEWS_00073,4
NEWS_00074,2
NEWS_00075,1
NEWS_00076,0
NEWS_00077,1
NEWS_00078,1
NEWS_00079,4
NEWS_00080,5
NEWS_00081,2
NEWS_00082,1
NEWS_00083,4
NEWS_00084,5
NEWS_00085,4
NEWS_00086,1
NEWS_00087,1
NEWS_00088,4
NEWS_00089,2
NEWS_00090,1
NEWS_00091,0
NEWS_00092,4
NEWS_00093,4
NEWS_00094,3
NEWS_00095,1
NEWS_00096,3
NEWS_00097,4
NEWS_00098,4
NEWS_00099,4
NEWS_00100,4
NEWS_00101,2
NEWS_00102,4
NEWS_00103,4
NEWS_00104,1
NEWS_00105,1
NEWS_00106,5
NEWS_00107,1
NEWS_00108,4
NEWS_00109,3
NEWS_00110,4
NEWS_00111,4
NEWS_00112,1
NEWS_00113,5
NEWS_00114,1
NEWS_00115,3
NEWS_00116,3
NEWS_00117,2
NEWS_00118,3
NEWS_00119,4
NEWS_00120,1
NEWS_00121,3
NEWS_00122,3
NEWS_00123,4
NEWS_00124,4
NEWS_00125,5
NEWS_00126,4
NEWS_00127,3
NEWS_00128,4
NEWS_00129,3
NEWS_00130,4
NEWS_00131,2
NEWS_00132,4
NEWS_00133,1
NEWS_00134,3
NEWS_00135,2
NEWS_00136,4
NEWS_00137,1
NEWS_00138,0
NEWS_00139,3
NEWS_00140,4
NEWS_00141,1
NEWS_00142,5
NEWS_00143,4
NEWS_00144,4
NEWS_00145,5
NEWS_00146,1
NEWS_00147,5
NEWS_00148,2
NEWS_00149,1
NEWS_00150,2
NEWS_00151,0
NEWS_00152,1
NEWS_00153,2
NEWS_00154,3
NEWS_00155,4
NEWS_00156,1
NEWS_00157,1
NEWS_00158,5
NEWS_00159,5
NEWS_00160,4
NEWS_00161,4
NEWS_00162,4
NEWS_00163,4
NEWS_00164,3
NEWS_00165,3
NEWS_00166,1
NEWS_00167,5
NEWS_00168,2
NEWS_00169,4
NEWS_00170,4
NEWS_00171,2
NEWS_00172,5
NEWS_00173,2
NEWS_00174,1
NEWS_00175,3
NEWS_00176,1
NEWS_00177,1
NEWS_00178,4
NEWS_00179,3
NEWS_00180,3
NEWS_00181,2
NEWS_00182,1
NEWS_00183,4
NEWS_00184,3
NEWS_00185,2
NEWS_00186,2
NEWS_00187,1
NEWS_00188,4
NEWS_00189,3
NEWS_00190,4
NEWS_00191,4
NEWS_00192,3
NEWS_00193,3
NEWS_00194,2
NEWS_00195,0
NEWS_00196,4
NEWS_00197,2
NEWS_00198,4
NEWS_00199,5
NEWS_00200,3
NEWS_00201,1
NEWS_00202,1
NEWS_00203,1
NEWS_00204,4
NEWS_00205,5
NEWS_00206,1
NEWS_00207,3
NEWS_00208,0
NEWS_00209,3
NEWS_00210,4
NEWS_00211,5
NEWS_00212,2
NEWS_00213,4
NEWS_00214,1
NEWS_00215,4
NEWS_00216,5
NEWS_00217,4
NEWS_00218,5
NEWS_00219,0
NEWS_00220,3
NEWS_00221,4
NEWS_00222,2
NEWS_00223,1
NEWS_00224,2
NEWS_00225,3
NEWS_00226,3
NEWS_00227,1
NEWS_00228,4
NEWS_00229,1
NEWS_00230,2
NEWS_00231,2
NEWS_00232,4
NEWS_00233,2
NEWS_00234,4
NEWS_00235,3
NEWS_00236,3
NEWS_00237,5
NEWS_00238,1
NEWS_00239,1
NEWS_00240,1
NEWS_00241,4
NEWS_00242,3
NEWS_00243,4
NEWS_00244,4
NEWS_00245,4
NEWS_00246,4
NEWS_00247,1
NEWS_00248,3
NEWS_00249,4
NEWS_00250,4
NEWS_00251,1
NEWS_00252,1
NEWS_00253,3
NEWS_00254,4
NEWS_00255,3
NEWS_00256,1
NEWS_00257,1
NEWS_00258,4
NEWS_00259,1
NEWS_00260,3
NEWS_00261,3
NEWS_00262,0
NEWS_00263,3
NEWS_00264,1
NEWS_00265,1
NEWS_00266,3
NEWS_00267,3
NEWS_00268,1
NEWS_00269,2
NEWS_00270,3
NEWS_00271,1
NEWS_00272,1
NEWS_00273,0
NEWS_00274,5
NEWS_00275,0
NEWS_00276,4
NEWS_00277,4
NEWS_00278,3
NEWS_00279,4
NEWS_00280,3
NEWS_00281,3
NEWS_00282,0
NEWS_00283,5
NEWS_00284,4
NEWS_00285,4
NEWS_00286,5
NEWS_00287,3
NEWS_00288,2
NEWS_00289,4
NEWS_00290,4
NEWS_00291,3
NEWS_00292,4
NEWS_00293,1
NEWS_00294,1
NEWS_00295,1
NEWS_00296,4
NEWS_00297,1
NEWS_00298,1
NEWS_00299,3
NEWS_00300,2
NEWS_00301,4
NEWS_00302,3
NEWS_00303,2
NEWS_00304,5
NEWS_00305,4
NEWS_00306,5
NEWS_00307,4
NEWS_00308,4
NEWS_00309,4
NEWS_00310,2
NEWS_00311,5
NEWS_00312,2
NEWS_00313,2
NEWS_00314,4
NEWS_00315,4
NEWS_00316,3
NEWS_00317,3
NEWS_00318,1
NEWS_00319,5
NEWS_00320,4
NEWS_00321,4
NEWS_00322,1
NEWS_00323,1
NEWS_00324,4
NEWS_00325,1
NEWS_00326,0
NEWS_00327,5
NEWS_00328,4
NEWS_00329,4
NEWS_00330,4
NEWS_00331,5
NEWS_00332,4
NEWS_00333,4
NEWS_00334,1
NEWS_00335,1
NEWS_00336,3
NEWS_00337,3
NEWS_00338,4
NEWS_00339,0
NEWS_00340,4
NEWS_00341,2
NEWS_00342,2
NEWS_00343,4
NEWS_00344,1
NEWS_00345,3
NEWS_00346,3
NEWS_00347,2
NEWS_00348,3
NEWS_00349,4
NEWS_00350,5
NEWS_00351,1
NEWS_00352,4
NEWS_00353,1
NEWS_00354,4
NEWS_00355,4
NEWS_00356,4
NEWS_00357,2
NEWS_00358,2
NEWS_00359,4
NEWS_00360,1
NEWS_00361,1
NEWS_00362,2
NEWS_00363,0
NEWS_00364,4
NEWS_00365,1
NEWS_00366,1
NEWS_00367,4
NEWS_00368,3
NEWS_00369,5
NEWS_00370,4
NEWS_00371,3
NEWS_00372,5
NEWS_00373,4
NEWS_00374,4
NEWS_00375,3
NEWS_00376,4
NEWS_00377,5
NEWS_00378,4
NEWS_00379,4
NEWS_00380,5
NEWS_00381,3
NEWS_00382,4
NEWS_00383,4
NEWS_00384,1
NEWS_00385,5
NEWS_00386,3
NEWS_00387,0
NEWS_00388,1
NEWS_00389,4
NEWS_00390,3
NEWS_00391,5
NEWS_00392,5
NEWS_00393,1
NEWS_00394,1
NEWS_00395,4
NEWS_00396,1
NEWS_00397,1
NEWS_00398,1
NEWS_00399,4
NEWS_00400,1
NEWS_00401,2
NEWS_00402,1
NEWS_00403,3
NEWS_00404,3
NEWS_00405,1
NEWS_00406,5
NEWS_00407,4
NEWS_00408,1
NEWS_00409,5
NEWS_00410,3
NEWS_00411,3
NEWS_00412,1
NEWS_00413,2
NEWS_00414,1
NEWS_00415,5
NEWS_00416,2
NEWS_00417,3
NEWS_00418,5
NEWS_00419,1
NEWS_00420,4
NEWS_00421,4
NEWS_00422,4
NEWS_00423,4
NEWS_00424,4
NEWS_00425,4
NEWS_00426,5
NEWS_00427,4
NEWS_00428,3
NEWS_00429,4
NEWS_00430,4
NEWS_00431,0
NEWS_00432,4
NEWS_00433,5
NEWS_00434,1
NEWS_00435,2
NEWS_00436,4
NEWS_00437,3
NEWS_00438,2
NEWS_00439,4
NEWS_00440,2
NEWS_00441,4
NEWS_00442,4
NEWS_00443,4
NEWS_00444,4
NEWS_00445,4
NEWS_00446,0
NEWS_00447,0
NEWS_00448,3
NEWS_00449,3
NEWS_00450,4
NEWS_00451,2
NEWS_00452,3
NEWS_00453,5
NEWS_00454,4
NEWS_00455,3
NEWS_00456,2
NEWS_00457,2
NEWS_00458,2
NEWS_00459,4
NEWS_00460,2
NEWS_00461,2
NEWS_00462,2
NEWS_00463,4
NEWS_00464,3
NEWS_00465,1
NEWS_00466,1
NEWS_00467,3
NEWS_00468,2
NEWS_00469,5
NEWS_00470,4
NEWS_00471,3
NEWS_00472,1
NEWS_00473,2
NEWS_00474,3
NEWS_00475,1
NEWS_00476,4
NEWS_00477,5
NEWS_00478,1
NEWS_00479,3
NEWS_00480,4
NEWS_00481,4
NEWS_00482,3
NEWS_00483,5
NEWS_00484,4
NEWS_00485,3
NEWS_00486,3
NEWS_00487,1
NEWS_00488,4
NEWS_00489,3
NEWS_00490,1
NEWS_00491,4
NEWS_00492,5
NEWS_00493,0
NEWS_00494,1
NEWS_00495,4
NEWS_00496,5
NEWS_00497,5
NEWS_00498,5
NEWS_00499,0
NEWS_00500,5
NEWS_00501,1
NEWS_00502,2
NEWS_00503,3
NEWS_00504,1
NEWS_00505,5
NEWS_00506,1
NEWS_00507,1
NEWS_00508,3
NEWS_00509,1
NEWS_00510,4
NEWS_00511,1
NEWS_00512,4
NEWS_00513,5
NEWS_00514,1
NEWS_00515,4
NEWS_00516,1
NEWS_00517,4
NEWS_00518,0
NEWS_00519,3
NEWS_00520,5
NEWS_00521,1
NEWS_00522,4
NEWS_00523,3
NEWS_00524,4
NEWS_00525,1
NEWS_00526,1
NEWS_00527,4
NEWS_00528,4
NEWS_00529,4
NEWS_00530,2
NEWS_00531,4
NEWS_00532,3
NEWS_00533,3
NEWS_00534,5
NEWS_00535,4
NEWS_00536,3
NEWS_00537,4
NEWS_00538,0
NEWS_00539,2
NEWS_00540,2
NEWS_00541,1
NEWS_00542,4
NEWS_00543,4
NEWS_00544,4
NEWS_00545,4
NEWS_00546,4
NEWS_00547,0
NEWS_00548,4
NEWS_00549,4
NEWS_00550,2
NEWS_00551,4
NEWS_00552,4
NEWS_00553,1
NEWS_00554,4
NEWS_00555,3
NEWS_00556,5
NEWS_00557,3
NEWS_00558,2
NEWS_00559,1
NEWS_00560,2
NEWS_00561,1
NEWS_00562,0
NEWS_00563,1
NEWS_00564,2
NEWS_00565,1
NEWS_00566,1
NEWS_00567,5
NEWS_00568,1
NEWS_00569,4
NEWS_00570,3
NEWS_00571,4
NEWS_00572,5
NEWS_00573,4
NEWS_00574,3
NEWS_00575,3
NEWS_00576,3
NEWS_00577,3
NEWS_00578,5
NEWS_00579,3
NEWS_00580,2
NEWS_00581,5
NEWS_00582,5
NEWS_00583,2
NEWS_00584,1
NEWS_00585,2
NEWS_00586,3
NEWS_00587,5
NEWS_00588,3
NEWS_00589,1
NEWS_00590,3
NEWS_00591,5
NEWS_00592,5
NEWS_00593,4
NEWS_00594,5
NEWS_00595,3
NEWS_00596,2
NEWS_00597,3
NEWS_00598,1
NEWS_00599,2
NEWS_00600,2
NEWS_00601,2
NEWS_00602,2
NEWS_00603,4
NEWS_00604,3
NEWS_00605,3
NEWS_00606,3
NEWS_00607,2
NEWS_00608,4
NEWS_00609,4
NEWS_00610,4
NEWS_00611,1
NEWS_00612,3
NEWS_00613,4
NEWS_00614,5
NEWS_00615,4
NEWS_00616,3
NEWS_00617,4
NEWS_00618,4
NEWS_00619,5
NEWS_00620,4
NEWS_00621,5
NEWS_00622,4
NEWS_00623,1
NEWS_00624,4
NEWS_00625,4
NEWS_00626,5
NEWS_00627,4
NEWS_00628,3
NEWS_00629,1
NEWS_00630,1
NEWS_00631,2
NEWS_00632,4
NEWS_00633,3
NEWS_00634,3
NEWS_00635,4
NEWS_00636,4
NEWS_00637,4
NEWS_00638,5
NEWS_00639,4
NEWS_00640,5
NEWS_00641,3
NEWS_00642,1
NEWS_00643,3
NEWS_00644,2
NEWS_00645,5
NEWS_00646,3
NEWS_00647,3
NEWS_00648,4
NEWS_00649,1
NEWS_00650,5
NEWS_00651,2
NEWS_00652,1
NEWS_00653,4
NEWS_00654,3
NEWS_00655,1
NEWS_00656,2
NEWS_00657,4
NEWS_00658,0
NEWS_00659,4
NEWS_00660,3
NEWS_00661,2
NEWS_00662,4
NEWS_00663,1
NEWS_00664,2
NEWS_00665,3
NEWS_00666,3
NEWS_00667,2
NEWS_00668,4
NEWS_00669,4
NEWS_00670,3
NEWS_00671,4
NEWS_00672,5
NEWS_00673,4
NEWS_00674,5
NEWS_00675,5
NEWS_00676,3
NEWS_00677,2
NEWS_00678,4
NEWS_00679,1
NEWS_00680,4
NEWS_00681,4
NEWS_00682,2
NEWS_00683,4
NEWS_00684,5
NEWS_00685,5
NEWS_00686,1
NEWS_00687,3
NEWS_00688,4
NEWS_00689,4
NEWS_00690,3
NEWS_00691,2
NEWS_00692,1
NEWS_00693,1
NEWS_00694,2
NEWS_00695,3
NEWS_00696,5
NEWS_00697,3
NEWS_00698,4
NEWS_00699,5
NEWS_00700,4
NEWS_00701,5
NEWS_00702,3
NEWS_00703,0
NEWS_00704,2
NEWS_00705,4
NEWS_00706,3
NEWS_00707,3
NEWS_00708,4
NEWS_00709,4
NEWS_00710,0
NEWS_00711,0
NEWS_00712,0
NEWS_00713,4
NEWS_00714,0
NEWS_00715,2
NEWS_00716,2
NEWS_00717,4
NEWS_00718,3
NEWS_00719,4
NEWS_00720,4
NEWS_00721,2
NEWS_00722,5
NEWS_00723,2
NEWS_00724,2
NEWS_00725,4
NEWS_00726,4
NEWS_00727,1
NEWS_00728,4
NEWS_00729,4
NEWS_00730,3
NEWS_00731,4
NEWS_00732,0
NEWS_00733,1
NEWS_00734,4
NEWS_00735,4
NEWS_00736,3
NEWS_00737,3
NEWS_00738,1
NEWS_00739,4
NEWS_00740,1
NEWS_00741,2
NEWS_00742,5
NEWS_00743,4
NEWS_00744,4
NEWS_00745,5
NEWS_00746,1
NEWS_00747,4
NEWS_00748,1
NEWS_00749,5
NEWS_00750,4
NEWS_00751,4
NEWS_00752,3
NEWS_00753,5
NEWS_00754,5
NEWS_00755,2
NEWS_00756,2
NEWS_00757,4
NEWS_00758,5
NEWS_00759,3
NEWS_00760,3
NEWS_00761,4
NEWS_00762,4
NEWS_00763,4
NEWS_00764,4
NEWS_00765,5
NEWS_00766,3
NEWS_00767,3
NEWS_00768,3
NEWS_00769,3
NEWS_00770,4
NEWS_00771,3
NEWS_00772,2
NEWS_00773,4
NEWS_00774,4
NEWS_00775,0
NEWS_00776,1
NEWS_00777,5
NEWS_00778,5
NEWS_00779,4
NEWS_00780,4
NEWS_00781,3
NEWS_00782,1
NEWS_00783,1
NEWS_00784,5
NEWS_00785,3
NEWS_00786,2
NEWS_00787,1
NEWS_00788,5
NEWS_00789,4
NEWS_00790,4
NEWS_00791,5
NEWS_00792,4
NEWS_00793,4
NEWS_00794,4
NEWS_00795,4
NEWS_00796,2
NEWS_00797,4
NEWS_00798,3
NEWS_00799,5
NEWS_00800,4
NEWS_00801,3
NEWS_00802,4
NEWS_00803,4
NEWS_00804,4
NEWS_00805,1
NEWS_00806,5
NEWS_00807,5
NEWS_00808,1
NEWS_00809,1
NEWS_00810,3
NEWS_00811,0
NEWS_00812,4
NEWS_00813,4
NEWS_00814,1
NEWS_00815,1
NEWS_00816,4
NEWS_00817,2
NEWS_00818,2
NEWS_00819,2
NEWS_00820,4
NEWS_00821,5
NEWS_00822,3
NEWS_00823,4
NEWS_00824,3
NEWS_00825,2
NEWS_00826,2
NEWS_00827,1
NEWS_00828,2
NEWS_00829,2
NEWS_00830,4
NEWS_00831,1
NEWS_00832,3
NEWS_00833,4
NEWS_00834,5
NEWS_00835,4
NEWS_00836,5
NEWS_00837,0
NEWS_00838,3
NEWS_00839,2
NEWS_00840,2
NEWS_00841,2
NEWS_00842,1
NEWS_00843,4
NEWS_00844,2
NEWS_00845,1
NEWS_00846,0
NEWS_00847,1
NEWS_00848,4
NEWS_00849,1
NEWS_00850,4
NEWS_00851,3
NEWS_00852,1
NEWS_00853,2
NEWS_00854,5
NEWS_00855,4
NEWS_00856,3
NEWS_00857,3
NEWS_00858,2
NEWS_00859,4
NEWS_00860,4
NEWS_00861,5
NEWS_00862,5
NEWS_00863,4
NEWS_00864,3
NEWS_00865,4
NEWS_00866,4
NEWS_00867,0
NEWS_00868,5
NEWS_00869,3
NEWS_00870,4
NEWS_00871,3
NEWS_00872,1
NEWS_00873,4
NEWS_00874,4
NEWS_00875,4
NEWS_00876,1
NEWS_00877,1
NEWS_00878,2
NEWS_00879,2
NEWS_00880,2
NEWS_00881,1
NEWS_00882,0
NEWS_00883,3
NEWS_00884,4
NEWS_00885,4
NEWS_00886,4
NEWS_00887,3
NEWS_00888,4
NEWS_00889,1
NEWS_00890,4
NEWS_00891,4
NEWS_00892,1
NEWS_00893,5
NEWS_00894,3
NEWS_00895,4
NEWS_00896,3
NEWS_00897,1
NEWS_00898,4
NEWS_00899,4
NEWS_00900,4
NEWS_00901,3
NEWS_00902,1
NEWS_00903,5
NEWS_00904,4
NEWS_00905,4
NEWS_00906,1
NEWS_00907,3
NEWS_00908,4
NEWS_00909,4
NEWS_00910,1
NEWS_00911,1
NEWS_00912,4
NEWS_00913,1
NEWS_00914,4
NEWS_00915,4
NEWS_00916,1
NEWS_00917,5
NEWS_00918,1
NEWS_00919,4
NEWS_00920,3
NEWS_00921,4
NEWS_00922,1
NEWS_00923,3
NEWS_00924,5
NEWS_00925,1
NEWS_00926,2
NEWS_00927,3
NEWS_00928,4
NEWS_00929,5
NEWS_00930,4
NEWS_00931,1
NEWS_00932,4
NEWS_00933,4
NEWS_00934,4
NEWS_00935,4
NEWS_00936,1
NEWS_00937,1
NEWS_00938,4
NEWS_00939,3
NEWS_00940,1
NEWS_00941,2
NEWS_00942,3
NEWS_00943,5
NEWS_00944,4
NEWS_00945,4
NEWS_00946,5
NEWS_00947,5
NEWS_00948,4
NEWS_00949,4
NEWS_00950,4
NEWS_00951,1
NEWS_00952,1
NEWS_00953,3
NEWS_00954,1
NEWS_00955,2
NEWS_00956,4
NEWS_00957,1
NEWS_00958,4
NEWS_00959,5
NEWS_00960,4
NEWS_00961,1
NEWS_00962,3
NEWS_00963,0
NEWS_00964,3
NEWS_00965,2
NEWS_00966,4
NEWS_00967,4
NEWS_00968,3
NEWS_00969,4
NEWS_00970,4
NEWS_00971,1
NEWS_00972,1
NEWS_00973,5
NEWS_00974,5
NEWS_00975,1
NEWS_00976,1
NEWS_00977,5
NEWS_00978,1
NEWS_00979,1
NEWS_00980,4
NEWS_00981,4
NEWS_00982,3
NEWS_00983,0
NEWS_00984,4
NEWS_00985,4
NEWS_00986,4
NEWS_00987,4
NEWS_00988,1
NEWS_00989,4
NEWS_00990,1
NEWS_00991,1
NEWS_00992,0
NEWS_00993,1
NEWS_00994,4
NEWS_00995,4
NEWS_00996,1
NEWS_00997,5
NEWS_00998,4
NEWS_00999,2
NEWS_01000,4
NEWS_01001,3
NEWS_01002,1
NEWS_01003,3
NEWS_01004,0
NEWS_01005,1
NEWS_01006,4
NEWS_01007,5
NEWS_01008,3
NEWS_01009,1
NEWS_01010,3
NEWS_01011,0
NEWS_01012,4
NEWS_01013,2
NEWS_01014,4
NEWS_01015,3
NEWS_01016,4
NEWS_01017,2
NEWS_01018,0
NEWS_01019,1
NEWS_01020,3
NEWS_01021,4
NEWS_01022,4
NEWS_01023,4
NEWS_01024,3
NEWS_01025,5
NEWS_01026,2
NEWS_01027,3
NEWS_01028,1
NEWS_01029,3
NEWS_01030,4
NEWS_01031,3
NEWS_01032,1
NEWS_01033,4
NEWS_01034,4
NEWS_01035,0
NEWS_01036,4
NEWS_01037,2
NEWS_01038,2
NEWS_01039,1
NEWS_01040,3
NEWS_01041,5
NEWS_01042,4
NEWS_01043,3
NEWS_01044,4
NEWS_01045,1
NEWS_01046,5
NEWS_01047,2
NEWS_01048,1
NEWS_01049,4
NEWS_01050,3
NEWS_01051,5
NEWS_01052,4
NEWS_01053,1
NEWS_01054,4
NEWS_01055,2
NEWS_01056,4
NEWS_01057,1
NEWS_01058,4
NEWS_01059,3
NEWS_01060,3
NEWS_01061,3
NEWS_01062,5
NEWS_01063,3
NEWS_01064,4
NEWS_01065,1
NEWS_01066,1
NEWS_01067,3
NEWS_01068,2
NEWS_01069,1
NEWS_01070,2
NEWS_01071,5
NEWS_01072,1
NEWS_01073,4
NEWS_01074,2
NEWS_01075,5
NEWS_01076,3
NEWS_01077,3
NEWS_01078,2
NEWS_01079,1
NEWS_01080,5
NEWS_01081,4
NEWS_01082,5
NEWS_01083,3
NEWS_01084,4
NEWS_01085,3
NEWS_01086,3
NEWS_01087,4
NEWS_01088,4
NEWS_01089,2
NEWS_01090,5
NEWS_01091,2
NEWS_01092,1
NEWS_01093,4
NEWS_01094,5
NEWS_01095,4
NEWS_01096,2
NEWS_01097,5
NEWS_01098,4
NEWS_01099,4
NEWS_01100,1
NEWS_01101,2
NEWS_01102,1
NEWS_01103,4
NEWS_01104,5
NEWS_01105,1
NEWS_01106,1
NEWS_01107,1
NEWS_01108,3
NEWS_01109,5
NEWS_01110,1
NEWS_01111,4
NEWS_01112,3
NEWS_01113,1
NEWS_01114,5
NEWS_01115,5
NEWS_01116,1
NEWS_01117,4
NEWS_01118,5
NEWS_01119,4
NEWS_01120,4
NEWS_01121,1
NEWS_01122,5
NEWS_01123,1
NEWS_01124,1
NEWS_01125,1
NEWS_01126,2
NEWS_01127,4
NEWS_01128,2
NEWS_01129,4
NEWS_01130,4
NEWS_01131,3
NEWS_01132,3
NEWS_01133,1
NEWS_01134,2
NEWS_01135,0
NEWS_01136,4
NEWS_01137,0
NEWS_01138,5
NEWS_01139,3
NEWS_01140,0
NEWS_01141,4
NEWS_01142,4
NEWS_01143,3
NEWS_01144,1
NEWS_01145,3
NEWS_01146,4
NEWS_01147,2
NEWS_01148,5
NEWS_01149,1
NEWS_01150,4
NEWS_01151,5
NEWS_01152,2
NEWS_01153,2
NEWS_01154,4
NEWS_01155,4
NEWS_01156,4
NEWS_01157,2
NEWS_01158,4
NEWS_01159,3
NEWS_01160,1
NEWS_01161,1
NEWS_01162,4
NEWS_01163,5
NEWS_01164,4
NEWS_01165,1
NEWS_01166,1
NEWS_01167,2
NEWS_01168,1
NEWS_01169,2
NEWS_01170,4
NEWS_01171,3
NEWS_01172,5
NEWS_01173,2
NEWS_01174,4
NEWS_01175,5
NEWS_01176,3
NEWS_01177,3
NEWS_01178,4
NEWS_01179,4
NEWS_01180,3
NEWS_01181,5
NEWS_01182,3
NEWS_01183,4
NEWS_01184,3
NEWS_01185,1
NEWS_01186,4
NEWS_01187,3
NEWS_01188,5
NEWS_01189,4
NEWS_01190,1
NEWS_01191,1
NEWS_01192,2
NEWS_01193,4
NEWS_01194,2
NEWS_01195,1
NEWS_01196,1
NEWS_01197,4
NEWS_01198,3
NEWS_01199,1
NEWS_01200,0
NEWS_01201,2
NEWS_01202,3
NEWS_01203,4
NEWS_01204,1
NEWS_01205,3
NEWS_01206,4
NEWS_01207,2
NEWS_01208,4
NEWS_01209,5
NEWS_01210,2
NEWS_01211,4
NEWS_01212,4
NEWS_01213,3
NEWS_01214,1
NEWS_01215,2
NEWS_01216,3
NEWS_01217,4
NEWS_01218,1
NEWS_01219,5
NEWS_01220,5
NEWS_01221,4
NEWS_01222,3
NEWS_01223,4
NEWS_01224,3
NEWS_01225,2
NEWS_01226,4
NEWS_01227,2
NEWS_01228,4
NEWS_01229,3
NEWS_01230,3
NEWS_01231,3
NEWS_01232,4
NEWS_01233,3
NEWS_01234,3
NEWS_01235,1
NEWS_01236,4
NEWS_01237,0
NEWS_01238,3
NEWS_01239,5
NEWS_01240,1
NEWS_01241,4
NEWS_01242,4
NEWS_01243,2
NEWS_01244,2
NEWS_01245,1
NEWS_01246,5
NEWS_01247,0
NEWS_01248,2
NEWS_01249,3
NEWS_01250,4
NEWS_01251,4
NEWS_01252,1
NEWS_01253,5
NEWS_01254,4
NEWS_01255,2
NEWS_01256,2
NEWS_01257,3
NEWS_01258,2
NEWS_01259,2
NEWS_01260,2
NEWS_01261,5
NEWS_01262,1
NEWS_01263,5
NEWS_01264,3
NEWS_01265,4
NEWS_01266,3
NEWS_01267,5
NEWS_01268,4
NEWS_01269,5
NEWS_01270,5
NEWS_01271,3
NEWS_01272,1
NEWS_01273,2
NEWS_01274,2
NEWS_01275,1
NEWS_01276,1
NEWS_01277,4
NEWS_01278,1
NEWS_01279,1
NEWS_01280,5
NEWS_01281,0
NEWS_01282,2
NEWS_01283,1
NEWS_01284,2
NEWS_01285,3
NEWS_01286,4
NEWS_01287,5
NEWS_01288,2
NEWS_01289,5
NEWS_01290,3
NEWS_01291,4
NEWS_01292,5
NEWS_01293,4
NEWS_01294,1
NEWS_01295,4
NEWS_01296,4
NEWS_01297,3
NEWS_01298,4
NEWS_01299,1
NEWS_01300,3
NEWS_01301,5
NEWS_01302,1
NEWS_01303,3
NEWS_01304,4
NEWS_01305,1
NEWS_01306,5
NEWS_01307,3
NEWS_01308,0
NEWS_01309,1
NEWS_01310,4
NEWS_01311,4
NEWS_01312,4
NEWS_01313,1
NEWS_01314,0
NEWS_01315,4
NEWS_01316,5
NEWS_01317,2
NEWS_01318,1
NEWS_01319,1
NEWS_01320,1
NEWS_01321,4
NEWS_01322,4
NEWS_01323,5
NEWS_01324,3
NEWS_01325,3
NEWS_01326,3
NEWS_01327,3
NEWS_01328,1
NEWS_01329,3
NEWS_01330,2
NEWS_01331,4
NEWS_01332,3
NEWS_01333,4
NEWS_01334,1
NEWS_01335,1
NEWS_01336,4
NEWS_01337,3
NEWS_01338,2
NEWS_01339,2
NEWS_01340,4
NEWS_01341,1
NEWS_01342,2
NEWS_01343,2
NEWS_01344,4
NEWS_01345,3
NEWS_01346,1
NEWS_01347,1
NEWS_01348,0
NEWS_01349,4
NEWS_01350,2
NEWS_01351,3
NEWS_01352,0
NEWS_01353,4
NEWS_01354,3
NEWS_01355,2
NEWS_01356,4
NEWS_01357,5
NEWS_01358,1
NEWS_01359,3
NEWS_01360,5
NEWS_01361,2
NEWS_01362,1
NEWS_01363,4
NEWS_01364,4
NEWS_01365,2
NEWS_01366,3
NEWS_01367,4
NEWS_01368,4
NEWS_01369,3
NEWS_01370,2
NEWS_01371,1
NEWS_01372,1
NEWS_01373,5
NEWS_01374,5
NEWS_01375,0
NEWS_01376,0
NEWS_01377,0
NEWS_01378,2
NEWS_01379,5
NEWS_01380,4
NEWS_01381,3
NEWS_01382,5
NEWS_01383,5
NEWS_01384,3
NEWS_01385,0
NEWS_01386,2
NEWS_01387,4
NEWS_01388,5
NEWS_01389,4
NEWS_01390,2
NEWS_01391,2
NEWS_01392,3
NEWS_01393,3
NEWS_01394,2
NEWS_01395,2
NEWS_01396,2
NEWS_01397,3
NEWS_01398,5
NEWS_01399,1
NEWS_01400,4
NEWS_01401,0
NEWS_01402,2
NEWS_01403,3
NEWS_01404,5
NEWS_01405,2
NEWS_01406,3
NEWS_01407,3
NEWS_01408,4
NEWS_01409,4
NEWS_01410,1
NEWS_01411,1
NEWS_01412,1
NEWS_01413,2
NEWS_01414,1
NEWS_01415,3
NEWS_01416,4
NEWS_01417,5
NEWS_01418,0
NEWS_01419,4
NEWS_01420,2
NEWS_01421,2
NEWS_01422,3
NEWS_01423,4
NEWS_01424,5
NEWS_01425,3
NEWS_01426,2
NEWS_01427,2
NEWS_01428,1
NEWS_01429,5
NEWS_01430,2
NEWS_01431,4
NEWS_01432,4
NEWS_01433,1
NEWS_01434,0
NEWS_01435,2
NEWS_01436,1
NEWS_01437,2
NEWS_01438,1
NEWS_01439,4
NEWS_01440,2
NEWS_01441,1
NEWS_01442,4
NEWS_01443,2
NEWS_01444,5
NEWS_01445,4
NEWS_01446,3
NEWS_01447,1
NEWS_01448,2
NEWS_01449,3
NEWS_01450,1
NEWS_01451,4
NEWS_01452,5
NEWS_01453,2
NEWS_01454,4
NEWS_01455,4
NEWS_01456,1
NEWS_01457,1
NEWS_01458,1
NEWS_01459,5
NEWS_01460,4
NEWS_01461,1
NEWS_01462,1
NEWS_01463,4
NEWS_01464,3
NEWS_01465,4
NEWS_01466,1
NEWS_01467,3
NEWS_01468,4
NEWS_01469,4
NEWS_01470,2
NEWS_01471,3
NEWS_01472,4
NEWS_01473,1
NEWS_01474,2
NEWS_01475,5
NEWS_01476,3
NEWS_01477,3
NEWS_01478,4
NEWS_01479,4
NEWS_01480,4
NEWS_01481,4
NEWS_01482,4
NEWS_01483,2
NEWS_01484,4
NEWS_01485,1
NEWS_01486,2
NEWS_01487,4
NEWS_01488,2
NEWS_01489,5
NEWS_01490,5
NEWS_01491,4
NEWS_01492,4
NEWS_01493,4
NEWS_01494,4
NEWS_01495,5
NEWS_01496,3
NEWS_01497,2
NEWS_01498,4
NEWS_01499,2
NEWS_01500,3
NEWS_01501,4
NEWS_01502,4
NEWS_01503,2
NEWS_01504,3
NEWS_01505,4
NEWS_01506,4
NEWS_01507,3
NEWS_01508,1
NEWS_01509,0
NEWS_01510,3
NEWS_01511,1
NEWS_01512,4
NEWS_01513,1
NEWS_01514,4
NEWS_01515,2
NEWS_01516,3
NEWS_01517,3
NEWS_01518,3
NEWS_01519,4
NEWS_01520,3
NEWS_01521,1
NEWS_01522,3
NEWS_01523,3
NEWS_01524,5
NEWS_01525,4
NEWS_01526,5
NEWS_01527,3
NEWS_01528,4
NEWS_01529,2
NEWS_01530,3
NEWS_01531,4
NEWS_01532,3
NEWS_01533,1
NEWS_01534,4
NEWS_01535,1
NEWS_01536,4
NEWS_01537,3
NEWS_01538,4
NEWS_01539,2
NEWS_01540,5
NEWS_01541,3
NEWS_01542,3
NEWS_01543,1
NEWS_01544,3
NEWS_01545,4
NEWS_01546,4
NEWS_01547,3
NEWS_01548,1
NEWS_01549,4
NEWS_01550,5
NEWS_01551,4
NEWS_01552,4
NEWS_01553,5
NEWS_01554,3
NEWS_01555,3
NEWS_01556,3
NEWS_01557,2
NEWS_01558,1
NEWS_01559,3
NEWS_01560,3
NEWS_01561,1
NEWS_01562,3
NEWS_01563,2
NEWS_01564,3
NEWS_01565,4
NEWS_01566,4
NEWS_01567,1
NEWS_01568,4
NEWS_01569,4
NEWS_01570,0
NEWS_01571,3
NEWS_01572,0
NEWS_01573,5
NEWS_01574,5
NEWS_01575,5
NEWS_01576,4
NEWS_01577,1
NEWS_01578,5
NEWS_01579,1
NEWS_01580,3
NEWS_01581,5
NEWS_01582,3
NEWS_01583,3
NEWS_01584,5
NEWS_01585,4
NEWS_01586,4
NEWS_01587,3
NEWS_01588,3
NEWS_01589,4
NEWS_01590,4
NEWS_01591,1
NEWS_01592,5
NEWS_01593,2
NEWS_01594,2
NEWS_01595,4
NEWS_01596,5
NEWS_01597,1
NEWS_01598,5
NEWS_01599,3
NEWS_01600,0
NEWS_01601,3
NEWS_01602,1
NEWS_01603,2
NEWS_01604,1
NEWS_01605,0
NEWS_01606,4
NEWS_01607,5
NEWS_01608,4
NEWS_01609,4
NEWS_01610,5
NEWS_01611,5
NEWS_01612,5
NEWS_01613,1
NEWS_01614,4
NEWS_01615,4
NEWS_01616,3
NEWS_01617,5
NEWS_01618,2
NEWS_01619,3
NEWS_01620,4
NEWS_01621,2
NEWS_01622,4
NEWS_01623,2
NEWS_01624,4
NEWS_01625,3
NEWS_01626,4
NEWS_01627,1
NEWS_01628,4
NEWS_01629,4
NEWS_01630,1
NEWS_01631,1
NEWS_01632,4
NEWS_01633,1
NEWS_01634,3
NEWS_01635,3
NEWS_01636,2
NEWS_01637,1
NEWS_01638,1
NEWS_01639,1
NEWS_01640,5
NEWS_01641,0
NEWS_01642,5
NEWS_01643,4
NEWS_01644,2
NEWS_01645,4
NEWS_01646,4
NEWS_01647,3
NEWS_01648,2
NEWS_01649,5
NEWS_01650,1
NEWS_01651,3
NEWS_01652,1
NEWS_01653,2
NEWS_01654,3
NEWS_01655,3
NEWS_01656,1
NEWS_01657,3
NEWS_01658,2
NEWS_01659,4
NEWS_01660,1
NEWS_01661,4
NEWS_01662,4
NEWS_01663,1
NEWS_01664,5
NEWS_01665,4
NEWS_01666,4
NEWS_01667,4
NEWS_01668,5
NEWS_01669,2
NEWS_01670,3
NEWS_01671,4
NEWS_01672,2
NEWS_01673,3
NEWS_01674,3
NEWS_01675,1
NEWS_01676,4
NEWS_01677,0
NEWS_01678,5
NEWS_01679,4
NEWS_01680,2
NEWS_01681,4
NEWS_01682,5
NEWS_01683,1
NEWS_01684,1
NEWS_01685,2
NEWS_01686,4
NEWS_01687,5
NEWS_01688,4
NEWS_01689,4
NEWS_01690,3
NEWS_01691,4
NEWS_01692,1
NEWS_01693,0
NEWS_01694,2
NEWS_01695,2
NEWS_01696,3
NEWS_01697,1
NEWS_01698,4
NEWS_01699,4
NEWS_01700,4
NEWS_01701,1
NEWS_01702,2
NEWS_01703,4
NEWS_01704,4
NEWS_01705,4
NEWS_01706,2
NEWS_01707,4
NEWS_01708,3
NEWS_01709,4
NEWS_01710,2
NEWS_01711,1
NEWS_01712,0
NEWS_01713,4
NEWS_01714,1
NEWS_01715,2
NEWS_01716,3
NEWS_01717,1
NEWS_01718,1
NEWS_01719,1
NEWS_01720,0
NEWS_01721,5
NEWS_01722,4
NEWS_01723,4
NEWS_01724,5
NEWS_01725,1
NEWS_01726,3
NEWS_01727,1
NEWS_01728,5
NEWS_01729,4
NEWS_01730,1
NEWS_01731,2
NEWS_01732,2
NEWS_01733,4
NEWS_01734,3
NEWS_01735,1
NEWS_01736,4
NEWS_01737,1
NEWS_01738,4
NEWS_01739,1
NEWS_01740,5
NEWS_01741,5
NEWS_01742,3
NEWS_01743,3
NEWS_01744,2
NEWS_01745,4
NEWS_01746,1
NEWS_01747,2
NEWS_01748,5
NEWS_01749,4
NEWS_01750,5
NEWS_01751,5
NEWS_01752,3
NEWS_01753,5
NEWS_01754,4
NEWS_01755,1
NEWS_01756,5
NEWS_01757,1
NEWS_01758,4
NEWS_01759,5
NEWS_01760,3
NEWS_01761,4
NEWS_01762,2
NEWS_01763,3
NEWS_01764,4
NEWS_01765,4
NEWS_01766,4
NEWS_01767,5
NEWS_01768,3
NEWS_01769,4
NEWS_01770,2
NEWS_01771,1
NEWS_01772,1
NEWS_01773,0
NEWS_01774,4
NEWS_01775,4
NEWS_01776,2
NEWS_01777,2
NEWS_01778,4
NEWS_01779,4
NEWS_01780,4
NEWS_01781,3
NEWS_01782,5
NEWS_01783,2
NEWS_01784,0
NEWS_01785,4
NEWS_01786,3
NEWS_01787,4
NEWS_01788,4
NEWS_01789,3
NEWS_01790,4
NEWS_01791,4
NEWS_01792,5
NEWS_01793,3
NEWS_01794,4
NEWS_01795,4
NEWS_01796,1
NEWS_01797,2
NEWS_01798,4
NEWS_01799,4
NEWS_01800,1
NEWS_01801,4
NEWS_01802,3
NEWS_01803,1
NEWS_01804,3
NEWS_01805,1
NEWS_01806,1
NEWS_01807,4
NEWS_01808,1
NEWS_01809,1
NEWS_01810,4
NEWS_01811,4
NEWS_01812,1
NEWS_01813,3
NEWS_01814,5
NEWS_01815,4
NEWS_01816,4
NEWS_01817,4
NEWS_01818,1
NEWS_01819,1
NEWS_01820,1
NEWS_01821,4
NEWS_01822,1
NEWS_01823,1
NEWS_01824,4
NEWS_01825,3
NEWS_01826,4
NEWS_01827,4
NEWS_01828,1
NEWS_01829,4
NEWS_01830,1
NEWS_01831,4
NEWS_01832,5
NEWS_01833,1
NEWS_01834,4
NEWS_01835,3
NEWS_01836,1
NEWS_01837,2
NEWS_01838,4
NEWS_01839,4
NEWS_01840,4
NEWS_01841,4
NEWS_01842,2
NEWS_01843,5
NEWS_01844,1
NEWS_01845,4
NEWS_01846,3
NEWS_01847,4
NEWS_01848,2
NEWS_01849,3
NEWS_01850,3
NEWS_01851,2
NEWS_01852,4
NEWS_01853,2
NEWS_01854,4
NEWS_01855,5
NEWS_01856,5
NEWS_01857,5
NEWS_01858,3
NEWS_01859,5
NEWS_01860,2
NEWS_01861,4
NEWS_01862,4
NEWS_01863,4
NEWS_01864,4
NEWS_01865,1
NEWS_01866,5
NEWS_01867,1
NEWS_01868,4
NEWS_01869,3
NEWS_01870,5
NEWS_01871,4
NEWS_01872,2
NEWS_01873,4
NEWS_01874,1
NEWS_01875,3
NEWS_01876,2
NEWS_01877,5
NEWS_01878,2
NEWS_01879,2
NEWS_01880,2
NEWS_01881,5
NEWS_01882,3
NEWS_01883,4
NEWS_01884,5
NEWS_01885,3
NEWS_01886,4
NEWS_01887,5
NEWS_01888,2
NEWS_01889,4
NEWS_01890,2
NEWS_01891,4
NEWS_01892,2
NEWS_01893,3
NEWS_01894,3
NEWS_01895,3
NEWS_01896,2
NEWS_01897,4
NEWS_01898,3
NEWS_01899,0
NEWS_01900,1
NEWS_01901,1
NEWS_01902,4
NEWS_01903,3
NEWS_01904,3
NEWS_01905,1
NEWS_01906,4
NEWS_01907,5
NEWS_01908,2
NEWS_01909,2
NEWS_01910,1
NEWS_01911,5
NEWS_01912,3
NEWS_01913,5
NEWS_01914,1
NEWS_01915,5
NEWS_01916,0
NEWS_01917,5
NEWS_01918,1
NEWS_01919,3
NEWS_01920,1
NEWS_01921,5
NEWS_01922,3
NEWS_01923,2
NEWS_01924,3
NEWS_01925,1
NEWS_01926,3
NEWS_01927,5
NEWS_01928,3
NEWS_01929,4
NEWS_01930,0
NEWS_01931,2
NEWS_01932,4
NEWS_01933,4
NEWS_01934,1
NEWS_01935,3
NEWS_01936,2
NEWS_01937,2
NEWS_01938,3
NEWS_01939,0
NEWS_01940,3
NEWS_01941,4
NEWS_01942,3
NEWS_01943,1
NEWS_01944,0
NEWS_01945,2
NEWS_01946,4
NEWS_01947,2
NEWS_01948,3
NEWS_01949,4
NEWS_01950,1
NEWS_01951,0
NEWS_01952,4
NEWS_01953,5
NEWS_01954,3
NEWS_01955,5
NEWS_01956,5
NEWS_01957,3
NEWS_01958,1
NEWS_01959,2
NEWS_01960,4
NEWS_01961,4
NEWS_01962,3
NEWS_01963,2
NEWS_01964,2
NEWS_01965,5
NEWS_01966,3
NEWS_01967,1
NEWS_01968,3
NEWS_01969,4
NEWS_01970,1
NEWS_01971,3
NEWS_01972,2
NEWS_01973,3
NEWS_01974,4
NEWS_01975,3
NEWS_01976,3
NEWS_01977,4
NEWS_01978,3
NEWS_01979,3
NEWS_01980,5
NEWS_01981,4
NEWS_01982,5
NEWS_01983,3
NEWS_01984,2
NEWS_01985,3
NEWS_01986,4
NEWS_01987,4
NEWS_01988,3
NEWS_01989,0
NEWS_01990,5
NEWS_01991,5
NEWS_01992,1
NEWS_01993,2
NEWS_01994,1
NEWS_01995,5
NEWS_01996,3
NEWS_01997,1
NEWS_01998,3
NEWS_01999,3
NEWS_02000,5
NEWS_02001,1
NEWS_02002,3
NEWS_02003,1
NEWS_02004,5
NEWS_02005,3
NEWS_02006,5
NEWS_02007,5
NEWS_02008,5
NEWS_02009,4
NEWS_02010,1
NEWS_02011,4
NEWS_02012,1
NEWS_02013,5
NEWS_02014,1
NEWS_02015,5
NEWS_02016,1
NEWS_02017,4
NEWS_02018,3
NEWS_02019,4
NEWS_02020,3
NEWS_02021,3
NEWS_02022,3
NEWS_02023,4
NEWS_02024,2
NEWS_02025,1
NEWS_02026,5
NEWS_02027,3
NEWS_02028,4
NEWS_02029,2
NEWS_02030,1
NEWS_02031,3
NEWS_02032,4
NEWS_02033,2
NEWS_02034,3
NEWS_02035,1
NEWS_02036,4
NEWS_02037,5
NEWS_02038,5
NEWS_02039,1
NEWS_02040,3
NEWS_02041,4
NEWS_02042,4
NEWS_02043,1
NEWS_02044,4
NEWS_02045,5
NEWS_02046,0
NEWS_02047,5
NEWS_02048,1
NEWS_02049,1
NEWS_02050,2
NEWS_02051,1
NEWS_02052,4
NEWS_02053,4
NEWS_02054,4
NEWS_02055,1
NEWS_02056,4
NEWS_02057,2
NEWS_02058,4
NEWS_02059,4
NEWS_02060,4
NEWS_02061,4
NEWS_02062,4
NEWS_02063,4
NEWS_02064,1
NEWS_02065,4
NEWS_02066,3
NEWS_02067,2
NEWS_02068,4
NEWS_02069,4
NEWS_02070,4
NEWS_02071,5
NEWS_02072,0
NEWS_02073,1
NEWS_02074,5
NEWS_02075,5
NEWS_02076,0
NEWS_02077,3
NEWS_02078,5
NEWS_02079,3
NEWS_02080,5
NEWS_02081,2
NEWS_02082,0
NEWS_02083,4
NEWS_02084,3
NEWS_02085,1
NEWS_02086,0
NEWS_02087,4
NEWS_02088,1
NEWS_02089,4
NEWS_02090,5
NEWS_02091,2
NEWS_02092,3
NEWS_02093,3
NEWS_02094,4
NEWS_02095,3
NEWS_02096,1
NEWS_02097,1
NEWS_02098,4
NEWS_02099,4
NEWS_02100,3
NEWS_02101,3
NEWS_02102,1
NEWS_02103,1
NEWS_02104,4
NEWS_02105,5
NEWS_02106,4
NEWS_02107,0
NEWS_02108,5
NEWS_02109,0
NEWS_02110,1
NEWS_02111,5
NEWS_02112,2
NEWS_02113,1
NEWS_02114,2
NEWS_02115,1
NEWS_02116,5
NEWS_02117,3
NEWS_02118,1
NEWS_02119,4
NEWS_02120,5
NEWS_02121,5
NEWS_02122,4
NEWS_02123,3
NEWS_02124,4
NEWS_02125,2
NEWS_02126,3
NEWS_02127,5
NEWS_02128,3
NEWS_02129,1
NEWS_02130,4
NEWS_02131,2
NEWS_02132,4
NEWS_02133,1
NEWS_02134,1
NEWS_02135,2
NEWS_02136,2
NEWS_02137,2
NEWS_02138,1
NEWS_02139,1
NEWS_02140,2
NEWS_02141,1
NEWS_02142,5
NEWS_02143,4
NEWS_02144,4
NEWS_02145,1
NEWS_02146,4
NEWS_02147,4
NEWS_02148,2
NEWS_02149,1
NEWS_02150,4
NEWS_02151,4
NEWS_02152,1
NEWS_02153,1
NEWS_02154,1
NEWS_02155,2
NEWS_02156,0
NEWS_02157,1
NEWS_02158,1
NEWS_02159,3
NEWS_02160,2
NEWS_02161,4
NEWS_02162,5
NEWS_02163,4
NEWS_02164,5
NEWS_02165,1
NEWS_02166,3
NEWS_02167,4
NEWS_02168,1
NEWS_02169,4
NEWS_02170,4
NEWS_02171,1
NEWS_02172,3
NEWS_02173,3
NEWS_02174,3
NEWS_02175,2
NEWS_02176,4
NEWS_02177,1
NEWS_02178,2
NEWS_02179,3
NEWS_02180,4
NEWS_02181,3
NEWS_02182,4
NEWS_02183,3
NEWS_02184,3
NEWS_02185,4
NEWS_02186,2
NEWS_02187,4
NEWS_02188,2
NEWS_02189,5
NEWS_02190,2
NEWS_02191,2
NEWS_02192,0
NEWS_02193,1
NEWS_02194,0
NEWS_02195,3
NEWS_02196,1
NEWS_02197,1
NEWS_02198,1
NEWS_02199,4
NEWS_02200,4
NEWS_02201,4
NEWS_02202,5
NEWS_02203,4
NEWS_02204,3
NEWS_02205,2
NEWS_02206,2
NEWS_02207,5
NEWS_02208,5
NEWS_02209,5
NEWS_02210,4
NEWS_02211,1
NEWS_02212,3
NEWS_02213,2
NEWS_02214,4
NEWS_02215,4
NEWS_02216,0
NEWS_02217,1
NEWS_02218,3
NEWS_02219,3
NEWS_02220,1
NEWS_02221,3
NEWS_02222,1
NEWS_02223,1
NEWS_02224,1
NEWS_02225,4
NEWS_02226,3
NEWS_02227,3
NEWS_02228,4
NEWS_02229,0
NEWS_02230,0
NEWS_02231,4
NEWS_02232,4
NEWS_02233,4
NEWS_02234,3
NEWS_02235,5
NEWS_02236,4
NEWS_02237,1
NEWS_02238,3
NEWS_02239,1
NEWS_02240,4
NEWS_02241,1
NEWS_02242,1
NEWS_02243,1
NEWS_02244,0
NEWS_02245,3
NEWS_02246,3
NEWS_02247,3
NEWS_02248,0
NEWS_02249,0
NEWS_02250,4
NEWS_02251,3
NEWS_02252,3
NEWS_02253,4
NEWS_02254,4
NEWS_02255,1
NEWS_02256,1
NEWS_02257,1
NEWS_02258,1
NEWS_02259,1
NEWS_02260,4
NEWS_02261,3
NEWS_02262,4
NEWS_02263,2
NEWS_02264,0
NEWS_02265,2
NEWS_02266,5
NEWS_02267,5
NEWS_02268,3
NEWS_02269,0
NEWS_02270,2
NEWS_02271,3
NEWS_02272,3
NEWS_02273,1
NEWS_02274,0
NEWS_02275,4
NEWS_02276,3
NEWS_02277,4
NEWS_02278,4
NEWS_02279,4
NEWS_02280,5
NEWS_02281,1
NEWS_02282,2
NEWS_02283,0
NEWS_02284,3
NEWS_02285,5
NEWS_02286,4
NEWS_02287,2
NEWS_02288,1
NEWS_02289,2
NEWS_02290,1
NEWS_02291,4
NEWS_02292,0
NEWS_02293,4
NEWS_02294,4
NEWS_02295,4
NEWS_02296,4
NEWS_02297,4
NEWS_02298,5
NEWS_02299,0
NEWS_02300,0
NEWS_02301,5
NEWS_02302,4
NEWS_02303,4
NEWS_02304,4
NEWS_02305,4
NEWS_02306,1
NEWS_02307,1
NEWS_02308,5
NEWS_02309,4
NEWS_02310,5
NEWS_02311,5
NEWS_02312,5
NEWS_02313,1
NEWS_02314,5
NEWS_02315,3
NEWS_02316,4
NEWS_02317,4
NEWS_02318,1
NEWS_02319,3
NEWS_02320,1
NEWS_02321,4
NEWS_02322,1
NEWS_02323,5
NEWS_02324,4
NEWS_02325,5
NEWS_02326,4
NEWS_02327,2
NEWS_02328,4
NEWS_02329,4
NEWS_02330,2
NEWS_02331,4
NEWS_02332,5
NEWS_02333,3
NEWS_02334,5
NEWS_02335,3
NEWS_02336,0
NEWS_02337,1
NEWS_02338,5
NEWS_02339,4
NEWS_02340,4
NEWS_02341,1
NEWS_02342,4
NEWS_02343,2
NEWS_02344,3
NEWS_02345,1
NEWS_02346,2
NEWS_02347,4
NEWS_02348,3
NEWS_02349,2
NEWS_02350,3
NEWS_02351,4
NEWS_02352,1
NEWS_02353,3
NEWS_02354,1
NEWS_02355,4
NEWS_02356,1
NEWS_02357,1
NEWS_02358,3
NEWS_02359,3
NEWS_02360,2
NEWS_02361,4
NEWS_02362,5
NEWS_02363,4
NEWS_02364,1
NEWS_02365,5
NEWS_02366,1
NEWS_02367,4
NEWS_02368,4
NEWS_02369,2
NEWS_02370,4
NEWS_02371,1
NEWS_02372,4
NEWS_02373,1
NEWS_02374,4
NEWS_02375,0
NEWS_02376,4
NEWS_02377,4
NEWS_02378,2
NEWS_02379,2
NEWS_02380,3
NEWS_02381,1
NEWS_02382,0
NEWS_02383,3
NEWS_02384,1
NEWS_02385,4
NEWS_02386,3
NEWS_02387,0
NEWS_02388,3
NEWS_02389,2
NEWS_02390,5
NEWS_02391,4
NEWS_02392,5
NEWS_02393,4
NEWS_02394,2
NEWS_02395,3
NEWS_02396,3
NEWS_02397,1
NEWS_02398,4
NEWS_02399,5
NEWS_02400,4
NEWS_02401,2
NEWS_02402,4
NEWS_02403,3
NEWS_02404,4
NEWS_02405,4
NEWS_02406,5
NEWS_02407,5
NEWS_02408,4
NEWS_02409,4
NEWS_02410,1
NEWS_02411,1
NEWS_02412,5
NEWS_02413,1
NEWS_02414,0
NEWS_02415,2
NEWS_02416,4
NEWS_02417,4
NEWS_02418,4
NEWS_02419,5
NEWS_02420,1
NEWS_02421,5
NEWS_02422,2
NEWS_02423,1
NEWS_02424,3
NEWS_02425,4
NEWS_02426,5
NEWS_02427,2
NEWS_02428,1
NEWS_02429,1
NEWS_02430,3
NEWS_02431,2
NEWS_02432,4
NEWS_02433,2
NEWS_02434,5
NEWS_02435,2
NEWS_02436,1
NEWS_02437,1
NEWS_02438,2
NEWS_02439,2
NEWS_02440,4
NEWS_02441,3
NEWS_02442,4
NEWS_02443,1
NEWS_02444,1
NEWS_02445,3
NEWS_02446,4
NEWS_02447,2
NEWS_02448,4
NEWS_02449,4
NEWS_02450,3
NEWS_02451,2
NEWS_02452,4
NEWS_02453,4
NEWS_02454,2
NEWS_02455,3
NEWS_02456,0
NEWS_02457,4
NEWS_02458,2
NEWS_02459,4
NEWS_02460,1
NEWS_02461,4
NEWS_02462,4
NEWS_02463,2
NEWS_02464,4
NEWS_02465,2
NEWS_02466,3
NEWS_02467,4
NEWS_02468,4
NEWS_02469,4
NEWS_02470,3
NEWS_02471,4
NEWS_02472,3
NEWS_02473,4
NEWS_02474,3
NEWS_02475,5
NEWS_02476,3
NEWS_02477,4
NEWS_02478,1
NEWS_02479,4
NEWS_02480,4
NEWS_02481,3
NEWS_02482,1
NEWS_02483,5
NEWS_02484,4
NEWS_02485,3
NEWS_02486,5
NEWS_02487,1
NEWS_02488,2
NEWS_02489,2
NEWS_02490,3
NEWS_02491,1
NEWS_02492,4
NEWS_02493,4
NEWS_02494,3
NEWS_02495,4
NEWS_02496,4
NEWS_02497,3
NEWS_02498,3
NEWS_02499,1
NEWS_02500,5
NEWS_02501,5
NEWS_02502,5
NEWS_02503,4
NEWS_02504,4
NEWS_02505,0
NEWS_02506,1
NEWS_02507,5
NEWS_02508,5
NEWS_02509,4
NEWS_02510,1
NEWS_02511,2
NEWS_02512,2
NEWS_02513,1
NEWS_02514,5
NEWS_02515,0
NEWS_02516,2
NEWS_02517,4
NEWS_02518,3
NEWS_02519,1
NEWS_02520,4
NEWS_02521,2
NEWS_02522,4
NEWS_02523,1
NEWS_02524,5
NEWS_02525,1
NEWS_02526,4
NEWS_02527,5
NEWS_02528,5
NEWS_02529,4
NEWS_02530,5
NEWS_02531,4
NEWS_02532,1
NEWS_02533,1
NEWS_02534,3
NEWS_02535,4
NEWS_02536,4
NEWS_02537,5
NEWS_02538,1
NEWS_02539,3
NEWS_02540,2
NEWS_02541,2
NEWS_02542,5
NEWS_02543,1
NEWS_02544,4
NEWS_02545,1
NEWS_02546,1
NEWS_02547,1
NEWS_02548,5
NEWS_02549,5
NEWS_02550,5
NEWS_02551,2
NEWS_02552,1
NEWS_02553,3
NEWS_02554,1
NEWS_02555,3
NEWS_02556,4
NEWS_02557,3
NEWS_02558,3
NEWS_02559,4
NEWS_02560,2
NEWS_02561,4
NEWS_02562,5
NEWS_02563,5
NEWS_02564,3
NEWS_02565,4
NEWS_02566,1
NEWS_02567,1
NEWS_02568,1
NEWS_02569,1
NEWS_02570,3
NEWS_02571,3
NEWS_02572,4
NEWS_02573,5
NEWS_02574,1
NEWS_02575,1
NEWS_02576,4
NEWS_02577,1
NEWS_02578,5
NEWS_02579,4
NEWS_02580,1
NEWS_02581,4
NEWS_02582,3
NEWS_02583,4
NEWS_02584,2
NEWS_02585,4
NEWS_02586,0
NEWS_02587,2
NEWS_02588,1
NEWS_02589,2
NEWS_02590,3
NEWS_02591,4
NEWS_02592,4
NEWS_02593,1
NEWS_02594,3
NEWS_02595,2
NEWS_02596,4
NEWS_02597,3
NEWS_02598,1
NEWS_02599,5
NEWS_02600,5
NEWS_02601,3
NEWS_02602,4
NEWS_02603,1
NEWS_02604,2
NEWS_02605,2
NEWS_02606,5
NEWS_02607,4
NEWS_02608,4
NEWS_02609,5
NEWS_02610,1
NEWS_02611,1
NEWS_02612,4
NEWS_02613,3
NEWS_02614,1
NEWS_02615,2
NEWS_02616,1
NEWS_02617,2
NEWS_02618,5
NEWS_02619,1
NEWS_02620,4
NEWS_02621,1
NEWS_02622,5
NEWS_02623,1
NEWS_02624,1
NEWS_02625,4
NEWS_02626,4
NEWS_02627,4
NEWS_02628,3
NEWS_02629,2
NEWS_02630,4
NEWS_02631,2
NEWS_02632,5
NEWS_02633,1
NEWS_02634,3
NEWS_02635,3
NEWS_02636,1
NEWS_02637,4
NEWS_02638,1
NEWS_02639,4
NEWS_02640,5
NEWS_02641,4
NEWS_02642,1
NEWS_02643,3
NEWS_02644,1
NEWS_02645,5
NEWS_02646,4
NEWS_02647,0
NEWS_02648,1
NEWS_02649,5
NEWS_02650,1
NEWS_02651,4
NEWS_02652,2
NEWS_02653,1
NEWS_02654,2
NEWS_02655,3
NEWS_02656,3
NEWS_02657,1
NEWS_02658,3
NEWS_02659,4
NEWS_02660,2
NEWS_02661,4
NEWS_02662,1
NEWS_02663,2
NEWS_02664,2
NEWS_02665,4
NEWS_02666,0
NEWS_02667,4
NEWS_02668,3
NEWS_02669,1
NEWS_02670,5
NEWS_02671,4
NEWS_02672,3
NEWS_02673,4
NEWS_02674,1
NEWS_02675,5
NEWS_02676,1
NEWS_02677,2
NEWS_02678,4
NEWS_02679,4
NEWS_02680,2
NEWS_02681,1
NEWS_02682,4
NEWS_02683,5
NEWS_02684,1
NEWS_02685,5
NEWS_02686,4
NEWS_02687,5
NEWS_02688,4
NEWS_02689,4
NEWS_02690,3
NEWS_02691,1
NEWS_02692,4
NEWS_02693,5
NEWS_02694,2
NEWS_02695,4
NEWS_02696,3
NEWS_02697,5
NEWS_02698,4
NEWS_02699,2
NEWS_02700,3
NEWS_02701,2
NEWS_02702,1
NEWS_02703,1
NEWS_02704,3
NEWS_02705,1
NEWS_02706,5
NEWS_02707,3
NEWS_02708,1
NEWS_02709,4
NEWS_02710,3
NEWS_02711,5
NEWS_02712,5
NEWS_02713,4
NEWS_02714,4
NEWS_02715,4
NEWS_02716,4
NEWS_02717,4
NEWS_02718,5
NEWS_02719,1
NEWS_02720,5
NEWS_02721,5
NEWS_02722,2
NEWS_02723,2
NEWS_02724,5
NEWS_02725,5
NEWS_02726,3
NEWS_02727,2
NEWS_02728,1
NEWS_02729,1
NEWS_02730,2
NEWS_02731,4
NEWS_02732,4
NEWS_02733,3
NEWS_02734,5
NEWS_02735,2
NEWS_02736,2
NEWS_02737,3
NEWS_02738,2
NEWS_02739,4
NEWS_02740,4
NEWS_02741,3
NEWS_02742,4
NEWS_02743,3
NEWS_02744,1
NEWS_02745,4
NEWS_02746,1
NEWS_02747,4
NEWS_02748,1
NEWS_02749,4
NEWS_02750,4
NEWS_02751,4
NEWS_02752,1
NEWS_02753,5
NEWS_02754,2
NEWS_02755,1
NEWS_02756,1
NEWS_02757,3
NEWS_02758,5
NEWS_02759,1
NEWS_02760,1
NEWS_02761,0
NEWS_02762,3
NEWS_02763,3
NEWS_02764,2
NEWS_02765,4
NEWS_02766,3
NEWS_02767,1
NEWS_02768,2
NEWS_02769,5
NEWS_02770,1
NEWS_02771,3
NEWS_02772,3
NEWS_02773,1
NEWS_02774,5
NEWS_02775,4
NEWS_02776,2
NEWS_02777,2
NEWS_02778,1
NEWS_02779,4
NEWS_02780,3
NEWS_02781,5
NEWS_02782,2
NEWS_02783,1
NEWS_02784,5
NEWS_02785,2
NEWS_02786,2
NEWS_02787,4
NEWS_02788,4
NEWS_02789,1
NEWS_02790,4
NEWS_02791,2
NEWS_02792,2
NEWS_02793,3
NEWS_02794,0
NEWS_02795,3
NEWS_02796,3
NEWS_02797,4
NEWS_02798,4
NEWS_02799,2
NEWS_02800,1
NEWS_02801,2
NEWS_02802,0
NEWS_02803,1
NEWS_02804,1
NEWS_02805,5
NEWS_02806,1
NEWS_02807,4
NEWS_02808,3
NEWS_02809,3
NEWS_02810,1
NEWS_02811,3
NEWS_02812,2
NEWS_02813,5
NEWS_02814,4
NEWS_02815,3
NEWS_02816,4
NEWS_02817,2
NEWS_02818,4
NEWS_02819,4
NEWS_02820,5
NEWS_02821,4
NEWS_02822,3
NEWS_02823,3
NEWS_02824,1
NEWS_02825,3
NEWS_02826,4
NEWS_02827,1
NEWS_02828,3
NEWS_02829,1
NEWS_02830,0
NEWS_02831,5
NEWS_02832,1
NEWS_02833,2
NEWS_02834,1
NEWS_02835,1
NEWS_02836,4
NEWS_02837,4
NEWS_02838,3
NEWS_02839,1
NEWS_02840,4
NEWS_02841,1
NEWS_02842,4
NEWS_02843,1
NEWS_02844,4
NEWS_02845,3
NEWS_02846,5
NEWS_02847,3
NEWS_02848,3
NEWS_02849,3
NEWS_02850,4
NEWS_02851,3
NEWS_02852,4
NEWS_02853,2
NEWS_02854,4
NEWS_02855,4
NEWS_02856,4
NEWS_02857,2
NEWS_02858,1
NEWS_02859,4
NEWS_02860,3
NEWS_02861,2
NEWS_02862,2
NEWS_02863,1
NEWS_02864,2
NEWS_02865,1
NEWS_02866,1
NEWS_02867,4
NEWS_02868,1
NEWS_02869,2
NEWS_02870,4
NEWS_02871,2
NEWS_02872,3
NEWS_02873,2
NEWS_02874,4
NEWS_02875,4
NEWS_02876,2
NEWS_02877,5
NEWS_02878,3
NEWS_02879,5
NEWS_02880,1
NEWS_02881,4
NEWS_02882,5
NEWS_02883,2
NEWS_02884,1
NEWS_02885,3
NEWS_02886,2
NEWS_02887,1
NEWS_02888,4
NEWS_02889,3
NEWS_02890,4
NEWS_02891,4
NEWS_02892,1
NEWS_02893,3
NEWS_02894,5
NEWS_02895,5
NEWS_02896,2
NEWS_02897,1
NEWS_02898,5
NEWS_02899,1
NEWS_02900,4
NEWS_02901,5
NEWS_02902,3
NEWS_02903,3
NEWS_02904,3
NEWS_02905,1
NEWS_02906,5
NEWS_02907,2
NEWS_02908,4
NEWS_02909,1
NEWS_02910,5
NEWS_02911,2
NEWS_02912,4
NEWS_02913,3
NEWS_02914,4
NEWS_02915,5
NEWS_02916,1
NEWS_02917,4
NEWS_02918,3
NEWS_02919,1
NEWS_02920,1
NEWS_02921,1
NEWS_02922,3
NEWS_02923,1
NEWS_02924,2
NEWS_02925,4
NEWS_02926,4
NEWS_02927,3
NEWS_02928,3
NEWS_02929,2
NEWS_02930,4
NEWS_02931,5
NEWS_02932,4
NEWS_02933,4
NEWS_02934,4
NEWS_02935,5
NEWS_02936,2
NEWS_02937,4
NEWS_02938,2
NEWS_02939,3
NEWS_02940,4
NEWS_02941,2
NEWS_02942,4
NEWS_02943,3
NEWS_02944,4
NEWS_02945,2
NEWS_02946,3
NEWS_02947,5
NEWS_02948,3
NEWS_02949,1
NEWS_02950,5
NEWS_02951,3
NEWS_02952,2
NEWS_02953,1
NEWS_02954,2
NEWS_02955,3
NEWS_02956,4
NEWS_02957,4
NEWS_02958,1
NEWS_02959,5
NEWS_02960,3
NEWS_02961,4
NEWS_02962,4
NEWS_02963,4
NEWS_02964,3
NEWS_02965,4
NEWS_02966,4
NEWS_02967,5
NEWS_02968,2
NEWS_02969,3
NEWS_02970,5
NEWS_02971,4
NEWS_02972,3
NEWS_02973,3
NEWS_02974,3
NEWS_02975,1
NEWS_02976,3
NEWS_02977,3
NEWS_02978,3
NEWS_02979,4
NEWS_02980,3
NEWS_02981,5
NEWS_02982,3
NEWS_02983,2
NEWS_02984,3
NEWS_02985,5
NEWS_02986,4
NEWS_02987,4
NEWS_02988,4
NEWS_02989,4
NEWS_02990,4
NEWS_02991,5
NEWS_02992,2
NEWS_02993,5
NEWS_02994,4
NEWS_02995,4
NEWS_02996,5
NEWS_02997,1
NEWS_02998,1
NEWS_02999,0
NEWS_03000,3
NEWS_03001,2
NEWS_03002,2
NEWS_03003,0
NEWS_03004,0
NEWS_03005,5
NEWS_03006,4
NEWS_03007,1
NEWS_03008,2
NEWS_03009,5
NEWS_03010,4
NEWS_03011,4
NEWS_03012,5
NEWS_03013,4
NEWS_03014,1
NEWS_03015,2
NEWS_03016,1
NEWS_03017,4
NEWS_03018,4
NEWS_03019,0
NEWS_03020,1
NEWS_03021,2
NEWS_03022,3
NEWS_03023,3
NEWS_03024,4
NEWS_03025,4
NEWS_03026,1
NEWS_03027,3
NEWS_03028,4
NEWS_03029,2
NEWS_03030,3
NEWS_03031,4
NEWS_03032,3
NEWS_03033,2
NEWS_03034,4
NEWS_03035,2
NEWS_03036,4
NEWS_03037,4
NEWS_03038,2
NEWS_03039,3
NEWS_03040,0
NEWS_03041,2
NEWS_03042,4
NEWS_03043,1
NEWS_03044,5
NEWS_03045,1
NEWS_03046,2
NEWS_03047,3
NEWS_03048,5
NEWS_03049,4
NEWS_03050,4
NEWS_03051,2
NEWS_03052,0
NEWS_03053,3
NEWS_03054,2
NEWS_03055,5
NEWS_03056,3
NEWS_03057,4
NEWS_03058,4
NEWS_03059,0
NEWS_03060,4
NEWS_03061,2
NEWS_03062,1
NEWS_03063,5
NEWS_03064,5
NEWS_03065,4
NEWS_03066,4
NEWS_03067,3
NEWS_03068,4
NEWS_03069,1
NEWS_03070,4
NEWS_03071,5
NEWS_03072,5
NEWS_03073,2
NEWS_03074,4
NEWS_03075,3
NEWS_03076,5
NEWS_03077,3
NEWS_03078,2
NEWS_03079,4
NEWS_03080,4
NEWS_03081,1
NEWS_03082,3
NEWS_03083,4
NEWS_03084,4
NEWS_03085,5
NEWS_03086,5
NEWS_03087,3
NEWS_03088,1
NEWS_03089,4
NEWS_03090,5
NEWS_03091,4
NEWS_03092,4
NEWS_03093,5
NEWS_03094,4
NEWS_03095,4
NEWS_03096,1
NEWS_03097,1
NEWS_03098,1
NEWS_03099,3
NEWS_03100,5
NEWS_03101,3
NEWS_03102,1
NEWS_03103,2
NEWS_03104,3
NEWS_03105,3
NEWS_03106,3
NEWS_03107,4
NEWS_03108,5
NEWS_03109,4
NEWS_03110,1
NEWS_03111,1
NEWS_03112,5
NEWS_03113,4
NEWS_03114,5
NEWS_03115,3
NEWS_03116,4
NEWS_03117,4
NEWS_03118,4
NEWS_03119,4
NEWS_03120,4
NEWS_03121,3
NEWS_03122,5
NEWS_03123,0
NEWS_03124,5
NEWS_03125,5
NEWS_03126,5
NEWS_03127,2
NEWS_03128,3
NEWS_03129,1
NEWS_03130,1
NEWS_03131,4
NEWS_03132,4
NEWS_03133,3
NEWS_03134,3
NEWS_03135,0
NEWS_03136,2
NEWS_03137,5
NEWS_03138,3
NEWS_03139,1
NEWS_03140,2
NEWS_03141,1
NEWS_03142,2
NEWS_03143,4
NEWS_03144,4
NEWS_03145,0
NEWS_03146,4
NEWS_03147,2
NEWS_03148,1
NEWS_03149,3
NEWS_03150,4
NEWS_03151,3
NEWS_03152,3
NEWS_03153,0
NEWS_03154,5
NEWS_03155,3
NEWS_03156,2
NEWS_03157,5
NEWS_03158,3
NEWS_03159,4
NEWS_03160,4
NEWS_03161,1
NEWS_03162,2
NEWS_03163,3
NEWS_03164,2
NEWS_03165,4
NEWS_03166,4
NEWS_03167,4
NEWS_03168,1
NEWS_03169,4
NEWS_03170,2
NEWS_03171,5
NEWS_03172,2
NEWS_03173,0
NEWS_03174,4
NEWS_03175,5
NEWS_03176,4
NEWS_03177,3
NEWS_03178,1
NEWS_03179,2
NEWS_03180,5
NEWS_03181,3
NEWS_03182,3
NEWS_03183,4
NEWS_03184,3
NEWS_03185,4
NEWS_03186,2
NEWS_03187,1
NEWS_03188,4
NEWS_03189,4
NEWS_03190,0
NEWS_03191,5
NEWS_03192,3
NEWS_03193,4
NEWS_03194,1
NEWS_03195,5
NEWS_03196,5
NEWS_03197,4
NEWS_03198,4
NEWS_03199,0
NEWS_03200,2
NEWS_03201,0
NEWS_03202,4
NEWS_03203,4
NEWS_03204,5
NEWS_03205,3
NEWS_03206,4
NEWS_03207,1
NEWS_03208,3
NEWS_03209,3
NEWS_03210,3
NEWS_03211,3
NEWS_03212,5
NEWS_03213,1
NEWS_03214,4
NEWS_03215,3
NEWS_03216,4
NEWS_03217,3
NEWS_03218,5
NEWS_03219,4
NEWS_03220,2
NEWS_03221,4
NEWS_03222,2
NEWS_03223,5
NEWS_03224,4
NEWS_03225,5
NEWS_03226,5
NEWS_03227,4
NEWS_03228,3
NEWS_03229,1
NEWS_03230,2
NEWS_03231,4
NEWS_03232,4
NEWS_03233,1
NEWS_03234,2
NEWS_03235,4
NEWS_03236,4
NEWS_03237,4
NEWS_03238,1
NEWS_03239,4
NEWS_03240,1
NEWS_03241,1
NEWS_03242,3
NEWS_03243,5
NEWS_03244,3
NEWS_03245,4
NEWS_03246,4
NEWS_03247,1
NEWS_03248,2
NEWS_03249,5
NEWS_03250,5
NEWS_03251,2
NEWS_03252,4
NEWS_03253,1
NEWS_03254,2
NEWS_03255,3
NEWS_03256,5
NEWS_03257,3
NEWS_03258,4
NEWS_03259,4
NEWS_03260,2
NEWS_03261,1
NEWS_03262,3
NEWS_03263,1
NEWS_03264,4
NEWS_03265,3
NEWS_03266,1
NEWS_03267,4
NEWS_03268,0
NEWS_03269,2
NEWS_03270,2
NEWS_03271,3
NEWS_03272,4
NEWS_03273,1
NEWS_03274,3
NEWS_03275,3
NEWS_03276,1
NEWS_03277,1
NEWS_03278,3
NEWS_03279,3
NEWS_03280,2
NEWS_03281,3
NEWS_03282,4
NEWS_03283,0
NEWS_03284,1
NEWS_03285,4
NEWS_03286,5
NEWS_03287,1
NEWS_03288,1
NEWS_03289,4
NEWS_03290,4
NEWS_03291,4
NEWS_03292,4
NEWS_03293,4
NEWS_03294,1
NEWS_03295,3
NEWS_03296,3
NEWS_03297,3
NEWS_03298,4
NEWS_03299,5
NEWS_03300,1
NEWS_03301,4
NEWS_03302,1
NEWS_03303,1
NEWS_03304,4
NEWS_03305,3
NEWS_03306,5
NEWS_03307,3
NEWS_03308,5
NEWS_03309,4
NEWS_03310,4
NEWS_03311,4
NEWS_03312,3
NEWS_03313,3
NEWS_03314,2
NEWS_03315,1
NEWS_03316,1
NEWS_03317,4
NEWS_03318,4
NEWS_03319,4
NEWS_03320,0
NEWS_03321,4
NEWS_03322,1
NEWS_03323,2
NEWS_03324,2
NEWS_03325,3
NEWS_03326,1
NEWS_03327,4
NEWS_03328,4
NEWS_03329,3
NEWS_03330,1
NEWS_03331,4
NEWS_03332,4
NEWS_03333,2
NEWS_03334,4
NEWS_03335,3
NEWS_03336,2
NEWS_03337,1
NEWS_03338,2
NEWS_03339,4
NEWS_03340,1
NEWS_03341,4
NEWS_03342,2
NEWS_03343,3
NEWS_03344,1
NEWS_03345,1
NEWS_03346,2
NEWS_03347,4
NEWS_03348,4
NEWS_03349,3
NEWS_03350,3
NEWS_03351,3
NEWS_03352,3
NEWS_03353,5
NEWS_03354,2
NEWS_03355,5
NEWS_03356,3
NEWS_03357,4
NEWS_03358,1
NEWS_03359,2
NEWS_03360,4
NEWS_03361,1
NEWS_03362,3
NEWS_03363,4
NEWS_03364,2
NEWS_03365,5
NEWS_03366,4
NEWS_03367,0
NEWS_03368,1
NEWS_03369,3
NEWS_03370,4
NEWS_03371,2
NEWS_03372,2
NEWS_03373,3
NEWS_03374,3
NEWS_03375,5
NEWS_03376,3
NEWS_03377,4
NEWS_03378,3
NEWS_03379,3
NEWS_03380,1
NEWS_03381,5
NEWS_03382,4
NEWS_03383,2
NEWS_03384,5
NEWS_03385,4
NEWS_03386,3
NEWS_03387,4
NEWS_03388,4
NEWS_03389,4
NEWS_03390,4
NEWS_03391,0
NEWS_03392,5
NEWS_03393,4
NEWS_03394,4
NEWS_03395,3
NEWS_03396,4
NEWS_03397,2
NEWS_03398,3
NEWS_03399,2
NEWS_03400,5
NEWS_03401,5
NEWS_03402,3
NEWS_03403,3
NEWS_03404,5
NEWS_03405,4
NEWS_03406,4
NEWS_03407,3
NEWS_03408,1
NEWS_03409,4
NEWS_03410,4
NEWS_03411,4
NEWS_03412,2
NEWS_03413,5
NEWS_03414,4
NEWS_03415,4
NEWS_03416,4
NEWS_03417,5
NEWS_03418,1
NEWS_03419,2
NEWS_03420,4
NEWS_03421,2
NEWS_03422,3
NEWS_03423,4
NEWS_03424,3
NEWS_03425,2
NEWS_03426,4
NEWS_03427,4
NEWS_03428,4
NEWS_03429,1
NEWS_03430,3
NEWS_03431,5
NEWS_03432,2
NEWS_03433,3
NEWS_03434,1
NEWS_03435,1
NEWS_03436,5
NEWS_03437,3
NEWS_03438,4
NEWS_03439,1
NEWS_03440,2
NEWS_03441,1
NEWS_03442,2
NEWS_03443,3
NEWS_03444,3
NEWS_03445,4
NEWS_03446,4
NEWS_03447,3
NEWS_03448,1
NEWS_03449,3
NEWS_03450,4
NEWS_03451,5
NEWS_03452,2
NEWS_03453,0
NEWS_03454,1
NEWS_03455,3
NEWS_03456,1
NEWS_03457,1
NEWS_03458,1
NEWS_03459,4
NEWS_03460,3
NEWS_03461,4
NEWS_03462,4
NEWS_03463,4
NEWS_03464,4
NEWS_03465,3
NEWS_03466,4
NEWS_03467,2
NEWS_03468,3
NEWS_03469,2
NEWS_03470,3
NEWS_03471,4
NEWS_03472,2
NEWS_03473,3
NEWS_03474,4
NEWS_03475,4
NEWS_03476,3
NEWS_03477,2
NEWS_03478,4
NEWS_03479,1
NEWS_03480,4
NEWS_03481,3
NEWS_03482,1
NEWS_03483,5
NEWS_03484,1
NEWS_03485,0
NEWS_03486,0
NEWS_03487,5
NEWS_03488,5
NEWS_03489,4
NEWS_03490,4
NEWS_03491,1
NEWS_03492,2
NEWS_03493,3
NEWS_03494,0
NEWS_03495,1
NEWS_03496,5
NEWS_03497,4
NEWS_03498,1
NEWS_03499,1
NEWS_03500,0
NEWS_03501,4
NEWS_03502,4
NEWS_03503,4
NEWS_03504,2
NEWS_03505,4
NEWS_03506,1
NEWS_03507,3
NEWS_03508,1
NEWS_03509,3
NEWS_03510,0
NEWS_03511,4
NEWS_03512,2
NEWS_03513,0
NEWS_03514,3
NEWS_03515,1
NEWS_03516,1
NEWS_03517,4
NEWS_03518,4
NEWS_03519,2
NEWS_03520,3
NEWS_03521,2
NEWS_03522,4
NEWS_03523,3
NEWS_03524,0
NEWS_03525,3
NEWS_03526,0
NEWS_03527,0
NEWS_03528,4
NEWS_03529,1
NEWS_03530,2
NEWS_03531,3
NEWS_03532,1
NEWS_03533,4
NEWS_03534,1
NEWS_03535,1
NEWS_03536,4
NEWS_03537,4
NEWS_03538,3
NEWS_03539,1
NEWS_03540,5
NEWS_03541,5
NEWS_03542,4
NEWS_03543,3
NEWS_03544,4
NEWS_03545,3
NEWS_03546,1
NEWS_03547,4
NEWS_03548,1
NEWS_03549,5
NEWS_03550,0
NEWS_03551,3
NEWS_03552,1
NEWS_03553,0
NEWS_03554,4
NEWS_03555,4
NEWS_03556,4
NEWS_03557,1
NEWS_03558,2
NEWS_03559,4
NEWS_03560,4
NEWS_03561,4
NEWS_03562,5
NEWS_03563,3
NEWS_03564,3
NEWS_03565,1
NEWS_03566,3
NEWS_03567,2
NEWS_03568,1
NEWS_03569,3
NEWS_03570,4
NEWS_03571,2
NEWS_03572,3
NEWS_03573,4
NEWS_03574,2
NEWS_03575,1
NEWS_03576,4
NEWS_03577,5
NEWS_03578,4
NEWS_03579,5
NEWS_03580,3
NEWS_03581,3
NEWS_03582,4
NEWS_03583,3
NEWS_03584,2
NEWS_03585,2
NEWS_03586,3
NEWS_03587,2
NEWS_03588,1
NEWS_03589,3
NEWS_03590,0
NEWS_03591,1
NEWS_03592,2
NEWS_03593,4
NEWS_03594,4
NEWS_03595,4
NEWS_03596,3
NEWS_03597,4
NEWS_03598,4
NEWS_03599,4
NEWS_03600,5
NEWS_03601,5
NEWS_03602,0
NEWS_03603,2
NEWS_03604,2
NEWS_03605,2
NEWS_03606,3
NEWS_03607,1
NEWS_03608,3
NEWS_03609,5
NEWS_03610,4
NEWS_03611,3
NEWS_03612,2
NEWS_03613,4
NEWS_03614,3
NEWS_03615,4
NEWS_03616,3
NEWS_03617,5
NEWS_03618,3
NEWS_03619,1
NEWS_03620,4
NEWS_03621,4
NEWS_03622,3
NEWS_03623,3
NEWS_03624,4
NEWS_03625,4
NEWS_03626,4
NEWS_03627,1
NEWS_03628,4
NEWS_03629,4
NEWS_03630,3
NEWS_03631,4
NEWS_03632,4
NEWS_03633,5
NEWS_03634,4
NEWS_03635,4
NEWS_03636,4
NEWS_03637,5
NEWS_03638,5
NEWS_03639,4
NEWS_03640,4
NEWS_03641,4
NEWS_03642,4
NEWS_03643,5
NEWS_03644,5
NEWS_03645,5
NEWS_03646,4
NEWS_03647,5
NEWS_03648,4
NEWS_03649,1
NEWS_03650,5
NEWS_03651,4
NEWS_03652,5
NEWS_03653,5
NEWS_03654,1
NEWS_03655,4
NEWS_03656,0
NEWS_03657,2
NEWS_03658,3
NEWS_03659,3
NEWS_03660,4
NEWS_03661,4
NEWS_03662,1
NEWS_03663,1
NEWS_03664,2
NEWS_03665,4
NEWS_03666,5
NEWS_03667,3
NEWS_03668,4
NEWS_03669,3
NEWS_03670,3
NEWS_03671,4
NEWS_03672,5
NEWS_03673,1
NEWS_03674,2
NEWS_03675,0
NEWS_03676,1
NEWS_03677,5
NEWS_03678,2
NEWS_03679,1
NEWS_03680,2
NEWS_03681,4
NEWS_03682,4
NEWS_03683,1
NEWS_03684,4
NEWS_03685,5
NEWS_03686,1
NEWS_03687,4
NEWS_03688,2
NEWS_03689,1
NEWS_03690,2
NEWS_03691,0
NEWS_03692,3
NEWS_03693,2
NEWS_03694,2
NEWS_03695,4
NEWS_03696,4
NEWS_03697,4
NEWS_03698,4
NEWS_03699,4
NEWS_03700,1
NEWS_03701,3
NEWS_03702,5
NEWS_03703,1
NEWS_03704,5
NEWS_03705,3
NEWS_03706,3
NEWS_03707,4
NEWS_03708,3
NEWS_03709,1
NEWS_03710,1
NEWS_03711,1
NEWS_03712,1
NEWS_03713,1
NEWS_03714,4
NEWS_03715,4
NEWS_03716,2
NEWS_03717,2
NEWS_03718,4
NEWS_03719,3
NEWS_03720,4
NEWS_03721,4
NEWS_03722,3
NEWS_03723,3
NEWS_03724,4
NEWS_03725,1
NEWS_03726,4
NEWS_03727,1
NEWS_03728,0
NEWS_03729,1
NEWS_03730,3
NEWS_03731,2
NEWS_03732,1
NEWS_03733,1
NEWS_03734,4
NEWS_03735,1
NEWS_03736,5
NEWS_03737,3
NEWS_03738,3
NEWS_03739,4
NEWS_03740,3
NEWS_03741,4
NEWS_03742,3
NEWS_03743,3
NEWS_03744,4
NEWS_03745,1
NEWS_03746,3
NEWS_03747,3
NEWS_03748,1
NEWS_03749,3
NEWS_03750,0
NEWS_03751,4
NEWS_03752,5
NEWS_03753,4
NEWS_03754,2
NEWS_03755,1
NEWS_03756,5
NEWS_03757,3
NEWS_03758,3
NEWS_03759,1
NEWS_03760,2
NEWS_03761,2
NEWS_03762,2
NEWS_03763,5
NEWS_03764,3
NEWS_03765,4
NEWS_03766,3
NEWS_03767,1
NEWS_03768,3
NEWS_03769,2
NEWS_03770,2
NEWS_03771,0
NEWS_03772,3
NEWS_03773,4
NEWS_03774,3
NEWS_03775,3
NEWS_03776,3
NEWS_03777,4
NEWS_03778,2
NEWS_03779,1
NEWS_03780,4
NEWS_03781,2
NEWS_03782,5
NEWS_03783,5
NEWS_03784,0
NEWS_03785,3
NEWS_03786,4
NEWS_03787,1
NEWS_03788,2
NEWS_03789,3
NEWS_03790,4
NEWS_03791,5
NEWS_03792,3
NEWS_03793,4
NEWS_03794,2
NEWS_03795,4
NEWS_03796,0
NEWS_03797,4
NEWS_03798,3
NEWS_03799,2
NEWS_03800,1
NEWS_03801,4
NEWS_03802,4
NEWS_03803,4
NEWS_03804,3
NEWS_03805,4
NEWS_03806,1
NEWS_03807,5
NEWS_03808,4
NEWS_03809,3
NEWS_03810,5
NEWS_03811,5
NEWS_03812,0
NEWS_03813,3
NEWS_03814,5
NEWS_03815,4
NEWS_03816,1
NEWS_03817,3
NEWS_03818,2
NEWS_03819,3
NEWS_03820,5
NEWS_03821,2
NEWS_03822,1
NEWS_03823,4
NEWS_03824,2
NEWS_03825,5
NEWS_03826,0
NEWS_03827,4
NEWS_03828,4
NEWS_03829,5
NEWS_03830,3
NEWS_03831,5
NEWS_03832,3
NEWS_03833,4
NEWS_03834,4
NEWS_03835,4
NEWS_03836,5
NEWS_03837,4
NEWS_03838,4
NEWS_03839,1
NEWS_03840,1
NEWS_03841,0
NEWS_03842,1
NEWS_03843,5
NEWS_03844,3
NEWS_03845,4
NEWS_03846,4
NEWS_03847,4
NEWS_03848,1
NEWS_03849,3
NEWS_03850,1
NEWS_03851,5
NEWS_03852,5
NEWS_03853,3
NEWS_03854,4
NEWS_03855,1
NEWS_03856,2
NEWS_03857,1
NEWS_03858,2
NEWS_03859,3
NEWS_03860,5
NEWS_03861,1
NEWS_03862,4
NEWS_03863,3
NEWS_03864,2
NEWS_03865,1
NEWS_03866,4
NEWS_03867,1
NEWS_03868,3
NEWS_03869,5
NEWS_03870,1
NEWS_03871,2
NEWS_03872,1
NEWS_03873,5
NEWS_03874,4
NEWS_03875,3
NEWS_03876,2
NEWS_03877,4
NEWS_03878,3
NEWS_03879,0
NEWS_03880,4
NEWS_03881,4
NEWS_03882,5
NEWS_03883,5
NEWS_03884,1
NEWS_03885,3
NEWS_03886,1
NEWS_03887,4
NEWS_03888,5
NEWS_03889,1
NEWS_03890,1
NEWS_03891,4
NEWS_03892,3
NEWS_03893,5
NEWS_03894,4
NEWS_03895,2
NEWS_03896,3
NEWS_03897,4
NEWS_03898,2
NEWS_03899,3
NEWS_03900,1
NEWS_03901,3
NEWS_03902,2
NEWS_03903,4
NEWS_03904,5
NEWS_03905,4
NEWS_03906,2
NEWS_03907,3
NEWS_03908,4
NEWS_03909,2
NEWS_03910,2
NEWS_03911,2
NEWS_03912,2
NEWS_03913,3
NEWS_03914,4
NEWS_03915,1
NEWS_03916,2
NEWS_03917,2
NEWS_03918,2
NEWS_03919,4
NEWS_03920,1
NEWS_03921,4
NEWS_03922,1
NEWS_03923,0
NEWS_03924,3
NEWS_03925,1
NEWS_03926,4
NEWS_03927,5
NEWS_03928,1
NEWS_03929,1
NEWS_03930,1
NEWS_03931,1
NEWS_03932,1
NEWS_03933,2
NEWS_03934,4
NEWS_03935,1
NEWS_03936,2
NEWS_03937,2
NEWS_03938,4
NEWS_03939,5
NEWS_03940,2
NEWS_03941,3
NEWS_03942,4
NEWS_03943,1
NEWS_03944,1
NEWS_03945,3
NEWS_03946,2
NEWS_03947,4
NEWS_03948,3
NEWS_03949,0
NEWS_03950,5
NEWS_03951,4
NEWS_03952,2
NEWS_03953,2
NEWS_03954,1
NEWS_03955,1
NEWS_03956,5
NEWS_03957,4
NEWS_03958,1
NEWS_03959,4
NEWS_03960,4
NEWS_03961,4
NEWS_03962,1
NEWS_03963,5
NEWS_03964,2
NEWS_03965,1
NEWS_03966,2
NEWS_03967,5
NEWS_03968,1
NEWS_03969,4
NEWS_03970,1
NEWS_03971,1
NEWS_03972,3
NEWS_03973,3
NEWS_03974,4
NEWS_03975,4
NEWS_03976,3
NEWS_03977,4
NEWS_03978,4
NEWS_03979,3
NEWS_03980,5
NEWS_03981,1
NEWS_03982,3
NEWS_03983,1
NEWS_03984,4
NEWS_03985,2
NEWS_03986,5
NEWS_03987,5
NEWS_03988,2
NEWS_03989,3
NEWS_03990,1
NEWS_03991,3
NEWS_03992,3
NEWS_03993,5
NEWS_03994,5
NEWS_03995,2
NEWS_03996,4
NEWS_03997,4
NEWS_03998,1
NEWS_03999,3
NEWS_04000,4
NEWS_04001,3
NEWS_04002,4
NEWS_04003,5
NEWS_04004,5
NEWS_04005,1
NEWS_04006,4
NEWS_04007,3
NEWS_04008,1
NEWS_04009,1
NEWS_04010,1
NEWS_04011,3
NEWS_04012,3
NEWS_04013,3
NEWS_04014,4
NEWS_04015,1
NEWS_04016,3
NEWS_04017,4
NEWS_04018,3
NEWS_04019,1
NEWS_04020,4
NEWS_04021,5
NEWS_04022,1
NEWS_04023,5
NEWS_04024,4
NEWS_04025,2
NEWS_04026,5
NEWS_04027,4
NEWS_04028,2
NEWS_04029,4
NEWS_04030,1
NEWS_04031,4
NEWS_04032,3
NEWS_04033,5
NEWS_04034,2
NEWS_04035,5
NEWS_04036,3
NEWS_04037,2
NEWS_04038,5
NEWS_04039,4
NEWS_04040,4
NEWS_04041,1
NEWS_04042,3
NEWS_04043,3
NEWS_04044,0
NEWS_04045,3
NEWS_04046,4
NEWS_04047,4
NEWS_04048,2
NEWS_04049,3
NEWS_04050,4
NEWS_04051,4
NEWS_04052,4
NEWS_04053,4
NEWS_04054,3
NEWS_04055,2
NEWS_04056,4
NEWS_04057,1
NEWS_04058,4
NEWS_04059,3
NEWS_04060,3
NEWS_04061,2
NEWS_04062,1
NEWS_04063,2
NEWS_04064,5
NEWS_04065,2
NEWS_04066,2
NEWS_04067,4
NEWS_04068,3
NEWS_04069,4
NEWS_04070,5
NEWS_04071,2
NEWS_04072,4
NEWS_04073,3
NEWS_04074,4
NEWS_04075,4
NEWS_04076,4
NEWS_04077,2
NEWS_04078,4
NEWS_04079,1
NEWS_04080,2
NEWS_04081,0
NEWS_04082,4
NEWS_04083,3
NEWS_04084,1
NEWS_04085,4
NEWS_04086,1
NEWS_04087,1
NEWS_04088,2
NEWS_04089,2
NEWS_04090,2
NEWS_04091,4
NEWS_04092,2
NEWS_04093,4
NEWS_04094,2
NEWS_04095,4
NEWS_04096,3
NEWS_04097,4
NEWS_04098,3
NEWS_04099,4
NEWS_04100,2
NEWS_04101,4
NEWS_04102,3
NEWS_04103,1
NEWS_04104,5
NEWS_04105,3
NEWS_04106,1
NEWS_04107,2
NEWS_04108,1
NEWS_04109,4
NEWS_04110,3
NEWS_04111,4
NEWS_04112,3
NEWS_04113,4
NEWS_04114,4
NEWS_04115,2
NEWS_04116,1
NEWS_04117,4
NEWS_04118,3
NEWS_04119,4
NEWS_04120,1
NEWS_04121,3
NEWS_04122,4
NEWS_04123,5
NEWS_04124,2
NEWS_04125,4
NEWS_04126,4
NEWS_04127,3
NEWS_04128,5
NEWS_04129,4
NEWS_04130,3
NEWS_04131,2
NEWS_04132,1
NEWS_04133,4
NEWS_04134,5
NEWS_04135,5
NEWS_04136,5
NEWS_04137,1
NEWS_04138,5
NEWS_04139,4
NEWS_04140,4
NEWS_04141,3
NEWS_04142,1
NEWS_04143,3
NEWS_04144,4
NEWS_04145,5
NEWS_04146,2
NEWS_04147,3
NEWS_04148,3
NEWS_04149,5
NEWS_04150,5
NEWS_04151,4
NEWS_04152,1
NEWS_04153,3
NEWS_04154,2
NEWS_04155,2
NEWS_04156,4
NEWS_04157,1
NEWS_04158,3
NEWS_04159,4
NEWS_04160,3
NEWS_04161,2
NEWS_04162,5
NEWS_04163,5
NEWS_04164,1
NEWS_04165,2
NEWS_04166,4
NEWS_04167,4
NEWS_04168,0
NEWS_04169,3
NEWS_04170,1
NEWS_04171,2
NEWS_04172,2
NEWS_04173,1
NEWS_04174,3
NEWS_04175,4
NEWS_04176,2
NEWS_04177,4
NEWS_04178,1
NEWS_04179,4
NEWS_04180,4
NEWS_04181,1
NEWS_04182,1
NEWS_04183,1
NEWS_04184,4
NEWS_04185,4
NEWS_04186,2
NEWS_04187,2
NEWS_04188,1
NEWS_04189,2
NEWS_04190,1
NEWS_04191,2
NEWS_04192,1
NEWS_04193,2
NEWS_04194,2
NEWS_04195,1
NEWS_04196,4
NEWS_04197,5
NEWS_04198,2
NEWS_04199,4
NEWS_04200,4
NEWS_04201,1
NEWS_04202,1
NEWS_04203,1
NEWS_04204,2
NEWS_04205,5
NEWS_04206,5
NEWS_04207,3
NEWS_04208,3
NEWS_04209,5
NEWS_04210,1
NEWS_04211,1
NEWS_04212,3
NEWS_04213,2
NEWS_04214,0
NEWS_04215,3
NEWS_04216,1
NEWS_04217,5
NEWS_04218,3
NEWS_04219,4
NEWS_04220,3
NEWS_04221,3
NEWS_04222,4
NEWS_04223,2
NEWS_04224,3
NEWS_04225,5
NEWS_04226,0
NEWS_04227,1
NEWS_04228,3
NEWS_04229,2
NEWS_04230,3
NEWS_04231,4
NEWS_04232,4
NEWS_04233,0
NEWS_04234,5
NEWS_04235,4
NEWS_04236,2
NEWS_04237,5
NEWS_04238,4
NEWS_04239,1
NEWS_04240,1
NEWS_04241,4
NEWS_04242,5
NEWS_04243,3
NEWS_04244,3
NEWS_04245,0
NEWS_04246,1
NEWS_04247,1
NEWS_04248,3
NEWS_04249,5
NEWS_04250,5
NEWS_04251,2
NEWS_04252,4
NEWS_04253,4
NEWS_04254,2
NEWS_04255,0
NEWS_04256,1
NEWS_04257,5
NEWS_04258,3
NEWS_04259,2
NEWS_04260,3
NEWS_04261,2
NEWS_04262,3
NEWS_04263,0
NEWS_04264,2
NEWS_04265,5
NEWS_04266,2
NEWS_04267,4
NEWS_04268,5
NEWS_04269,4
NEWS_04270,1
NEWS_04271,4
NEWS_04272,3
NEWS_04273,5
NEWS_04274,4
NEWS_04275,4
NEWS_04276,0
NEWS_04277,1
NEWS_04278,1
NEWS_04279,4
NEWS_04280,1
NEWS_04281,4
NEWS_04282,5
NEWS_04283,4
NEWS_04284,1
NEWS_04285,5
NEWS_04286,1
NEWS_04287,4
NEWS_04288,0
NEWS_04289,5
NEWS_04290,4
NEWS_04291,4
NEWS_04292,5
NEWS_04293,3
NEWS_04294,2
NEWS_04295,5
NEWS_04296,4
NEWS_04297,4
NEWS_04298,4
NEWS_04299,4
NEWS_04300,0
NEWS_04301,4
NEWS_04302,1
NEWS_04303,4
NEWS_04304,2
NEWS_04305,4
NEWS_04306,4
NEWS_04307,3
NEWS_04308,5
NEWS_04309,5
NEWS_04310,1
NEWS_04311,0
NEWS_04312,1
NEWS_04313,4
NEWS_04314,4
NEWS_04315,2
NEWS_04316,3
NEWS_04317,1
NEWS_04318,2
NEWS_04319,3
NEWS_04320,2
NEWS_04321,2
NEWS_04322,4
NEWS_04323,1
NEWS_04324,2
NEWS_04325,1
NEWS_04326,4
NEWS_04327,4
NEWS_04328,2
NEWS_04329,3
NEWS_04330,1
NEWS_04331,3
NEWS_04332,5
NEWS_04333,1
NEWS_04334,2
NEWS_04335,5
NEWS_04336,1
NEWS_04337,3
NEWS_04338,5
NEWS_04339,0
NEWS_04340,3
NEWS_04341,3
NEWS_04342,3
NEWS_04343,5
NEWS_04344,5
NEWS_04345,3
NEWS_04346,1
NEWS_04347,1
NEWS_04348,5
NEWS_04349,1
NEWS_04350,3
NEWS_04351,1
NEWS_04352,4
NEWS_04353,5
NEWS_04354,1
NEWS_04355,2
NEWS_04356,5
NEWS_04357,3
NEWS_04358,5
NEWS_04359,5
NEWS_04360,3
NEWS_04361,1
NEWS_04362,4
NEWS_04363,1
NEWS_04364,2
NEWS_04365,4
NEWS_04366,1
NEWS_04367,4
NEWS_04368,2
NEWS_04369,4
NEWS_04370,4
NEWS_04371,5
NEWS_04372,3
NEWS_04373,4
NEWS_04374,1
NEWS_04375,3
NEWS_04376,5
NEWS_04377,1
NEWS_04378,3
NEWS_04379,4
NEWS_04380,1
NEWS_04381,3
NEWS_04382,3
NEWS_04383,2
NEWS_04384,2
NEWS_04385,4
NEWS_04386,1
NEWS_04387,3
NEWS_04388,4
NEWS_04389,5
NEWS_04390,4
NEWS_04391,4
NEWS_04392,5
NEWS_04393,3
NEWS_04394,4
NEWS_04395,5
NEWS_04396,3
NEWS_04397,4
NEWS_04398,3
NEWS_04399,1
NEWS_04400,1
NEWS_04401,4
NEWS_04402,1
NEWS_04403,4
NEWS_04404,3
NEWS_04405,3
NEWS_04406,4
NEWS_04407,5
NEWS_04408,2
NEWS_04409,2
NEWS_04410,4
NEWS_04411,3
NEWS_04412,4
NEWS_04413,3
NEWS_04414,3
NEWS_04415,3
NEWS_04416,4
NEWS_04417,4
NEWS_04418,4
NEWS_04419,4
NEWS_04420,4
NEWS_04421,1
NEWS_04422,1
NEWS_04423,4
NEWS_04424,0
NEWS_04425,1
NEWS_04426,5
NEWS_04427,4
NEWS_04428,1
NEWS_04429,5
NEWS_04430,4
NEWS_04431,5
NEWS_04432,3
NEWS_04433,1
NEWS_04434,2
NEWS_04435,4
NEWS_04436,4
NEWS_04437,2
NEWS_04438,5
NEWS_04439,4
NEWS_04440,5
NEWS_04441,4
NEWS_04442,3
NEWS_04443,5
NEWS_04444,4
NEWS_04445,4
NEWS_04446,1
NEWS_04447,2
NEWS_04448,4
NEWS_04449,2
NEWS_04450,3
NEWS_04451,2
NEWS_04452,4
NEWS_04453,4
NEWS_04454,5
NEWS_04455,5
NEWS_04456,2
NEWS_04457,2
NEWS_04458,3
NEWS_04459,2
NEWS_04460,5
NEWS_04461,3
NEWS_04462,4
NEWS_04463,5
NEWS_04464,4
NEWS_04465,2
NEWS_04466,2
NEWS_04467,5
NEWS_04468,3
NEWS_04469,2
NEWS_04470,3
NEWS_04471,1
NEWS_04472,1
NEWS_04473,4
NEWS_04474,0
NEWS_04475,3
NEWS_04476,1
NEWS_04477,1
NEWS_04478,4
NEWS_04479,1
NEWS_04480,1
NEWS_04481,3
NEWS_04482,4
NEWS_04483,4
NEWS_04484,4
NEWS_04485,1
NEWS_04486,1
NEWS_04487,4
NEWS_04488,5
NEWS_04489,1
NEWS_04490,4
NEWS_04491,4
NEWS_04492,4
NEWS_04493,2
NEWS_04494,3
NEWS_04495,4
NEWS_04496,1
NEWS_04497,1
NEWS_04498,4
NEWS_04499,5
NEWS_04500,3
NEWS_04501,3
NEWS_04502,1
NEWS_04503,3
NEWS_04504,2
NEWS_04505,4
NEWS_04506,3
NEWS_04507,2
NEWS_04508,5
NEWS_04509,3
NEWS_04510,5
NEWS_04511,1
NEWS_04512,0
NEWS_04513,4
NEWS_04514,5
NEWS_04515,4
NEWS_04516,0
NEWS_04517,4
NEWS_04518,2
NEWS_04519,4
NEWS_04520,4
NEWS_04521,1
NEWS_04522,3
NEWS_04523,4
NEWS_04524,2
NEWS_04525,1
NEWS_04526,0
NEWS_04527,4
NEWS_04528,4
NEWS_04529,4
NEWS_04530,1
NEWS_04531,1
NEWS_04532,5
NEWS_04533,1
NEWS_04534,1
NEWS_04535,5
NEWS_04536,2
NEWS_04537,3
NEWS_04538,4
NEWS_04539,1
NEWS_04540,3
NEWS_04541,4
NEWS_04542,2
NEWS_04543,4
NEWS_04544,5
NEWS_04545,5
NEWS_04546,4
NEWS_04547,5
NEWS_04548,3
NEWS_04549,2
NEWS_04550,0
NEWS_04551,4
NEWS_04552,2
NEWS_04553,4
NEWS_04554,3
NEWS_04555,4
NEWS_04556,2
NEWS_04557,1
NEWS_04558,0
NEWS_04559,2
NEWS_04560,1
NEWS_04561,0
NEWS_04562,5
NEWS_04563,2
NEWS_04564,4
NEWS_04565,0
NEWS_04566,4
NEWS_04567,1
NEWS_04568,1
NEWS_04569,5
NEWS_04570,4
NEWS_04571,4
NEWS_04572,4
NEWS_04573,0
NEWS_04574,3
NEWS_04575,1
NEWS_04576,4
NEWS_04577,4
NEWS_04578,4
NEWS_04579,1
NEWS_04580,0
NEWS_04581,1
NEWS_04582,5
NEWS_04583,4
NEWS_04584,1
NEWS_04585,1
NEWS_04586,4
NEWS_04587,3
NEWS_04588,4
NEWS_04589,0
NEWS_04590,4
NEWS_04591,2
NEWS_04592,4
NEWS_04593,1
NEWS_04594,0
NEWS_04595,5
NEWS_04596,1
NEWS_04597,4
NEWS_04598,4
NEWS_04599,5
NEWS_04600,1
NEWS_04601,3
NEWS_04602,2
NEWS_04603,4
NEWS_04604,4
NEWS_04605,4
NEWS_04606,2
NEWS_04607,3
NEWS_04608,4
NEWS_04609,2
NEWS_04610,2
NEWS_04611,2
NEWS_04612,3
NEWS_04613,3
NEWS_04614,1
NEWS_04615,5
NEWS_04616,4
NEWS_04617,5
NEWS_04618,1
NEWS_04619,5
NEWS_04620,4
NEWS_04621,0
NEWS_04622,3
NEWS_04623,4
NEWS_04624,4
NEWS_04625,3
NEWS_04626,2
NEWS_04627,5
NEWS_04628,1
NEWS_04629,3
NEWS_04630,4
NEWS_04631,1
NEWS_04632,1
NEWS_04633,1
NEWS_04634,1
NEWS_04635,1
NEWS_04636,1
NEWS_04637,4
NEWS_04638,4
NEWS_04639,3
NEWS_04640,4
NEWS_04641,4
NEWS_04642,5
NEWS_04643,4
NEWS_04644,1
NEWS_04645,3
NEWS_04646,5
NEWS_04647,3
NEWS_04648,4
NEWS_04649,3
NEWS_04650,4
NEWS_04651,4
NEWS_04652,1
NEWS_04653,3
NEWS_04654,5
NEWS_04655,1
NEWS_04656,2
NEWS_04657,4
NEWS_04658,4
NEWS_04659,3
NEWS_04660,2
NEWS_04661,2
NEWS_04662,0
NEWS_04663,3
NEWS_04664,5
NEWS_04665,0
NEWS_04666,4
NEWS_04667,2
NEWS_04668,1
NEWS_04669,5
NEWS_04670,5
NEWS_04671,2
NEWS_04672,1
NEWS_04673,2
NEWS_04674,1
NEWS_04675,4
NEWS_04676,5
NEWS_04677,2
NEWS_04678,1
NEWS_04679,2
NEWS_04680,1
NEWS_04681,0
NEWS_04682,4
NEWS_04683,2
NEWS_04684,4
NEWS_04685,4
NEWS_04686,1
NEWS_04687,1
NEWS_04688,5
NEWS_04689,4
NEWS_04690,0
NEWS_04691,3
NEWS_04692,2
NEWS_04693,1
NEWS_04694,3
NEWS_04695,4
NEWS_04696,3
NEWS_04697,4
NEWS_04698,1
NEWS_04699,5
NEWS_04700,1
NEWS_04701,3
NEWS_04702,1
NEWS_04703,1
NEWS_04704,4
NEWS_04705,2
NEWS_04706,0
NEWS_04707,5
NEWS_04708,4
NEWS_04709,0
NEWS_04710,0
NEWS_04711,4
NEWS_04712,3
NEWS_04713,4
NEWS_04714,3
NEWS_04715,3
NEWS_04716,1
NEWS_04717,1
NEWS_04718,1
NEWS_04719,1
NEWS_04720,3
NEWS_04721,0
NEWS_04722,1
NEWS_04723,3
NEWS_04724,4
NEWS_04725,1
NEWS_04726,1
NEWS_04727,1
NEWS_04728,3
NEWS_04729,1
NEWS_04730,4
NEWS_04731,3
NEWS_04732,1
NEWS_04733,3
NEWS_04734,1
NEWS_04735,4
NEWS_04736,3
NEWS_04737,4
NEWS_04738,4
NEWS_04739,5
NEWS_04740,3
NEWS_04741,1
NEWS_04742,0
NEWS_04743,3
NEWS_04744,1
NEWS_04745,1
NEWS_04746,3
NEWS_04747,1
NEWS_04748,1
NEWS_04749,5
NEWS_04750,5
NEWS_04751,3
NEWS_04752,0
NEWS_04753,1
NEWS_04754,4
NEWS_04755,0
NEWS_04756,4
NEWS_04757,2
NEWS_04758,1
NEWS_04759,5
NEWS_04760,4
NEWS_04761,5
NEWS_04762,4
NEWS_04763,4
NEWS_04764,4
NEWS_04765,2
NEWS_04766,2
NEWS_04767,5
NEWS_04768,4
NEWS_04769,3
NEWS_04770,4
NEWS_04771,0
NEWS_04772,4
NEWS_04773,5
NEWS_04774,4
NEWS_04775,2
NEWS_04776,3
NEWS_04777,3
NEWS_04778,2
NEWS_04779,3
NEWS_04780,3
NEWS_04781,4
NEWS_04782,5
NEWS_04783,0
NEWS_04784,5
NEWS_04785,2
NEWS_04786,3
NEWS_04787,3
NEWS_04788,5
NEWS_04789,2
NEWS_04790,4
NEWS_04791,5
NEWS_04792,3
NEWS_04793,2
NEWS_04794,1
NEWS_04795,1
NEWS_04796,1
NEWS_04797,1
NEWS_04798,5
NEWS_04799,3
NEWS_04800,5
NEWS_04801,4
NEWS_04802,2
NEWS_04803,2
NEWS_04804,3
NEWS_04805,5
NEWS_04806,4
NEWS_04807,1
NEWS_04808,4
NEWS_04809,1
NEWS_04810,3
NEWS_04811,3
NEWS_04812,3
NEWS_04813,1
NEWS_04814,2
NEWS_04815,1
NEWS_04816,2
NEWS_04817,4
NEWS_04818,3
NEWS_04819,3
NEWS_04820,2
NEWS_04821,1
NEWS_04822,4
NEWS_04823,4
NEWS_04824,4
NEWS_04825,4
NEWS_04826,3
NEWS_04827,3
NEWS_04828,5
NEWS_04829,4
NEWS_04830,2
NEWS_04831,1
NEWS_04832,1
NEWS_04833,2
NEWS_04834,4
NEWS_04835,5
NEWS_04836,5
NEWS_04837,3
NEWS_04838,5
NEWS_04839,2
NEWS_04840,1
NEWS_04841,2
NEWS_04842,3
NEWS_04843,4
NEWS_04844,1
NEWS_04845,1
NEWS_04846,4
NEWS_04847,4
NEWS_04848,2
NEWS_04849,5
NEWS_04850,4
NEWS_04851,4
NEWS_04852,1
NEWS_04853,2
NEWS_04854,1
NEWS_04855,3
NEWS_04856,2
NEWS_04857,3
NEWS_04858,1
NEWS_04859,4
NEWS_04860,4
NEWS_04861,4
NEWS_04862,3
NEWS_04863,4
NEWS_04864,1
NEWS_04865,4
NEWS_04866,4
NEWS_04867,3
NEWS_04868,3
NEWS_04869,4
NEWS_04870,1
NEWS_04871,0
NEWS_04872,0
NEWS_04873,5
NEWS_04874,3
NEWS_04875,4
NEWS_04876,2
NEWS_04877,4
NEWS_04878,5
NEWS_04879,3
NEWS_04880,3
NEWS_04881,2
NEWS_04882,2
NEWS_04883,1
NEWS_04884,5
NEWS_04885,5
NEWS_04886,3
NEWS_04887,1
NEWS_04888,2
NEWS_04889,1
NEWS_04890,4
NEWS_04891,1
NEWS_04892,5
NEWS_04893,2
NEWS_04894,4
NEWS_04895,4
NEWS_04896,0
NEWS_04897,1
NEWS_04898,3
NEWS_04899,1
NEWS_04900,1
NEWS_04901,3
NEWS_04902,1
NEWS_04903,1
NEWS_04904,1
NEWS_04905,3
NEWS_04906,3
NEWS_04907,4
NEWS_04908,0
NEWS_04909,4
NEWS_04910,2
NEWS_04911,4
NEWS_04912,5
NEWS_04913,5
NEWS_04914,4
NEWS_04915,1
NEWS_04916,1
NEWS_04917,3
NEWS_04918,1
NEWS_04919,3
NEWS_04920,4
NEWS_04921,1
NEWS_04922,2
NEWS_04923,2
NEWS_04924,3
NEWS_04925,1
NEWS_04926,4
NEWS_04927,0
NEWS_04928,5
NEWS_04929,3
NEWS_04930,2
NEWS_04931,4
NEWS_04932,4
NEWS_04933,3
NEWS_04934,1
NEWS_04935,5
NEWS_04936,4
NEWS_04937,4
NEWS_04938,4
NEWS_04939,4
NEWS_04940,1
NEWS_04941,1
NEWS_04942,3
NEWS_04943,5
NEWS_04944,3
NEWS_04945,3
NEWS_04946,5
NEWS_04947,5
NEWS_04948,5
NEWS_04949,4
NEWS_04950,4
NEWS_04951,2
NEWS_04952,1
NEWS_04953,5
NEWS_04954,5
NEWS_04955,5
NEWS_04956,4
NEWS_04957,3
NEWS_04958,1
NEWS_04959,5
NEWS_04960,4
NEWS_04961,2
NEWS_04962,4
NEWS_04963,4
NEWS_04964,1
NEWS_04965,4
NEWS_04966,4
NEWS_04967,2
NEWS_04968,1
NEWS_04969,3
NEWS_04970,0
NEWS_04971,2
NEWS_04972,5
NEWS_04973,4
NEWS_04974,3
NEWS_04975,3
NEWS_04976,5
NEWS_04977,3
NEWS_04978,1
NEWS_04979,2
NEWS_04980,4
NEWS_04981,5
NEWS_04982,2
NEWS_04983,3
NEWS_04984,4
NEWS_04985,4
NEWS_04986,1
NEWS_04987,3
NEWS_04988,4
NEWS_04989,1
NEWS_04990,3
NEWS_04991,5
NEWS_04992,1
NEWS_04993,1
NEWS_04994,3
NEWS_04995,1
NEWS_04996,2
NEWS_04997,5
NEWS_04998,3
NEWS_04999,4
NEWS_05000,4
NEWS_05001,2
NEWS_05002,2
NEWS_05003,5
NEWS_05004,0
NEWS_05005,2
NEWS_05006,4
NEWS_05007,4
NEWS_05008,2
NEWS_05009,4
NEWS_05010,4
NEWS_05011,3
NEWS_05012,3
NEWS_05013,5
NEWS_05014,3
NEWS_05015,4
NEWS_05016,1
NEWS_05017,2
NEWS_05018,4
NEWS_05019,0
NEWS_05020,2
NEWS_05021,3
NEWS_05022,4
NEWS_05023,2
NEWS_05024,1
NEWS_05025,4
NEWS_05026,3
NEWS_05027,1
NEWS_05028,4
NEWS_05029,4
NEWS_05030,2
NEWS_05031,1
NEWS_05032,1
NEWS_05033,5
NEWS_05034,2
NEWS_05035,4
NEWS_05036,4
NEWS_05037,1
NEWS_05038,2
NEWS_05039,1
NEWS_05040,3
NEWS_05041,4
NEWS_05042,2
NEWS_05043,0
NEWS_05044,3
NEWS_05045,3
NEWS_05046,4
NEWS_05047,4
NEWS_05048,5
NEWS_05049,5
NEWS_05050,1
NEWS_05051,4
NEWS_05052,4
NEWS_05053,3
NEWS_05054,5
NEWS_05055,1
NEWS_05056,2
NEWS_05057,4
NEWS_05058,0
NEWS_05059,2
NEWS_05060,5
NEWS_05061,4
NEWS_05062,2
NEWS_05063,5
NEWS_05064,4
NEWS_05065,1
NEWS_05066,1
NEWS_05067,1
NEWS_05068,2
NEWS_05069,4
NEWS_05070,3
NEWS_05071,4
NEWS_05072,2
NEWS_05073,5
NEWS_05074,2
NEWS_05075,1
NEWS_05076,5
NEWS_05077,5
NEWS_05078,3
NEWS_05079,3
NEWS_05080,1
NEWS_05081,4
NEWS_05082,1
NEWS_05083,1
NEWS_05084,2
NEWS_05085,3
NEWS_05086,4
NEWS_05087,5
NEWS_05088,0
NEWS_05089,3
NEWS_05090,4
NEWS_05091,3
NEWS_05092,3
NEWS_05093,2
NEWS_05094,3
NEWS_05095,5
NEWS_05096,4
NEWS_05097,3
NEWS_05098,1
NEWS_05099,2
NEWS_05100,3
NEWS_05101,2
NEWS_05102,3
NEWS_05103,4
NEWS_05104,4
NEWS_05105,2
NEWS_05106,2
NEWS_05107,5
NEWS_05108,3
NEWS_05109,1
NEWS_05110,1
NEWS_05111,0
NEWS_05112,2
NEWS_05113,2
NEWS_05114,4
NEWS_05115,1
NEWS_05116,2
NEWS_05117,3
NEWS_05118,4
NEWS_05119,1
NEWS_05120,1
NEWS_05121,4
NEWS_05122,0
NEWS_05123,1
NEWS_05124,3
NEWS_05125,2
NEWS_05126,2
NEWS_05127,5
NEWS_05128,4
NEWS_05129,1
NEWS_05130,2
NEWS_05131,3
NEWS_05132,3
NEWS_05133,2
NEWS_05134,2
NEWS_05135,2
NEWS_05136,5
NEWS_05137,3
NEWS_05138,5
NEWS_05139,4
NEWS_05140,2
NEWS_05141,5
NEWS_05142,1
NEWS_05143,3
NEWS_05144,2
NEWS_05145,2
NEWS_05146,4
NEWS_05147,1
NEWS_05148,2
NEWS_05149,4
NEWS_05150,3
NEWS_05151,5
NEWS_05152,5
NEWS_05153,2
NEWS_05154,2
NEWS_05155,3
NEWS_05156,3
NEWS_05157,5
NEWS_05158,4
NEWS_05159,1
NEWS_05160,4
NEWS_05161,5
NEWS_05162,4
NEWS_05163,1
NEWS_05164,4
NEWS_05165,1
NEWS_05166,4
NEWS_05167,5
NEWS_05168,5
NEWS_05169,4
NEWS_05170,3
NEWS_05171,5
NEWS_05172,1
NEWS_05173,5
NEWS_05174,4
NEWS_05175,3
NEWS_05176,0
NEWS_05177,1
NEWS_05178,5
NEWS_05179,1
NEWS_05180,3
NEWS_05181,4
NEWS_05182,4
NEWS_05183,1
NEWS_05184,5
NEWS_05185,4
NEWS_05186,2
NEWS_05187,0
NEWS_05188,4
NEWS_05189,2
NEWS_05190,1
NEWS_05191,4
NEWS_05192,3
NEWS_05193,1
NEWS_05194,4
NEWS_05195,4
NEWS_05196,3
NEWS_05197,4
NEWS_05198,4
NEWS_05199,5
NEWS_05200,3
NEWS_05201,3
NEWS_05202,0
NEWS_05203,2
NEWS_05204,4
NEWS_05205,5
NEWS_05206,4
NEWS_05207,4
NEWS_05208,4
NEWS_05209,4
NEWS_05210,1
NEWS_05211,3
NEWS_05212,3
NEWS_05213,0
NEWS_05214,2
NEWS_05215,3
NEWS_05216,5
NEWS_05217,5
NEWS_05218,4
NEWS_05219,5
NEWS_05220,4
NEWS_05221,2
NEWS_05222,3
NEWS_05223,4
NEWS_05224,5
NEWS_05225,1
NEWS_05226,4
NEWS_05227,1
NEWS_05228,3
NEWS_05229,2
NEWS_05230,4
NEWS_05231,0
NEWS_05232,4
NEWS_05233,1
NEWS_05234,4
NEWS_05235,5
NEWS_05236,3
NEWS_05237,3
NEWS_05238,5
NEWS_05239,2
NEWS_05240,1
NEWS_05241,1
NEWS_05242,1
NEWS_05243,1
NEWS_05244,2
NEWS_05245,3
NEWS_05246,3
NEWS_05247,2
NEWS_05248,1
NEWS_05249,4
NEWS_05250,2
NEWS_05251,2
NEWS_05252,1
NEWS_05253,2
NEWS_05254,2
NEWS_05255,1
NEWS_05256,5
NEWS_05257,4
NEWS_05258,3
NEWS_05259,3
NEWS_05260,1
NEWS_05261,1
NEWS_05262,4
NEWS_05263,3
NEWS_05264,3
NEWS_05265,5
NEWS_05266,1
NEWS_05267,3
NEWS_05268,3
NEWS_05269,2
NEWS_05270,4
NEWS_05271,5
NEWS_05272,1
NEWS_05273,4
NEWS_05274,0
NEWS_05275,0
NEWS_05276,1
NEWS_05277,3
NEWS_05278,5
NEWS_05279,4
NEWS_05280,4
NEWS_05281,3
NEWS_05282,5
NEWS_05283,1
NEWS_05284,4
NEWS_05285,2
NEWS_05286,0
NEWS_05287,5
NEWS_05288,2
NEWS_05289,3
NEWS_05290,2
NEWS_05291,1
NEWS_05292,5
NEWS_05293,0
NEWS_05294,1
NEWS_05295,2
NEWS_05296,4
NEWS_05297,2
NEWS_05298,3
NEWS_05299,2
NEWS_05300,0
NEWS_05301,2
NEWS_05302,4
NEWS_05303,4
NEWS_05304,4
NEWS_05305,1
NEWS_05306,3
NEWS_05307,3
NEWS_05308,5
NEWS_05309,1
NEWS_05310,1
NEWS_05311,4
NEWS_05312,4
NEWS_05313,3
NEWS_05314,5
NEWS_05315,1
NEWS_05316,1
NEWS_05317,2
NEWS_05318,2
NEWS_05319,4
NEWS_05320,5
NEWS_05321,5
NEWS_05322,3
NEWS_05323,1
NEWS_05324,4
NEWS_05325,5
NEWS_05326,4
NEWS_05327,2
NEWS_05328,1
NEWS_05329,2
NEWS_05330,4
NEWS_05331,5
NEWS_05332,1
NEWS_05333,4
NEWS_05334,5
NEWS_05335,4
NEWS_05336,4
NEWS_05337,4
NEWS_05338,5
NEWS_05339,4
NEWS_05340,1
NEWS_05341,1
NEWS_05342,4
NEWS_05343,4
NEWS_05344,4
NEWS_05345,5
NEWS_05346,4
NEWS_05347,3
NEWS_05348,3
NEWS_05349,4
NEWS_05350,1
NEWS_05351,4
NEWS_05352,2
NEWS_05353,1
NEWS_05354,3
NEWS_05355,4
NEWS_05356,4
NEWS_05357,1
NEWS_05358,4
NEWS_05359,2
NEWS_05360,1
NEWS_05361,3
NEWS_05362,1
NEWS_05363,4
NEWS_05364,3
NEWS_05365,2
NEWS_05366,1
NEWS_05367,3
NEWS_05368,4
NEWS_05369,4
NEWS_05370,4
NEWS_05371,1
NEWS_05372,0
NEWS_05373,1
NEWS_05374,2
NEWS_05375,4
NEWS_05376,5
NEWS_05377,1
NEWS_05378,5
NEWS_05379,1
NEWS_05380,5
NEWS_05381,2
NEWS_05382,2
NEWS_05383,2
NEWS_05384,3
NEWS_05385,1
NEWS_05386,0
NEWS_05387,4
NEWS_05388,5
NEWS_05389,1
NEWS_05390,3
NEWS_05391,5
NEWS_05392,1
NEWS_05393,3
NEWS_05394,0
NEWS_05395,1
NEWS_05396,2
NEWS_05397,0
NEWS_05398,4
NEWS_05399,2
NEWS_05400,2
NEWS_05401,4
NEWS_05402,1
NEWS_05403,2
NEWS_05404,1
NEWS_05405,4
NEWS_05406,5
NEWS_05407,2
NEWS_05408,4
NEWS_05409,4
NEWS_05410,2
NEWS_05411,4
NEWS_05412,2
NEWS_05413,4
NEWS_05414,3
NEWS_05415,3
NEWS_05416,4
NEWS_05417,1
NEWS_05418,4
NEWS_05419,3
NEWS_05420,2
NEWS_05421,4
NEWS_05422,4
NEWS_05423,1
NEWS_05424,4
NEWS_05425,5
NEWS_05426,3
NEWS_05427,1
NEWS_05428,0
NEWS_05429,3
NEWS_05430,3
NEWS_05431,1
NEWS_05432,1
NEWS_05433,0
NEWS_05434,4
NEWS_05435,4
NEWS_05436,4
NEWS_05437,4
NEWS_05438,5
NEWS_05439,4
NEWS_05440,1
NEWS_05441,1
NEWS_05442,1
NEWS_05443,1
NEWS_05444,5
NEWS_05445,1
NEWS_05446,0
NEWS_05447,3
NEWS_05448,5
NEWS_05449,4
NEWS_05450,2
NEWS_05451,2
NEWS_05452,1
NEWS_05453,5
NEWS_05454,4
NEWS_05455,5
NEWS_05456,3
NEWS_05457,4
NEWS_05458,3
NEWS_05459,5
NEWS_05460,1
NEWS_05461,1
NEWS_05462,1
NEWS_05463,3
NEWS_05464,4
NEWS_05465,4
NEWS_05466,1
NEWS_05467,4
NEWS_05468,2
NEWS_05469,5
NEWS_05470,4
NEWS_05471,2
NEWS_05472,1
NEWS_05473,3
NEWS_05474,1
NEWS_05475,2
NEWS_05476,3
NEWS_05477,4
NEWS_05478,2
NEWS_05479,4
NEWS_05480,3
NEWS_05481,4
NEWS_05482,5
NEWS_05483,3
NEWS_05484,5
NEWS_05485,1
NEWS_05486,3
NEWS_05487,5
NEWS_05488,5
NEWS_05489,1
NEWS_05490,3
NEWS_05491,5
NEWS_05492,4
NEWS_05493,2
NEWS_05494,5
NEWS_05495,1
NEWS_05496,4
NEWS_05497,3
NEWS_05498,2
NEWS_05499,2
NEWS_05500,5
NEWS_05501,0
NEWS_05502,3
NEWS_05503,3
NEWS_05504,3
NEWS_05505,3
NEWS_05506,0
NEWS_05507,4
NEWS_05508,3
NEWS_05509,1
NEWS_05510,1
NEWS_05511,3
NEWS_05512,4
NEWS_05513,5
NEWS_05514,3
NEWS_05515,4
NEWS_05516,4
NEWS_05517,1
NEWS_05518,1
NEWS_05519,1
NEWS_05520,1
NEWS_05521,3
NEWS_05522,4
NEWS_05523,4
NEWS_05524,3
NEWS_05525,3
NEWS_05526,2
NEWS_05527,2
NEWS_05528,5
NEWS_05529,2
NEWS_05530,3
NEWS_05531,4
NEWS_05532,4
NEWS_05533,1
NEWS_05534,1
NEWS_05535,1
NEWS_05536,4
NEWS_05537,5
NEWS_05538,1
NEWS_05539,4
NEWS_05540,1
NEWS_05541,2
NEWS_05542,0
NEWS_05543,2
NEWS_05544,1
NEWS_05545,4
NEWS_05546,5
NEWS_05547,4
NEWS_05548,2
NEWS_05549,5
NEWS_05550,5
NEWS_05551,1
NEWS_05552,4
NEWS_05553,3
NEWS_05554,3
NEWS_05555,4
NEWS_05556,4
NEWS_05557,0
NEWS_05558,2
NEWS_05559,4
NEWS_05560,4
NEWS_05561,1
NEWS_05562,4
NEWS_05563,5
NEWS_05564,4
NEWS_05565,1
NEWS_05566,4
NEWS_05567,1
NEWS_05568,2
NEWS_05569,3
NEWS_05570,5
NEWS_05571,0
NEWS_05572,1
NEWS_05573,3
NEWS_05574,3
NEWS_05575,4
NEWS_05576,5
NEWS_05577,2
NEWS_05578,3
NEWS_05579,4
NEWS_05580,1
NEWS_05581,1
NEWS_05582,1
NEWS_05583,4
NEWS_05584,0
NEWS_05585,1
NEWS_05586,1
NEWS_05587,5
NEWS_05588,3
NEWS_05589,3
NEWS_05590,4
NEWS_05591,2
NEWS_05592,1
NEWS_05593,4
NEWS_05594,4
NEWS_05595,3
NEWS_05596,1
NEWS_05597,3
NEWS_05598,2
NEWS_05599,1
NEWS_05600,1
NEWS_05601,4
NEWS_05602,2
NEWS_05603,1
NEWS_05604,4
NEWS_05605,4
NEWS_05606,4
NEWS_05607,3
NEWS_05608,5
NEWS_05609,5
NEWS_05610,3
NEWS_05611,3
NEWS_05612,3
NEWS_05613,3
NEWS_05614,1
NEWS_05615,1
NEWS_05616,5
NEWS_05617,3
NEWS_05618,4
NEWS_05619,3
NEWS_05620,2
NEWS_05621,1
NEWS_05622,4
NEWS_05623,2
NEWS_05624,5
NEWS_05625,0
NEWS_05626,2
NEWS_05627,1
NEWS_05628,3
NEWS_05629,4
NEWS_05630,4
NEWS_05631,1
NEWS_05632,5
NEWS_05633,1
NEWS_05634,5
NEWS_05635,4
NEWS_05636,1
NEWS_05637,2
NEWS_05638,4
NEWS_05639,5
NEWS_05640,1
NEWS_05641,3
NEWS_05642,4
NEWS_05643,3
NEWS_05644,1
NEWS_05645,0
NEWS_05646,2
NEWS_05647,4
NEWS_05648,5
NEWS_05649,3
NEWS_05650,5
NEWS_05651,4
NEWS_05652,5
NEWS_05653,5
NEWS_05654,3
NEWS_05655,1
NEWS_05656,4
NEWS_05657,3
NEWS_05658,0
NEWS_05659,4
NEWS_05660,3
NEWS_05661,2
NEWS_05662,5
NEWS_05663,2
NEWS_05664,3
NEWS_05665,3
NEWS_05666,4
NEWS_05667,4
NEWS_05668,2
NEWS_05669,2
NEWS_05670,3
NEWS_05671,5
NEWS_05672,5
NEWS_05673,0
NEWS_05674,0
NEWS_05675,2
NEWS_05676,4
NEWS_05677,5
NEWS_05678,3
NEWS_05679,5
NEWS_05680,3
NEWS_05681,4
NEWS_05682,5
NEWS_05683,4
NEWS_05684,5
NEWS_05685,3
NEWS_05686,5
NEWS_05687,1
NEWS_05688,5
NEWS_05689,3
NEWS_05690,5
NEWS_05691,1
NEWS_05692,3
NEWS_05693,4
NEWS_05694,1
NEWS_05695,1
NEWS_05696,3
NEWS_05697,4
NEWS_05698,4
NEWS_05699,4
NEWS_05700,4
NEWS_05701,4
NEWS_05702,2
NEWS_05703,1
NEWS_05704,5
NEWS_05705,4
NEWS_05706,5
NEWS_05707,3
NEWS_05708,5
NEWS_05709,2
NEWS_05710,1
NEWS_05711,1
NEWS_05712,5
NEWS_05713,4
NEWS_05714,1
NEWS_05715,0
NEWS_05716,3
NEWS_05717,3
NEWS_05718,5
NEWS_05719,1
NEWS_05720,5
NEWS_05721,2
NEWS_05722,3
NEWS_05723,4
NEWS_05724,3
NEWS_05725,4
NEWS_05726,4
NEWS_05727,1
NEWS_05728,1
NEWS_05729,3
NEWS_05730,3
NEWS_05731,3
NEWS_05732,4
NEWS_05733,3
NEWS_05734,1
NEWS_05735,1
NEWS_05736,5
NEWS_05737,4
NEWS_05738,5
NEWS_05739,4
NEWS_05740,1
NEWS_05741,4
NEWS_05742,1
NEWS_05743,2
NEWS_05744,3
NEWS_05745,1
NEWS_05746,2
NEWS_05747,4
NEWS_05748,2
NEWS_05749,1
NEWS_05750,0
NEWS_05751,2
NEWS_05752,4
NEWS_05753,4
NEWS_05754,5
NEWS_05755,3
NEWS_05756,3
NEWS_05757,3
NEWS_05758,0
NEWS_05759,4
NEWS_05760,4
NEWS_05761,5
NEWS_05762,3
NEWS_05763,0
NEWS_05764,4
NEWS_05765,3
NEWS_05766,4
NEWS_05767,4
NEWS_05768,4
NEWS_05769,0
NEWS_05770,3
NEWS_05771,4
NEWS_05772,5
NEWS_05773,5
NEWS_05774,4
NEWS_05775,1
NEWS_05776,4
NEWS_05777,5
NEWS_05778,1
NEWS_05779,4
NEWS_05780,2
NEWS_05781,5
NEWS_05782,4
NEWS_05783,5
NEWS_05784,2
NEWS_05785,3
NEWS_05786,4
NEWS_05787,5
NEWS_05788,2
NEWS_05789,3
NEWS_05790,1
NEWS_05791,2
NEWS_05792,1
NEWS_05793,3
NEWS_05794,1
NEWS_05795,1
NEWS_05796,4
NEWS_05797,1
NEWS_05798,2
NEWS_05799,3
NEWS_05800,1
NEWS_05801,5
NEWS_05802,5
NEWS_05803,0
NEWS_05804,0
NEWS_05805,4
NEWS_05806,2
NEWS_05807,3
NEWS_05808,4
NEWS_05809,2
NEWS_05810,2
NEWS_05811,2
NEWS_05812,1
NEWS_05813,2
NEWS_05814,4
NEWS_05815,4
NEWS_05816,1
NEWS_05817,4
NEWS_05818,4
NEWS_05819,1
NEWS_05820,3
NEWS_05821,3
NEWS_05822,2
NEWS_05823,3
NEWS_05824,3
NEWS_05825,2
NEWS_05826,3
NEWS_05827,1
NEWS_05828,4
NEWS_05829,4
NEWS_05830,4
NEWS_05831,3
NEWS_05832,1
NEWS_05833,5
NEWS_05834,4
NEWS_05835,5
NEWS_05836,5
NEWS_05837,2
NEWS_05838,4
NEWS_05839,1
NEWS_05840,4
NEWS_05841,4
NEWS_05842,3
NEWS_05843,1
NEWS_05844,5
NEWS_05845,3
NEWS_05846,3
NEWS_05847,2
NEWS_05848,2
NEWS_05849,4
NEWS_05850,0
NEWS_05851,4
NEWS_05852,4
NEWS_05853,4
NEWS_05854,4
NEWS_05855,2
NEWS_05856,4
NEWS_05857,4
NEWS_05858,2
NEWS_05859,4
NEWS_05860,4
NEWS_05861,4
NEWS_05862,3
NEWS_05863,4
NEWS_05864,2
NEWS_05865,1
NEWS_05866,4
NEWS_05867,0
NEWS_05868,4
NEWS_05869,4
NEWS_05870,5
NEWS_05871,3
NEWS_05872,4
NEWS_05873,0
NEWS_05874,4
NEWS_05875,4
NEWS_05876,4
NEWS_05877,3
NEWS_05878,4
NEWS_05879,4
NEWS_05880,5
NEWS_05881,4
NEWS_05882,3
NEWS_05883,3
NEWS_05884,5
NEWS_05885,3
NEWS_05886,4
NEWS_05887,3
NEWS_05888,5
NEWS_05889,4
NEWS_05890,4
NEWS_05891,3
NEWS_05892,5
NEWS_05893,4
NEWS_05894,1
NEWS_05895,4
NEWS_05896,4
NEWS_05897,5
NEWS_05898,1
NEWS_05899,4
NEWS_05900,1
NEWS_05901,5
NEWS_05902,5
NEWS_05903,3
NEWS_05904,1
NEWS_05905,1
NEWS_05906,1
NEWS_05907,4
NEWS_05908,4
NEWS_05909,3
NEWS_05910,1
NEWS_05911,0
NEWS_05912,5
NEWS_05913,4
NEWS_05914,3
NEWS_05915,4
NEWS_05916,1
NEWS_05917,1
NEWS_05918,2
NEWS_05919,4
NEWS_05920,0
NEWS_05921,4
NEWS_05922,5
NEWS_05923,1
NEWS_05924,1
NEWS_05925,1
NEWS_05926,3
NEWS_05927,1
NEWS_05928,5
NEWS_05929,1
NEWS_05930,0
NEWS_05931,4
NEWS_05932,3
NEWS_05933,3
NEWS_05934,3
NEWS_05935,5
NEWS_05936,1
NEWS_05937,4
NEWS_05938,3
NEWS_05939,4
NEWS_05940,1
NEWS_05941,4
NEWS_05942,4
NEWS_05943,2
NEWS_05944,4
NEWS_05945,1
NEWS_05946,2
NEWS_05947,4
NEWS_05948,4
NEWS_05949,4
NEWS_05950,2
NEWS_05951,4
NEWS_05952,1
NEWS_05953,1
NEWS_05954,0
NEWS_05955,4
NEWS_05956,3
NEWS_05957,1
NEWS_05958,3
NEWS_05959,3
NEWS_05960,4
NEWS_05961,4
NEWS_05962,1
NEWS_05963,5
NEWS_05964,0
NEWS_05965,5
NEWS_05966,4
NEWS_05967,4
NEWS_05968,4
NEWS_05969,4
NEWS_05970,3
NEWS_05971,3
NEWS_05972,4
NEWS_05973,0
NEWS_05974,3
NEWS_05975,4
NEWS_05976,1
NEWS_05977,3
NEWS_05978,2
NEWS_05979,4
NEWS_05980,4
NEWS_05981,0
NEWS_05982,2
NEWS_05983,3
NEWS_05984,1
NEWS_05985,4
NEWS_05986,4
NEWS_05987,5
NEWS_05988,1
NEWS_05989,2
NEWS_05990,3
NEWS_05991,5
NEWS_05992,2
NEWS_05993,4
NEWS_05994,4
NEWS_05995,4
NEWS_05996,3
NEWS_05997,2
NEWS_05998,1
NEWS_05999,4
NEWS_06000,1
NEWS_06001,1
NEWS_06002,1
NEWS_06003,3
NEWS_06004,1
NEWS_06005,2
NEWS_06006,2
NEWS_06007,1
NEWS_06008,4
NEWS_06009,0
NEWS_06010,1
NEWS_06011,4
NEWS_06012,3
NEWS_06013,0
NEWS_06014,4
NEWS_06015,4
NEWS_06016,4
NEWS_06017,5
NEWS_06018,3
NEWS_06019,5
NEWS_06020,4
NEWS_06021,2
NEWS_06022,4
NEWS_06023,0
NEWS_06024,3
NEWS_06025,3
NEWS_06026,1
NEWS_06027,5
NEWS_06028,4
NEWS_06029,0
NEWS_06030,2
NEWS_06031,4
NEWS_06032,4
NEWS_06033,4
NEWS_06034,5
NEWS_06035,1
NEWS_06036,1
NEWS_06037,5
NEWS_06038,2
NEWS_06039,4
NEWS_06040,4
NEWS_06041,5
NEWS_06042,3
NEWS_06043,3
NEWS_06044,4
NEWS_06045,1
NEWS_06046,5
NEWS_06047,2
NEWS_06048,1
NEWS_06049,1
NEWS_06050,5
NEWS_06051,5
NEWS_06052,3
NEWS_06053,1
NEWS_06054,4
NEWS_06055,2
NEWS_06056,4
NEWS_06057,4
NEWS_06058,4
NEWS_06059,4
NEWS_06060,5
NEWS_06061,5
NEWS_06062,3
NEWS_06063,1
NEWS_06064,4
NEWS_06065,2
NEWS_06066,5
NEWS_06067,3
NEWS_06068,4
NEWS_06069,4
NEWS_06070,1
NEWS_06071,3
NEWS_06072,5
NEWS_06073,1
NEWS_06074,1
NEWS_06075,3
NEWS_06076,3
NEWS_06077,1
NEWS_06078,2
NEWS_06079,1
NEWS_06080,3
NEWS_06081,2
NEWS_06082,4
NEWS_06083,3
NEWS_06084,1
NEWS_06085,4
NEWS_06086,4
NEWS_06087,1
NEWS_06088,4
NEWS_06089,4
NEWS_06090,5
NEWS_06091,4
NEWS_06092,5
NEWS_06093,2
NEWS_06094,0
NEWS_06095,3
NEWS_06096,1
NEWS_06097,0
NEWS_06098,1
NEWS_06099,2
NEWS_06100,2
NEWS_06101,4
NEWS_06102,1
NEWS_06103,4
NEWS_06104,4
NEWS_06105,3
NEWS_06106,4
NEWS_06107,3
NEWS_06108,2
NEWS_06109,2
NEWS_06110,4
NEWS_06111,2
NEWS_06112,4
NEWS_06113,1
NEWS_06114,5
NEWS_06115,1
NEWS_06116,3
NEWS_06117,4
NEWS_06118,1
NEWS_06119,5
NEWS_06120,1
NEWS_06121,4
NEWS_06122,3
NEWS_06123,1
NEWS_06124,4
NEWS_06125,2
NEWS_06126,3
NEWS_06127,1
NEWS_06128,4
NEWS_06129,4
NEWS_06130,2
NEWS_06131,3
NEWS_06132,5
NEWS_06133,4
NEWS_06134,2
NEWS_06135,3
NEWS_06136,3
NEWS_06137,4
NEWS_06138,4
NEWS_06139,3
NEWS_06140,1
NEWS_06141,2
NEWS_06142,5
NEWS_06143,3
NEWS_06144,5
NEWS_06145,3
NEWS_06146,4
NEWS_06147,5
NEWS_06148,1
NEWS_06149,4
NEWS_06150,4
NEWS_06151,1
NEWS_06152,4
NEWS_06153,0
NEWS_06154,0
NEWS_06155,4
NEWS_06156,3
NEWS_06157,3
NEWS_06158,1
NEWS_06159,1
NEWS_06160,1
NEWS_06161,3
NEWS_06162,5
NEWS_06163,3
NEWS_06164,4
NEWS_06165,4
NEWS_06166,5
NEWS_06167,5
NEWS_06168,1
NEWS_06169,4
NEWS_06170,1
NEWS_06171,3
NEWS_06172,2
NEWS_06173,4
NEWS_06174,4
NEWS_06175,5
NEWS_06176,3
NEWS_06177,1
NEWS_06178,3
NEWS_06179,4
NEWS_06180,3
NEWS_06181,3
NEWS_06182,4
NEWS_06183,1
NEWS_06184,4
NEWS_06185,1
NEWS_06186,1
NEWS_06187,2
NEWS_06188,4
NEWS_06189,5
NEWS_06190,4
NEWS_06191,4
NEWS_06192,1
NEWS_06193,4
NEWS_06194,4
NEWS_06195,4
NEWS_06196,4
NEWS_06197,2
NEWS_06198,1
NEWS_06199,5
NEWS_06200,3
NEWS_06201,4
NEWS_06202,2
NEWS_06203,4
NEWS_06204,5
NEWS_06205,4
NEWS_06206,4
NEWS_06207,1
NEWS_06208,5
NEWS_06209,4
NEWS_06210,1
NEWS_06211,1
NEWS_06212,1
NEWS_06213,3
NEWS_06214,1
NEWS_06215,1
NEWS_06216,4
NEWS_06217,4
NEWS_06218,5
NEWS_06219,1
NEWS_06220,5
NEWS_06221,4
NEWS_06222,3
NEWS_06223,4
NEWS_06224,3
NEWS_06225,4
NEWS_06226,5
NEWS_06227,3
NEWS_06228,5
NEWS_06229,1
NEWS_06230,5
NEWS_06231,2
NEWS_06232,5
NEWS_06233,4
NEWS_06234,5
NEWS_06235,4
NEWS_06236,4
NEWS_06237,1
NEWS_06238,1
NEWS_06239,3
NEWS_06240,3
NEWS_06241,4
NEWS_06242,4
NEWS_06243,4
NEWS_06244,1
NEWS_06245,4
NEWS_06246,4
NEWS_06247,3
NEWS_06248,5
NEWS_06249,3
NEWS_06250,3
NEWS_06251,2
NEWS_06252,1
NEWS_06253,3
NEWS_06254,3
NEWS_06255,1
NEWS_06256,3
NEWS_06257,3
NEWS_06258,3
NEWS_06259,5
NEWS_06260,5
NEWS_06261,3
NEWS_06262,0
NEWS_06263,3
NEWS_06264,1
NEWS_06265,1
NEWS_06266,1
NEWS_06267,3
NEWS_06268,1
NEWS_06269,4
NEWS_06270,1
NEWS_06271,4
NEWS_06272,4
NEWS_06273,2
NEWS_06274,0
NEWS_06275,5
NEWS_06276,2
NEWS_06277,0
NEWS_06278,3
NEWS_06279,4
NEWS_06280,2
NEWS_06281,4
NEWS_06282,1
NEWS_06283,2
NEWS_06284,4
NEWS_06285,4
NEWS_06286,3
NEWS_06287,4
NEWS_06288,3
NEWS_06289,2
NEWS_06290,2
NEWS_06291,3
NEWS_06292,3
NEWS_06293,3
NEWS_06294,1
NEWS_06295,3
NEWS_06296,5
NEWS_06297,5
NEWS_06298,4
NEWS_06299,1
NEWS_06300,3
NEWS_06301,0
NEWS_06302,2
NEWS_06303,4
NEWS_06304,5
NEWS_06305,4
NEWS_06306,4
NEWS_06307,0
NEWS_06308,1
NEWS_06309,1
NEWS_06310,0
NEWS_06311,3
NEWS_06312,3
NEWS_06313,3
NEWS_06314,1
NEWS_06315,4
NEWS_06316,2
NEWS_06317,4
NEWS_06318,2
NEWS_06319,3
NEWS_06320,1
NEWS_06321,5
NEWS_06322,3
NEWS_06323,3
NEWS_06324,3
NEWS_06325,3
NEWS_06326,0
NEWS_06327,4
NEWS_06328,1
NEWS_06329,2
NEWS_06330,3
NEWS_06331,4
NEWS_06332,4
NEWS_06333,0
NEWS_06334,4
NEWS_06335,0
NEWS_06336,1
NEWS_06337,4
NEWS_06338,2
NEWS_06339,4
NEWS_06340,3
NEWS_06341,0
NEWS_06342,4
NEWS_06343,4
NEWS_06344,2
NEWS_06345,4
NEWS_06346,3
NEWS_06347,4
NEWS_06348,4
NEWS_06349,2
NEWS_06350,4
NEWS_06351,5
NEWS_06352,4
NEWS_06353,1
NEWS_06354,2
NEWS_06355,4
NEWS_06356,3
NEWS_06357,4
NEWS_06358,1
NEWS_06359,2
NEWS_06360,2
NEWS_06361,2
NEWS_06362,2
NEWS_06363,3
NEWS_06364,1
NEWS_06365,5
NEWS_06366,0
NEWS_06367,2
NEWS_06368,3
NEWS_06369,4
NEWS_06370,4
NEWS_06371,1
NEWS_06372,1
NEWS_06373,4
NEWS_06374,1
NEWS_06375,3
NEWS_06376,1
NEWS_06377,1
NEWS_06378,3
NEWS_06379,4
NEWS_06380,3
NEWS_06381,3
NEWS_06382,4
NEWS_06383,4
NEWS_06384,1
NEWS_06385,2
NEWS_06386,4
NEWS_06387,5
NEWS_06388,5
NEWS_06389,3
NEWS_06390,1
NEWS_06391,1
NEWS_06392,0
NEWS_06393,0
NEWS_06394,5
NEWS_06395,1
NEWS_06396,4
NEWS_06397,1
NEWS_06398,3
NEWS_06399,0
NEWS_06400,4
NEWS_06401,3
NEWS_06402,4
NEWS_06403,3
NEWS_06404,4
NEWS_06405,3
NEWS_06406,4
NEWS_06407,4
NEWS_06408,1
NEWS_06409,3
NEWS_06410,2
NEWS_06411,5
NEWS_06412,3
NEWS_06413,0
NEWS_06414,4
NEWS_06415,0
NEWS_06416,1
NEWS_06417,5
NEWS_06418,2
NEWS_06419,4
NEWS_06420,4
NEWS_06421,3
NEWS_06422,4
NEWS_06423,4
NEWS_06424,4
NEWS_06425,3
NEWS_06426,5
NEWS_06427,4
NEWS_06428,3
NEWS_06429,0
NEWS_06430,1
NEWS_06431,3
NEWS_06432,3
NEWS_06433,4
NEWS_06434,3
NEWS_06435,4
NEWS_06436,4
NEWS_06437,4
NEWS_06438,4
NEWS_06439,1
NEWS_06440,5
NEWS_06441,4
NEWS_06442,2
NEWS_06443,1
NEWS_06444,3
NEWS_06445,5
NEWS_06446,4
NEWS_06447,4
NEWS_06448,3
NEWS_06449,4
NEWS_06450,4
NEWS_06451,4
NEWS_06452,4
NEWS_06453,3
NEWS_06454,0
NEWS_06455,4
NEWS_06456,1
NEWS_06457,3
NEWS_06458,0
NEWS_06459,3
NEWS_06460,1
NEWS_06461,3
NEWS_06462,5
NEWS_06463,1
NEWS_06464,1
NEWS_06465,2
NEWS_06466,1
NEWS_06467,3
NEWS_06468,0
NEWS_06469,5
NEWS_06470,3
NEWS_06471,3
NEWS_06472,1
NEWS_06473,2
NEWS_06474,1
NEWS_06475,3
NEWS_06476,2
NEWS_06477,3
NEWS_06478,4
NEWS_06479,3
NEWS_06480,4
NEWS_06481,3
NEWS_06482,1
NEWS_06483,5
NEWS_06484,3
NEWS_06485,3
NEWS_06486,4
NEWS_06487,1
NEWS_06488,3
NEWS_06489,3
NEWS_06490,2
NEWS_06491,3
NEWS_06492,4
NEWS_06493,3
NEWS_06494,1
NEWS_06495,1
NEWS_06496,4
NEWS_06497,2
NEWS_06498,3
NEWS_06499,4
NEWS_06500,3
NEWS_06501,5
NEWS_06502,5
NEWS_06503,4
NEWS_06504,3
NEWS_06505,4
NEWS_06506,3
NEWS_06507,2
NEWS_06508,4
NEWS_06509,1
NEWS_06510,2
NEWS_06511,4
NEWS_06512,2
NEWS_06513,5
NEWS_06514,3
NEWS_06515,4
NEWS_06516,1
NEWS_06517,3
NEWS_06518,4
NEWS_06519,0
NEWS_06520,5
NEWS_06521,0
NEWS_06522,5
NEWS_06523,4
NEWS_06524,2
NEWS_06525,4
NEWS_06526,3
NEWS_06527,4
NEWS_06528,4
NEWS_06529,4
NEWS_06530,4
NEWS_06531,3
NEWS_06532,5
NEWS_06533,1
NEWS_06534,4
NEWS_06535,1
NEWS_06536,1
NEWS_06537,2
NEWS_06538,0
NEWS_06539,4
NEWS_06540,5
NEWS_06541,3
NEWS_06542,4
NEWS_06543,1
NEWS_06544,5
NEWS_06545,3
NEWS_06546,5
NEWS_06547,2
NEWS_06548,4
NEWS_06549,1
NEWS_06550,5
NEWS_06551,0
NEWS_06552,1
NEWS_06553,1
NEWS_06554,4
NEWS_06555,1
NEWS_06556,2
NEWS_06557,5
NEWS_06558,1
NEWS_06559,0
NEWS_06560,3
NEWS_06561,4
NEWS_06562,5
NEWS_06563,4
NEWS_06564,4
NEWS_06565,0
NEWS_06566,0
NEWS_06567,3
NEWS_06568,2
NEWS_06569,3
NEWS_06570,2
NEWS_06571,3
NEWS_06572,0
NEWS_06573,5
NEWS_06574,2
NEWS_06575,3
NEWS_06576,1
NEWS_06577,4
NEWS_06578,1
NEWS_06579,5
NEWS_06580,2
NEWS_06581,1
NEWS_06582,4
NEWS_06583,5
NEWS_06584,4
NEWS_06585,1
NEWS_06586,4
NEWS_06587,1
NEWS_06588,4
NEWS_06589,2
NEWS_06590,4
NEWS_06591,2
NEWS_06592,2
NEWS_06593,4
NEWS_06594,1
NEWS_06595,4
NEWS_06596,5
NEWS_06597,1
NEWS_06598,0
NEWS_06599,2
NEWS_06600,1
NEWS_06601,4
NEWS_06602,4
NEWS_06603,5
NEWS_06604,1
NEWS_06605,4
NEWS_06606,2
NEWS_06607,4
NEWS_06608,4
NEWS_06609,3
NEWS_06610,1
NEWS_06611,4
NEWS_06612,3
NEWS_06613,3
NEWS_06614,4
NEWS_06615,5
NEWS_06616,1
NEWS_06617,1
NEWS_06618,5
NEWS_06619,1
NEWS_06620,4
NEWS_06621,4
NEWS_06622,1
NEWS_06623,2
NEWS_06624,5
NEWS_06625,2
NEWS_06626,5
NEWS_06627,4
NEWS_06628,4
NEWS_06629,3
NEWS_06630,4
NEWS_06631,5
NEWS_06632,1
NEWS_06633,4
NEWS_06634,1
NEWS_06635,4
NEWS_06636,4
NEWS_06637,4
NEWS_06638,4
NEWS_06639,4
NEWS_06640,4
NEWS_06641,0
NEWS_06642,4
NEWS_06643,2
NEWS_06644,4
NEWS_06645,3
NEWS_06646,5
NEWS_06647,1
NEWS_06648,3
NEWS_06649,5
NEWS_06650,4
NEWS_06651,4
NEWS_06652,3
NEWS_06653,2
NEWS_06654,0
NEWS_06655,2
NEWS_06656,2
NEWS_06657,0
NEWS_06658,4
NEWS_06659,1
NEWS_06660,1
NEWS_06661,5
NEWS_06662,3
NEWS_06663,1
NEWS_06664,4
NEWS_06665,0
NEWS_06666,3
NEWS_06667,1
NEWS_06668,1
NEWS_06669,3
NEWS_06670,3
NEWS_06671,4
NEWS_06672,1
NEWS_06673,2
NEWS_06674,3
NEWS_06675,1
NEWS_06676,2
NEWS_06677,2
NEWS_06678,3
NEWS_06679,4
NEWS_06680,4
NEWS_06681,5
NEWS_06682,0
NEWS_06683,4
NEWS_06684,2
NEWS_06685,2
NEWS_06686,3
NEWS_06687,4
NEWS_06688,4
NEWS_06689,4
NEWS_06690,4
NEWS_06691,3
NEWS_06692,3
NEWS_06693,3
NEWS_06694,3
NEWS_06695,3
NEWS_06696,0
NEWS_06697,1
NEWS_06698,4
NEWS_06699,1
NEWS_06700,4
NEWS_06701,4
NEWS_06702,0
NEWS_06703,3
NEWS_06704,3
NEWS_06705,1
NEWS_06706,4
NEWS_06707,3
NEWS_06708,2
NEWS_06709,4
NEWS_06710,4
NEWS_06711,4
NEWS_06712,3
NEWS_06713,2
NEWS_06714,2
NEWS_06715,5
NEWS_06716,4
NEWS_06717,1
NEWS_06718,4
NEWS_06719,2
NEWS_06720,3
NEWS_06721,3
NEWS_06722,1
NEWS_06723,3
NEWS_06724,3
NEWS_06725,3
NEWS_06726,5
NEWS_06727,4
NEWS_06728,1
NEWS_06729,5
NEWS_06730,0
NEWS_06731,1
NEWS_06732,4
NEWS_06733,1
NEWS_06734,4
NEWS_06735,0
NEWS_06736,1
NEWS_06737,4
NEWS_06738,3
NEWS_06739,5
NEWS_06740,2
NEWS_06741,5
NEWS_06742,2
NEWS_06743,1
NEWS_06744,0
NEWS_06745,1
NEWS_06746,4
NEWS_06747,1
NEWS_06748,3
NEWS_06749,4
NEWS_06750,4
NEWS_06751,2
NEWS_06752,3
NEWS_06753,1
NEWS_06754,4
NEWS_06755,1
NEWS_06756,4
NEWS_06757,1
NEWS_06758,3
NEWS_06759,4
NEWS_06760,3
NEWS_06761,4
NEWS_06762,4
NEWS_06763,1
NEWS_06764,2
NEWS_06765,4
NEWS_06766,4
NEWS_06767,2
NEWS_06768,5
NEWS_06769,1
NEWS_06770,3
NEWS_06771,5
NEWS_06772,4
NEWS_06773,4
NEWS_06774,4
NEWS_06775,1
NEWS_06776,5
NEWS_06777,2
NEWS_06778,4
NEWS_06779,1
NEWS_06780,4
NEWS_06781,4
NEWS_06782,1
NEWS_06783,2
NEWS_06784,1
NEWS_06785,4
NEWS_06786,4
NEWS_06787,1
NEWS_06788,5
NEWS_06789,4
NEWS_06790,1
NEWS_06791,5
NEWS_06792,1
NEWS_06793,5
NEWS_06794,5
NEWS_06795,4
NEWS_06796,5
NEWS_06797,4
NEWS_06798,4
NEWS_06799,4
NEWS_06800,1
NEWS_06801,5
NEWS_06802,5
NEWS_06803,5
NEWS_06804,0
NEWS_06805,2
NEWS_06806,5
NEWS_06807,4
NEWS_06808,2
NEWS_06809,1
NEWS_06810,3
NEWS_06811,4
NEWS_06812,4
NEWS_06813,3
NEWS_06814,1
NEWS_06815,1
NEWS_06816,2
NEWS_06817,1
NEWS_06818,4
NEWS_06819,3
NEWS_06820,4
NEWS_06821,2
NEWS_06822,2
NEWS_06823,2
NEWS_06824,2
NEWS_06825,0
NEWS_06826,2
NEWS_06827,4
NEWS_06828,3
NEWS_06829,4
NEWS_06830,4
NEWS_06831,1
NEWS_06832,1
NEWS_06833,4
NEWS_06834,4
NEWS_06835,4
NEWS_06836,5
NEWS_06837,3
NEWS_06838,1
NEWS_06839,1
NEWS_06840,2
NEWS_06841,1
NEWS_06842,4
NEWS_06843,4
NEWS_06844,4
NEWS_06845,4
NEWS_06846,5
NEWS_06847,4
NEWS_06848,4
NEWS_06849,1
NEWS_06850,3
NEWS_06851,1
NEWS_06852,3
NEWS_06853,5
NEWS_06854,2
NEWS_06855,4
NEWS_06856,2
NEWS_06857,5
NEWS_06858,4
NEWS_06859,5
NEWS_06860,0
NEWS_06861,1
NEWS_06862,4
NEWS_06863,3
NEWS_06864,4
NEWS_06865,5
NEWS_06866,1
NEWS_06867,3
NEWS_06868,4
NEWS_06869,1
NEWS_06870,4
NEWS_06871,1
NEWS_06872,4
NEWS_06873,4
NEWS_06874,0
NEWS_06875,3
NEWS_06876,2
NEWS_06877,3
NEWS_06878,4
NEWS_06879,1
NEWS_06880,1
NEWS_06881,2
NEWS_06882,1
NEWS_06883,2
NEWS_06884,4
NEWS_06885,1
NEWS_06886,2
NEWS_06887,4
NEWS_06888,3
NEWS_06889,1
NEWS_06890,5
NEWS_06891,3
NEWS_06892,3
NEWS_06893,2
NEWS_06894,5
NEWS_06895,2
NEWS_06896,3
NEWS_06897,3
NEWS_06898,4
NEWS_06899,2
NEWS_06900,2
NEWS_06901,0
NEWS_06902,1
NEWS_06903,1
NEWS_06904,5
NEWS_06905,4
NEWS_06906,5
NEWS_06907,4
NEWS_06908,2
NEWS_06909,1
NEWS_06910,4
NEWS_06911,1
NEWS_06912,1
NEWS_06913,0
NEWS_06914,4
NEWS_06915,2
NEWS_06916,2
NEWS_06917,0
NEWS_06918,2
NEWS_06919,5
NEWS_06920,4
NEWS_06921,1
NEWS_06922,3
NEWS_06923,3
NEWS_06924,3
NEWS_06925,3
NEWS_06926,5
NEWS_06927,3
NEWS_06928,3
NEWS_06929,4
NEWS_06930,3
NEWS_06931,1
NEWS_06932,3
NEWS_06933,3
NEWS_06934,4
NEWS_06935,4
NEWS_06936,1
NEWS_06937,2
NEWS_06938,3
NEWS_06939,0
NEWS_06940,5
NEWS_06941,2
NEWS_06942,4
NEWS_06943,4
NEWS_06944,2
NEWS_06945,3
NEWS_06946,3
NEWS_06947,3
NEWS_06948,1
NEWS_06949,4
NEWS_06950,4
NEWS_06951,3
NEWS_06952,1
NEWS_06953,4
NEWS_06954,4
NEWS_06955,4
NEWS_06956,1
NEWS_06957,3
NEWS_06958,1
NEWS_06959,3
NEWS_06960,4
NEWS_06961,5
NEWS_06962,5
NEWS_06963,2
NEWS_06964,3
NEWS_06965,1
NEWS_06966,2
NEWS_06967,2
NEWS_06968,4
NEWS_06969,2
NEWS_06970,3
NEWS_06971,1
NEWS_06972,4
NEWS_06973,3
NEWS_06974,3
NEWS_06975,3
NEWS_06976,4
NEWS_06977,2
NEWS_06978,2
NEWS_06979,4
NEWS_06980,1
NEWS_06981,4
NEWS_06982,4
NEWS_06983,5
NEWS_06984,5
NEWS_06985,3
NEWS_06986,1
NEWS_06987,5
NEWS_06988,3
NEWS_06989,4
NEWS_06990,4
NEWS_06991,3
NEWS_06992,1
NEWS_06993,3
NEWS_06994,2
NEWS_06995,4
NEWS_06996,4
NEWS_06997,3
NEWS_06998,1
NEWS_06999,1
NEWS_07000,3
NEWS_07001,4
NEWS_07002,1
NEWS_07003,4
NEWS_07004,4
NEWS_07005,4
NEWS_07006,1
NEWS_07007,4
NEWS_07008,4
NEWS_07009,0
NEWS_07010,3
NEWS_07011,2
NEWS_07012,4
NEWS_07013,0
NEWS_07014,3
NEWS_07015,4
NEWS_07016,5
NEWS_07017,2
NEWS_07018,1
NEWS_07019,1
NEWS_07020,3
NEWS_07021,1
NEWS_07022,4
NEWS_07023,1
NEWS_07024,4
NEWS_07025,1
NEWS_07026,2
NEWS_07027,1
NEWS_07028,0
NEWS_07029,3
NEWS_07030,5
NEWS_07031,1
NEWS_07032,5
NEWS_07033,5
NEWS_07034,4
NEWS_07035,2
NEWS_07036,1
NEWS_07037,2
NEWS_07038,1
NEWS_07039,5
NEWS_07040,4
NEWS_07041,2
NEWS_07042,5
NEWS_07043,3
NEWS_07044,1
NEWS_07045,4
NEWS_07046,5
NEWS_07047,3
NEWS_07048,1
NEWS_07049,0
NEWS_07050,1
NEWS_07051,2
NEWS_07052,4
NEWS_07053,1
NEWS_07054,3
NEWS_07055,4
NEWS_07056,5
NEWS_07057,5
NEWS_07058,1
NEWS_07059,3
NEWS_07060,4
NEWS_07061,5
NEWS_07062,3
NEWS_07063,4
NEWS_07064,3
NEWS_07065,4
NEWS_07066,2
NEWS_07067,2
NEWS_07068,1
NEWS_07069,3
NEWS_07070,1
NEWS_07071,1
NEWS_07072,4
NEWS_07073,3
NEWS_07074,4
NEWS_07075,5
NEWS_07076,2
NEWS_07077,4
NEWS_07078,4
NEWS_07079,4
NEWS_07080,5
NEWS_07081,4
NEWS_07082,2
NEWS_07083,4
NEWS_07084,4
NEWS_07085,3
NEWS_07086,4
NEWS_07087,1
NEWS_07088,3
NEWS_07089,3
NEWS_07090,2
NEWS_07091,1
NEWS_07092,1
NEWS_07093,4
NEWS_07094,1
NEWS_07095,4
NEWS_07096,4
NEWS_07097,4
NEWS_07098,3
NEWS_07099,5
NEWS_07100,4
NEWS_07101,3
NEWS_07102,4
NEWS_07103,4
NEWS_07104,4
NEWS_07105,3
NEWS_07106,5
NEWS_07107,3
NEWS_07108,4
NEWS_07109,2
NEWS_07110,2
NEWS_07111,1
NEWS_07112,5
NEWS_07113,1
NEWS_07114,0
NEWS_07115,0
NEWS_07116,4
NEWS_07117,0
NEWS_07118,4
NEWS_07119,0
NEWS_07120,2
NEWS_07121,5
NEWS_07122,2
NEWS_07123,4
NEWS_07124,5
NEWS_07125,1
NEWS_07126,3
NEWS_07127,1
NEWS_07128,4
NEWS_07129,2
NEWS_07130,3
NEWS_07131,3
NEWS_07132,0
NEWS_07133,1
NEWS_07134,2
NEWS_07135,1
NEWS_07136,0
NEWS_07137,3
NEWS_07138,4
NEWS_07139,5
NEWS_07140,4
NEWS_07141,2
NEWS_07142,2
NEWS_07143,4
NEWS_07144,4
NEWS_07145,3
NEWS_07146,1
NEWS_07147,4
NEWS_07148,4
NEWS_07149,4
NEWS_07150,1
NEWS_07151,0
NEWS_07152,4
NEWS_07153,3
NEWS_07154,4
NEWS_07155,4
NEWS_07156,5
NEWS_07157,3
NEWS_07158,1
NEWS_07159,4
NEWS_07160,4
NEWS_07161,2
NEWS_07162,5
NEWS_07163,2
NEWS_07164,3
NEWS_07165,4
NEWS_07166,4
NEWS_07167,3
NEWS_07168,2
NEWS_07169,5
NEWS_07170,4
NEWS_07171,4
NEWS_07172,3
NEWS_07173,4
NEWS_07174,3
NEWS_07175,1
NEWS_07176,3
NEWS_07177,0
NEWS_07178,5
NEWS_07179,4
NEWS_07180,5
NEWS_07181,5
NEWS_07182,5
NEWS_07183,4
NEWS_07184,4
NEWS_07185,5
NEWS_07186,1
NEWS_07187,3
NEWS_07188,4
NEWS_07189,1
NEWS_07190,3
NEWS_07191,1
NEWS_07192,3
NEWS_07193,0
NEWS_07194,1
NEWS_07195,4
NEWS_07196,3
NEWS_07197,2
NEWS_07198,1
NEWS_07199,1
NEWS_07200,3
NEWS_07201,1
NEWS_07202,4
NEWS_07203,0
NEWS_07204,4
NEWS_07205,3
NEWS_07206,4
NEWS_07207,4
NEWS_07208,1
NEWS_07209,2
NEWS_07210,3
NEWS_07211,4
NEWS_07212,4
NEWS_07213,2
NEWS_07214,3
NEWS_07215,5
NEWS_07216,4
NEWS_07217,3
NEWS_07218,1
NEWS_07219,4
NEWS_07220,3
NEWS_07221,5
NEWS_07222,3
NEWS_07223,1
NEWS_07224,4
NEWS_07225,3
NEWS_07226,4
NEWS_07227,3
NEWS_07228,4
NEWS_07229,0
NEWS_07230,4
NEWS_07231,4
NEWS_07232,3
NEWS_07233,5
NEWS_07234,4
NEWS_07235,4
NEWS_07236,2
NEWS_07237,3
NEWS_07238,4
NEWS_07239,1
NEWS_07240,3
NEWS_07241,1
NEWS_07242,4
NEWS_07243,1
NEWS_07244,4
NEWS_07245,2
NEWS_07246,4
NEWS_07247,1
NEWS_07248,4
NEWS_07249,1
NEWS_07250,3
NEWS_07251,5
NEWS_07252,3
NEWS_07253,4
NEWS_07254,0
NEWS_07255,1
NEWS_07256,2
NEWS_07257,4
NEWS_07258,5
NEWS_07259,4
NEWS_07260,5
NEWS_07261,1
NEWS_07262,5
NEWS_07263,1
NEWS_07264,4
NEWS_07265,1
NEWS_07266,0
NEWS_07267,5
NEWS_07268,1
NEWS_07269,4
NEWS_07270,1
NEWS_07271,2
NEWS_07272,3
NEWS_07273,1
NEWS_07274,4
NEWS_07275,1
NEWS_07276,4
NEWS_07277,4
NEWS_07278,3
NEWS_07279,2
NEWS_07280,4
NEWS_07281,4
NEWS_07282,2
NEWS_07283,1
NEWS_07284,3
NEWS_07285,4
NEWS_07286,2
NEWS_07287,5
NEWS_07288,4
NEWS_07289,4
NEWS_07290,4
NEWS_07291,1
NEWS_07292,4
NEWS_07293,3
NEWS_07294,2
NEWS_07295,4
NEWS_07296,4
NEWS_07297,1
NEWS_07298,4
NEWS_07299,3
NEWS_07300,5
NEWS_07301,2
NEWS_07302,1
NEWS_07303,1
NEWS_07304,3
NEWS_07305,5
NEWS_07306,5
NEWS_07307,1
NEWS_07308,1
NEWS_07309,1
NEWS_07310,1
NEWS_07311,5
NEWS_07312,1
NEWS_07313,3
NEWS_07314,2
NEWS_07315,5
NEWS_07316,4
NEWS_07317,3
NEWS_07318,1
NEWS_07319,1
NEWS_07320,2
NEWS_07321,4
NEWS_07322,3
NEWS_07323,4
NEWS_07324,3
NEWS_07325,3
NEWS_07326,0
NEWS_07327,5
NEWS_07328,4
NEWS_07329,5
NEWS_07330,1
NEWS_07331,4
NEWS_07332,4
NEWS_07333,4
NEWS_07334,2
NEWS_07335,5
NEWS_07336,3
NEWS_07337,1
NEWS_07338,4
NEWS_07339,3
NEWS_07340,1
NEWS_07341,5
NEWS_07342,1
NEWS_07343,1
NEWS_07344,3
NEWS_07345,4
NEWS_07346,4
NEWS_07347,4
NEWS_07348,2
NEWS_07349,3
NEWS_07350,4
NEWS_07351,4
NEWS_07352,3
NEWS_07353,0
NEWS_07354,5
NEWS_07355,4
NEWS_07356,2
NEWS_07357,2
NEWS_07358,1
NEWS_07359,1
NEWS_07360,3
NEWS_07361,3
NEWS_07362,0
NEWS_07363,4
NEWS_07364,4
NEWS_07365,4
NEWS_07366,5
NEWS_07367,4
NEWS_07368,4
NEWS_07369,0
NEWS_07370,4
NEWS_07371,5
NEWS_07372,4
NEWS_07373,4
NEWS_07374,1
NEWS_07375,2
NEWS_07376,2
NEWS_07377,0
NEWS_07378,1
NEWS_07379,3
NEWS_07380,4
NEWS_07381,2
NEWS_07382,2
NEWS_07383,1
NEWS_07384,1
NEWS_07385,3
NEWS_07386,0
NEWS_07387,5
NEWS_07388,1
NEWS_07389,4
NEWS_07390,2
NEWS_07391,1
NEWS_07392,5
NEWS_07393,4
NEWS_07394,4
NEWS_07395,1
NEWS_07396,5
NEWS_07397,2
NEWS_07398,1
NEWS_07399,4
NEWS_07400,2
NEWS_07401,3
NEWS_07402,2
NEWS_07403,5
NEWS_07404,1
NEWS_07405,2
NEWS_07406,5
NEWS_07407,3
NEWS_07408,4
NEWS_07409,3
NEWS_07410,4
NEWS_07411,4
NEWS_07412,5
NEWS_07413,3
NEWS_07414,2
NEWS_07415,1
NEWS_07416,4
NEWS_07417,4
NEWS_07418,2
NEWS_07419,5
NEWS_07420,2
NEWS_07421,0
NEWS_07422,5
NEWS_07423,0
NEWS_07424,3
NEWS_07425,4
NEWS_07426,1
NEWS_07427,4
NEWS_07428,2
NEWS_07429,4
NEWS_07430,1
NEWS_07431,2
NEWS_07432,4
NEWS_07433,0
NEWS_07434,4
NEWS_07435,3
NEWS_07436,4
NEWS_07437,5
NEWS_07438,4
NEWS_07439,1
NEWS_07440,1
NEWS_07441,4
NEWS_07442,0
NEWS_07443,2
NEWS_07444,4
NEWS_07445,0
NEWS_07446,1
NEWS_07447,2
NEWS_07448,0
NEWS_07449,1
NEWS_07450,4
NEWS_07451,2
NEWS_07452,2
NEWS_07453,1
NEWS_07454,2
NEWS_07455,1
NEWS_07456,4
NEWS_07457,0
NEWS_07458,5
NEWS_07459,1
NEWS_07460,1
NEWS_07461,3
NEWS_07462,4
NEWS_07463,4
NEWS_07464,3
NEWS_07465,5
NEWS_07466,4
NEWS_07467,4
NEWS_07468,4
NEWS_07469,4
NEWS_07470,2
NEWS_07471,4
NEWS_07472,4
NEWS_07473,0
NEWS_07474,3
NEWS_07475,3
NEWS_07476,2
NEWS_07477,4
NEWS_07478,1
NEWS_07479,3
NEWS_07480,4
NEWS_07481,2
NEWS_07482,3
NEWS_07483,3
NEWS_07484,1
NEWS_07485,5
NEWS_07486,4
NEWS_07487,4
NEWS_07488,4
NEWS_07489,1
NEWS_07490,1
NEWS_07491,4
NEWS_07492,1
NEWS_07493,0
NEWS_07494,4
NEWS_07495,1
NEWS_07496,5
NEWS_07497,4
NEWS_07498,3
NEWS_07499,1
NEWS_07500,0
NEWS_07501,5
NEWS_07502,1
NEWS_07503,3
NEWS_07504,2
NEWS_07505,4
NEWS_07506,5
NEWS_07507,4
NEWS_07508,4
NEWS_07509,3
NEWS_07510,4
NEWS_07511,5
NEWS_07512,5
NEWS_07513,0
NEWS_07514,2
NEWS_07515,4
NEWS_07516,4
NEWS_07517,1
NEWS_07518,2
NEWS_07519,3
NEWS_07520,5
NEWS_07521,1
NEWS_07522,4
NEWS_07523,5
NEWS_07524,1
NEWS_07525,1
NEWS_07526,4
NEWS_07527,1
NEWS_07528,4
NEWS_07529,4
NEWS_07530,3
NEWS_07531,0
NEWS_07532,2
NEWS_07533,2
NEWS_07534,5
NEWS_07535,0
NEWS_07536,1
NEWS_07537,1
NEWS_07538,4
NEWS_07539,2
NEWS_07540,5
NEWS_07541,4
NEWS_07542,2
NEWS_07543,0
NEWS_07544,1
NEWS_07545,4
NEWS_07546,5
NEWS_07547,1
NEWS_07548,0
NEWS_07549,4
NEWS_07550,1
NEWS_07551,3
NEWS_07552,4
NEWS_07553,4
NEWS_07554,3
NEWS_07555,2
NEWS_07556,5
NEWS_07557,4
NEWS_07558,3
NEWS_07559,5
NEWS_07560,2
NEWS_07561,5
NEWS_07562,4
NEWS_07563,1
NEWS_07564,4
NEWS_07565,3
NEWS_07566,4
NEWS_07567,5
NEWS_07568,4
NEWS_07569,4
NEWS_07570,1
NEWS_07571,4
NEWS_07572,2
NEWS_07573,3
NEWS_07574,5
NEWS_07575,3
NEWS_07576,1
NEWS_07577,5
NEWS_07578,5
NEWS_07579,5
NEWS_07580,2
NEWS_07581,3
NEWS_07582,3
NEWS_07583,2
NEWS_07584,4
NEWS_07585,1
NEWS_07586,4
NEWS_07587,4
NEWS_07588,3
NEWS_07589,5
NEWS_07590,2
NEWS_07591,4
NEWS_07592,0
NEWS_07593,4
NEWS_07594,3
NEWS_07595,1
NEWS_07596,0
NEWS_07597,3
NEWS_07598,5
NEWS_07599,1
NEWS_07600,5
NEWS_07601,5
NEWS_07602,3
NEWS_07603,4
NEWS_07604,4
NEWS_07605,1
NEWS_07606,2
NEWS_07607,4
NEWS_07608,4
NEWS_07609,1
NEWS_07610,4
NEWS_07611,1
NEWS_07612,1
NEWS_07613,1
NEWS_07614,0
NEWS_07615,5
NEWS_07616,4
NEWS_07617,4
NEWS_07618,2
NEWS_07619,5
NEWS_07620,4
NEWS_07621,4
NEWS_07622,4
NEWS_07623,1
NEWS_07624,3
NEWS_07625,1
NEWS_07626,5
NEWS_07627,1
NEWS_07628,3
NEWS_07629,4
NEWS_07630,4
NEWS_07631,3
NEWS_07632,1
NEWS_07633,5
NEWS_07634,3
NEWS_07635,4
NEWS_07636,3
NEWS_07637,2
NEWS_07638,5
NEWS_07639,0
NEWS_07640,4
NEWS_07641,1
NEWS_07642,2
NEWS_07643,3
NEWS_07644,4
NEWS_07645,4
NEWS_07646,3
NEWS_07647,2
NEWS_07648,4
NEWS_07649,4
NEWS_07650,1
NEWS_07651,1
NEWS_07652,1
NEWS_07653,4
NEWS_07654,4
NEWS_07655,2
NEWS_07656,3
NEWS_07657,5
NEWS_07658,1
NEWS_07659,1
NEWS_07660,3
NEWS_07661,3
NEWS_07662,4
NEWS_07663,4
NEWS_07664,1
NEWS_07665,4
NEWS_07666,4
NEWS_07667,3
NEWS_07668,2
NEWS_07669,1
NEWS_07670,3
NEWS_07671,5
NEWS_07672,1
NEWS_07673,3
NEWS_07674,4
NEWS_07675,1
NEWS_07676,4
NEWS_07677,4
NEWS_07678,4
NEWS_07679,3
NEWS_07680,2
NEWS_07681,4
NEWS_07682,3
NEWS_07683,0
NEWS_07684,5
NEWS_07685,4
NEWS_07686,5
NEWS_07687,2
NEWS_07688,3
NEWS_07689,5
NEWS_07690,5
NEWS_07691,2
NEWS_07692,3
NEWS_07693,1
NEWS_07694,5
NEWS_07695,3
NEWS_07696,1
NEWS_07697,2
NEWS_07698,4
NEWS_07699,4
NEWS_07700,0
NEWS_07701,4
NEWS_07702,2
NEWS_07703,5
NEWS_07704,3
NEWS_07705,5
NEWS_07706,4
NEWS_07707,1
NEWS_07708,5
NEWS_07709,4
NEWS_07710,5
NEWS_07711,1
NEWS_07712,4
NEWS_07713,4
NEWS_07714,1
NEWS_07715,4
NEWS_07716,3
NEWS_07717,4
NEWS_07718,4
NEWS_07719,4
NEWS_07720,4
NEWS_07721,4
NEWS_07722,2
NEWS_07723,5
NEWS_07724,1
NEWS_07725,5
NEWS_07726,1
NEWS_07727,3
NEWS_07728,1
NEWS_07729,3
NEWS_07730,5
NEWS_07731,0
NEWS_07732,5
NEWS_07733,3
NEWS_07734,4
NEWS_07735,3
NEWS_07736,2
NEWS_07737,3
NEWS_07738,3
NEWS_07739,2
NEWS_07740,1
NEWS_07741,4
NEWS_07742,0
NEWS_07743,5
NEWS_07744,4
NEWS_07745,4
NEWS_07746,4
NEWS_07747,3
NEWS_07748,3
NEWS_07749,1
NEWS_07750,2
NEWS_07751,4
NEWS_07752,4
NEWS_07753,1
NEWS_07754,2
NEWS_07755,5
NEWS_07756,4
NEWS_07757,4
NEWS_07758,0
NEWS_07759,5
NEWS_07760,4
NEWS_07761,4
NEWS_07762,1
NEWS_07763,1
NEWS_07764,5
NEWS_07765,1
NEWS_07766,1
NEWS_07767,4
NEWS_07768,1
NEWS_07769,3
NEWS_07770,1
NEWS_07771,3
NEWS_07772,4
NEWS_07773,4
NEWS_07774,2
NEWS_07775,5
NEWS_07776,2
NEWS_07777,0
NEWS_07778,2
NEWS_07779,3
NEWS_07780,2
NEWS_07781,2
NEWS_07782,4
NEWS_07783,1
NEWS_07784,3
NEWS_07785,3
NEWS_07786,5
NEWS_07787,4
NEWS_07788,5
NEWS_07789,3
NEWS_07790,2
NEWS_07791,1
NEWS_07792,1
NEWS_07793,3
NEWS_07794,4
NEWS_07795,2
NEWS_07796,1
NEWS_07797,3
NEWS_07798,5
NEWS_07799,2
NEWS_07800,4
NEWS_07801,2
NEWS_07802,5
NEWS_07803,1
NEWS_07804,1
NEWS_07805,5
NEWS_07806,4
NEWS_07807,5
NEWS_07808,4
NEWS_07809,4
NEWS_07810,5
NEWS_07811,5
NEWS_07812,4
NEWS_07813,4
NEWS_07814,3
NEWS_07815,3
NEWS_07816,5
NEWS_07817,5
NEWS_07818,1
NEWS_07819,4
NEWS_07820,1
NEWS_07821,2
NEWS_07822,4
NEWS_07823,4
NEWS_07824,3
NEWS_07825,5
NEWS_07826,4
NEWS_07827,4
NEWS_07828,5
NEWS_07829,3
NEWS_07830,5
NEWS_07831,4
NEWS_07832,3
NEWS_07833,4
NEWS_07834,2
NEWS_07835,1
NEWS_07836,5
NEWS_07837,5
NEWS_07838,5
NEWS_07839,5
NEWS_07840,1
NEWS_07841,2
NEWS_07842,4
NEWS_07843,0
NEWS_07844,1
NEWS_07845,3
NEWS_07846,4
NEWS_07847,4
NEWS_07848,4
NEWS_07849,1
NEWS_07850,4
NEWS_07851,3
NEWS_07852,1
NEWS_07853,1
NEWS_07854,1
NEWS_07855,4
NEWS_07856,4
NEWS_07857,4
NEWS_07858,1
NEWS_07859,3
NEWS_07860,2
NEWS_07861,1
NEWS_07862,5
NEWS_07863,2
NEWS_07864,1
NEWS_07865,5
NEWS_07866,3
NEWS_07867,1
NEWS_07868,1
NEWS_07869,4
NEWS_07870,5
NEWS_07871,5
NEWS_07872,2
NEWS_07873,4
NEWS_07874,5
NEWS_07875,1
NEWS_07876,2
NEWS_07877,5
NEWS_07878,1
NEWS_07879,4
NEWS_07880,4
NEWS_07881,4
NEWS_07882,1
NEWS_07883,2
NEWS_07884,3
NEWS_07885,1
NEWS_07886,3
NEWS_07887,4
NEWS_07888,0
NEWS_07889,3
NEWS_07890,1
NEWS_07891,5
NEWS_07892,2
NEWS_07893,4
NEWS_07894,0
NEWS_07895,4
NEWS_07896,0
NEWS_07897,2
NEWS_07898,5
NEWS_07899,3
NEWS_07900,2
NEWS_07901,2
NEWS_07902,1
NEWS_07903,5
NEWS_07904,3
NEWS_07905,4
NEWS_07906,3
NEWS_07907,5
NEWS_07908,2
NEWS_07909,3
NEWS_07910,2
NEWS_07911,4
NEWS_07912,4
NEWS_07913,5
NEWS_07914,5
NEWS_07915,4
NEWS_07916,3
NEWS_07917,2
NEWS_07918,3
NEWS_07919,3
NEWS_07920,1
NEWS_07921,3
NEWS_07922,1
NEWS_07923,2
NEWS_07924,4
NEWS_07925,4
NEWS_07926,3
NEWS_07927,5
NEWS_07928,5
NEWS_07929,3
NEWS_07930,1
NEWS_07931,1
NEWS_07932,1
NEWS_07933,3
NEWS_07934,5
NEWS_07935,5
NEWS_07936,2
NEWS_07937,5
NEWS_07938,5
NEWS_07939,4
NEWS_07940,5
NEWS_07941,2
NEWS_07942,2
NEWS_07943,4
NEWS_07944,2
NEWS_07945,1
NEWS_07946,0
NEWS_07947,5
NEWS_07948,4
NEWS_07949,4
NEWS_07950,0
NEWS_07951,4
NEWS_07952,2
NEWS_07953,4
NEWS_07954,3
NEWS_07955,2
NEWS_07956,5
NEWS_07957,4
NEWS_07958,2
NEWS_07959,4
NEWS_07960,3
NEWS_07961,0
NEWS_07962,0
NEWS_07963,3
NEWS_07964,3
NEWS_07965,0
NEWS_07966,4
NEWS_07967,4
NEWS_07968,3
NEWS_07969,3
NEWS_07970,0
NEWS_07971,4
NEWS_07972,4
NEWS_07973,3
NEWS_07974,4
NEWS_07975,4
NEWS_07976,5
NEWS_07977,4
NEWS_07978,3
NEWS_07979,4
NEWS_07980,5
NEWS_07981,2
NEWS_07982,3
NEWS_07983,1
NEWS_07984,1
NEWS_07985,1
NEWS_07986,2
NEWS_07987,4
NEWS_07988,5
NEWS_07989,4
NEWS_07990,2
NEWS_07991,5
NEWS_07992,4
NEWS_07993,3
NEWS_07994,4
NEWS_07995,1
NEWS_07996,3
NEWS_07997,1
NEWS_07998,5
NEWS_07999,5
NEWS_08000,5
NEWS_08001,3
NEWS_08002,3
NEWS_08003,4
NEWS_08004,1
NEWS_08005,4
NEWS_08006,4
NEWS_08007,4
NEWS_08008,1
NEWS_08009,4
NEWS_08010,3
NEWS_08011,2
NEWS_08012,4
NEWS_08013,1
NEWS_08014,2
NEWS_08015,3
NEWS_08016,2
NEWS_08017,5
NEWS_08018,4
NEWS_08019,5
NEWS_08020,4
NEWS_08021,3
NEWS_08022,3
NEWS_08023,4
NEWS_08024,1
NEWS_08025,3
NEWS_08026,5
NEWS_08027,4
NEWS_08028,4
NEWS_08029,3
NEWS_08030,2
NEWS_08031,0
NEWS_08032,3
NEWS_08033,5
NEWS_08034,3
NEWS_08035,4
NEWS_08036,4
NEWS_08037,3
NEWS_08038,3
NEWS_08039,3
NEWS_08040,3
NEWS_08041,2
NEWS_08042,3
NEWS_08043,4
NEWS_08044,4
NEWS_08045,1
NEWS_08046,0
NEWS_08047,4
NEWS_08048,0
NEWS_08049,1
NEWS_08050,2
NEWS_08051,5
NEWS_08052,4
NEWS_08053,1
NEWS_08054,4
NEWS_08055,5
NEWS_08056,4
NEWS_08057,4
NEWS_08058,1
NEWS_08059,2
NEWS_08060,4
NEWS_08061,4
NEWS_08062,1
NEWS_08063,0
NEWS_08064,5
NEWS_08065,4
NEWS_08066,3
NEWS_08067,2
NEWS_08068,4
NEWS_08069,1
NEWS_08070,4
NEWS_08071,1
NEWS_08072,3
NEWS_08073,4
NEWS_08074,4
NEWS_08075,1
NEWS_08076,4
NEWS_08077,5
NEWS_08078,1
NEWS_08079,2
NEWS_08080,1
NEWS_08081,1
NEWS_08082,4
NEWS_08083,3
NEWS_08084,4
NEWS_08085,1
NEWS_08086,4
NEWS_08087,4
NEWS_08088,5
NEWS_08089,4
NEWS_08090,2
NEWS_08091,4
NEWS_08092,4
NEWS_08093,2
NEWS_08094,5
NEWS_08095,4
NEWS_08096,5
NEWS_08097,3
NEWS_08098,5
NEWS_08099,5
NEWS_08100,1
NEWS_08101,4
NEWS_08102,3
NEWS_08103,1
NEWS_08104,3
NEWS_08105,4
NEWS_08106,0
NEWS_08107,1
NEWS_08108,2
NEWS_08109,1
NEWS_08110,2
NEWS_08111,3
NEWS_08112,3
NEWS_08113,4
NEWS_08114,5
NEWS_08115,2
NEWS_08116,4
NEWS_08117,4
NEWS_08118,3
NEWS_08119,1
NEWS_08120,4
NEWS_08121,3
NEWS_08122,5
NEWS_08123,4
NEWS_08124,1
NEWS_08125,3
NEWS_08126,1
NEWS_08127,5
NEWS_08128,3
NEWS_08129,4
NEWS_08130,0
NEWS_08131,0
NEWS_08132,4
NEWS_08133,3
NEWS_08134,4
NEWS_08135,3
NEWS_08136,4
NEWS_08137,4
NEWS_08138,1
NEWS_08139,4
NEWS_08140,3
NEWS_08141,3
NEWS_08142,1
NEWS_08143,4
NEWS_08144,3
NEWS_08145,3
NEWS_08146,3
NEWS_08147,1
NEWS_08148,1
NEWS_08149,5
NEWS_08150,4
NEWS_08151,5
NEWS_08152,1
NEWS_08153,3
NEWS_08154,3
NEWS_08155,3
NEWS_08156,4
NEWS_08157,2
NEWS_08158,5
NEWS_08159,4
NEWS_08160,4
NEWS_08161,0
NEWS_08162,1
NEWS_08163,4
NEWS_08164,1
NEWS_08165,5
NEWS_08166,4
NEWS_08167,4
NEWS_08168,2
NEWS_08169,4
NEWS_08170,5
NEWS_08171,5
NEWS_08172,2
NEWS_08173,2
NEWS_08174,3
NEWS_08175,3
NEWS_08176,4
NEWS_08177,4
NEWS_08178,4
NEWS_08179,5
NEWS_08180,4
NEWS_08181,1
NEWS_08182,2
NEWS_08183,2
NEWS_08184,0
NEWS_08185,4
NEWS_08186,3
NEWS_08187,0
NEWS_08188,3
NEWS_08189,5
NEWS_08190,4
NEWS_08191,4
NEWS_08192,4
NEWS_08193,4
NEWS_08194,4
NEWS_08195,5
NEWS_08196,5
NEWS_08197,3
NEWS_08198,5
NEWS_08199,1
NEWS_08200,4
NEWS_08201,5
NEWS_08202,1
NEWS_08203,4
NEWS_08204,1
NEWS_08205,1
NEWS_08206,5
NEWS_08207,1
NEWS_08208,4
NEWS_08209,2
NEWS_08210,2
NEWS_08211,4
NEWS_08212,2
NEWS_08213,0
NEWS_08214,4
NEWS_08215,4
NEWS_08216,5
NEWS_08217,4
NEWS_08218,4
NEWS_08219,5
NEWS_08220,1
NEWS_08221,0
NEWS_08222,2
NEWS_08223,2
NEWS_08224,5
NEWS_08225,1
NEWS_08226,4
NEWS_08227,0
NEWS_08228,1
NEWS_08229,4
NEWS_08230,1
NEWS_08231,1
NEWS_08232,4
NEWS_08233,0
NEWS_08234,3
NEWS_08235,1
NEWS_08236,4
NEWS_08237,1
NEWS_08238,4
NEWS_08239,3
NEWS_08240,5
NEWS_08241,2
NEWS_08242,5
NEWS_08243,1
NEWS_08244,4
NEWS_08245,5
NEWS_08246,3
NEWS_08247,4
NEWS_08248,2
NEWS_08249,1
NEWS_08250,4
NEWS_08251,4
NEWS_08252,3
NEWS_08253,3
NEWS_08254,2
NEWS_08255,4
NEWS_08256,3
NEWS_08257,5
NEWS_08258,3
NEWS_08259,1
NEWS_08260,0
NEWS_08261,3
NEWS_08262,3
NEWS_08263,3
NEWS_08264,2
NEWS_08265,4
NEWS_08266,4
NEWS_08267,5
NEWS_08268,4
NEWS_08269,4
NEWS_08270,4
NEWS_08271,2
NEWS_08272,1
NEWS_08273,3
NEWS_08274,2
NEWS_08275,5
NEWS_08276,4
NEWS_08277,4
NEWS_08278,4
NEWS_08279,1
NEWS_08280,2
NEWS_08281,5
NEWS_08282,4
NEWS_08283,1
NEWS_08284,3
NEWS_08285,4
NEWS_08286,4
NEWS_08287,2
NEWS_08288,5
NEWS_08289,1
NEWS_08290,4
NEWS_08291,4
NEWS_08292,4
NEWS_08293,1
NEWS_08294,1
NEWS_08295,4
NEWS_08296,2
NEWS_08297,4
NEWS_08298,1
NEWS_08299,5
NEWS_08300,1
NEWS_08301,5
NEWS_08302,4
NEWS_08303,4
NEWS_08304,2
NEWS_08305,2
NEWS_08306,1
NEWS_08307,3
NEWS_08308,0
NEWS_08309,4
NEWS_08310,4
NEWS_08311,2
NEWS_08312,5
NEWS_08313,1
NEWS_08314,5
NEWS_08315,5
NEWS_08316,3
NEWS_08317,4
NEWS_08318,5
NEWS_08319,0
NEWS_08320,1
NEWS_08321,5
NEWS_08322,0
NEWS_08323,4
NEWS_08324,4
NEWS_08325,4
NEWS_08326,4
NEWS_08327,5
NEWS_08328,3
NEWS_08329,4
NEWS_08330,4
NEWS_08331,0
NEWS_08332,1
NEWS_08333,4
NEWS_08334,0
NEWS_08335,4
NEWS_08336,2
NEWS_08337,5
NEWS_08338,2
NEWS_08339,4
NEWS_08340,1
NEWS_08341,1
NEWS_08342,1
NEWS_08343,4
NEWS_08344,1
NEWS_08345,1
NEWS_08346,4
NEWS_08347,2
NEWS_08348,3
NEWS_08349,1
NEWS_08350,0
NEWS_08351,2
NEWS_08352,4
NEWS_08353,1
NEWS_08354,0
NEWS_08355,1
NEWS_08356,1
NEWS_08357,4
NEWS_08358,2
NEWS_08359,1
NEWS_08360,1
NEWS_08361,4
NEWS_08362,4
NEWS_08363,5
NEWS_08364,1
NEWS_08365,5
NEWS_08366,3
NEWS_08367,4
NEWS_08368,3
NEWS_08369,5
NEWS_08370,4
NEWS_08371,1
NEWS_08372,5
NEWS_08373,4
NEWS_08374,1
NEWS_08375,4
NEWS_08376,3
NEWS_08377,4
NEWS_08378,4
NEWS_08379,5
NEWS_08380,4
NEWS_08381,4
NEWS_08382,5
NEWS_08383,5
NEWS_08384,5
NEWS_08385,4
NEWS_08386,1
NEWS_08387,1
NEWS_08388,3
NEWS_08389,4
NEWS_08390,5
NEWS_08391,5
NEWS_08392,1
NEWS_08393,0
NEWS_08394,3
NEWS_08395,5
NEWS_08396,3
NEWS_08397,2
NEWS_08398,1
NEWS_08399,1
NEWS_08400,3
NEWS_08401,1
NEWS_08402,1
NEWS_08403,3
NEWS_08404,2
NEWS_08405,2
NEWS_08406,5
NEWS_08407,4
NEWS_08408,4
NEWS_08409,3
NEWS_08410,4
NEWS_08411,3
NEWS_08412,1
NEWS_08413,5
NEWS_08414,4
NEWS_08415,0
NEWS_08416,4
NEWS_08417,4
NEWS_08418,3
NEWS_08419,4
NEWS_08420,2
NEWS_08421,2
NEWS_08422,5
NEWS_08423,4
NEWS_08424,4
NEWS_08425,4
NEWS_08426,1
NEWS_08427,4
NEWS_08428,2
NEWS_08429,4
NEWS_08430,4
NEWS_08431,4
NEWS_08432,1
NEWS_08433,1
NEWS_08434,1
NEWS_08435,3
NEWS_08436,2
NEWS_08437,4
NEWS_08438,4
NEWS_08439,4
NEWS_08440,4
NEWS_08441,2
NEWS_08442,1
NEWS_08443,4
NEWS_08444,1
NEWS_08445,4
NEWS_08446,4
NEWS_08447,4
NEWS_08448,5
NEWS_08449,5
NEWS_08450,3
NEWS_08451,4
NEWS_08452,3
NEWS_08453,4
NEWS_08454,3
NEWS_08455,1
NEWS_08456,4
NEWS_08457,5
NEWS_08458,5
NEWS_08459,1
NEWS_08460,3
NEWS_08461,3
NEWS_08462,1
NEWS_08463,1
NEWS_08464,2
NEWS_08465,4
NEWS_08466,3
NEWS_08467,1
NEWS_08468,5
NEWS_08469,5
NEWS_08470,3
NEWS_08471,5
NEWS_08472,3
NEWS_08473,1
NEWS_08474,2
NEWS_08475,3
NEWS_08476,4
NEWS_08477,3
NEWS_08478,3
NEWS_08479,4
NEWS_08480,4
NEWS_08481,5
NEWS_08482,2
NEWS_08483,2
NEWS_08484,1
NEWS_08485,1
NEWS_08486,5
NEWS_08487,2
NEWS_08488,3
NEWS_08489,2
NEWS_08490,5
NEWS_08491,5
NEWS_08492,2
NEWS_08493,4
NEWS_08494,5
NEWS_08495,3
NEWS_08496,4
NEWS_08497,3
NEWS_08498,3
NEWS_08499,4
NEWS_08500,3
NEWS_08501,3
NEWS_08502,4
NEWS_08503,4
NEWS_08504,1
NEWS_08505,1
NEWS_08506,1
NEWS_08507,1
NEWS_08508,5
NEWS_08509,1
NEWS_08510,3
NEWS_08511,4
NEWS_08512,2
NEWS_08513,3
NEWS_08514,4
NEWS_08515,1
NEWS_08516,1
NEWS_08517,3
NEWS_08518,1
NEWS_08519,1
NEWS_08520,4
NEWS_08521,5
NEWS_08522,1
NEWS_08523,1
NEWS_08524,1
NEWS_08525,3
NEWS_08526,3
NEWS_08527,4
NEWS_08528,4
NEWS_08529,3
NEWS_08530,0
NEWS_08531,5
NEWS_08532,5
NEWS_08533,2
NEWS_08534,3
NEWS_08535,4
NEWS_08536,1
NEWS_08537,4
NEWS_08538,2
NEWS_08539,3
NEWS_08540,2
NEWS_08541,3
NEWS_08542,0
NEWS_08543,5
NEWS_08544,3
NEWS_08545,4
NEWS_08546,3
NEWS_08547,4
NEWS_08548,5
NEWS_08549,3
NEWS_08550,4
NEWS_08551,1
NEWS_08552,0
NEWS_08553,1
NEWS_08554,4
NEWS_08555,4
NEWS_08556,1
NEWS_08557,1
NEWS_08558,2
NEWS_08559,3
NEWS_08560,5
NEWS_08561,1
NEWS_08562,5
NEWS_08563,5
NEWS_08564,4
NEWS_08565,4
NEWS_08566,5
NEWS_08567,1
NEWS_08568,4
NEWS_08569,3
NEWS_08570,5
NEWS_08571,3
NEWS_08572,3
NEWS_08573,4
NEWS_08574,3
NEWS_08575,3
NEWS_08576,2
NEWS_08577,4
NEWS_08578,4
NEWS_08579,2
NEWS_08580,4
NEWS_08581,1
NEWS_08582,5
NEWS_08583,4
NEWS_08584,2
NEWS_08585,5
NEWS_08586,4
NEWS_08587,4
NEWS_08588,5
NEWS_08589,2
NEWS_08590,1
NEWS_08591,1
NEWS_08592,2
NEWS_08593,3
NEWS_08594,5
NEWS_08595,2
NEWS_08596,3
NEWS_08597,4
NEWS_08598,1
NEWS_08599,5
NEWS_08600,2
NEWS_08601,5
NEWS_08602,1
NEWS_08603,3
NEWS_08604,4
NEWS_08605,4
NEWS_08606,4
NEWS_08607,1
NEWS_08608,2
NEWS_08609,5
NEWS_08610,0
NEWS_08611,3
NEWS_08612,4
NEWS_08613,3
NEWS_08614,3
NEWS_08615,1
NEWS_08616,2
NEWS_08617,1
NEWS_08618,3
NEWS_08619,4
NEWS_08620,5
NEWS_08621,0
NEWS_08622,4
NEWS_08623,0
NEWS_08624,4
NEWS_08625,4
NEWS_08626,4
NEWS_08627,0
NEWS_08628,3
NEWS_08629,4
NEWS_08630,3
NEWS_08631,4
NEWS_08632,4
NEWS_08633,5
NEWS_08634,4
NEWS_08635,4
NEWS_08636,3
NEWS_08637,4
NEWS_08638,0
NEWS_08639,3
NEWS_08640,4
NEWS_08641,4
NEWS_08642,1
NEWS_08643,1
NEWS_08644,4
NEWS_08645,4
NEWS_08646,1
NEWS_08647,3
NEWS_08648,4
NEWS_08649,2
NEWS_08650,5
NEWS_08651,3
NEWS_08652,4
NEWS_08653,2
NEWS_08654,5
NEWS_08655,4
NEWS_08656,1
NEWS_08657,5
NEWS_08658,5
NEWS_08659,4
NEWS_08660,4
NEWS_08661,2
NEWS_08662,1
NEWS_08663,4
NEWS_08664,3
NEWS_08665,4
NEWS_08666,0
NEWS_08667,5
NEWS_08668,3
NEWS_08669,3
NEWS_08670,4
NEWS_08671,1
NEWS_08672,1
NEWS_08673,1
NEWS_08674,1
NEWS_08675,3
NEWS_08676,2
NEWS_08677,4
NEWS_08678,4
NEWS_08679,1
NEWS_08680,4
NEWS_08681,3
NEWS_08682,3
NEWS_08683,5
NEWS_08684,1
NEWS_08685,1
NEWS_08686,4
NEWS_08687,1
NEWS_08688,2
NEWS_08689,4
NEWS_08690,4
NEWS_08691,1
NEWS_08692,1
NEWS_08693,3
NEWS_08694,1
NEWS_08695,1
NEWS_08696,3
NEWS_08697,5
NEWS_08698,1
NEWS_08699,0
NEWS_08700,4
NEWS_08701,3
NEWS_08702,4
NEWS_08703,4
NEWS_08704,3
NEWS_08705,5
NEWS_08706,4
NEWS_08707,4
NEWS_08708,4
NEWS_08709,1
NEWS_08710,4
NEWS_08711,1
NEWS_08712,3
NEWS_08713,4
NEWS_08714,3
NEWS_08715,2
NEWS_08716,4
NEWS_08717,3
NEWS_08718,5
NEWS_08719,1
NEWS_08720,4
NEWS_08721,4
NEWS_08722,2
NEWS_08723,3
NEWS_08724,3
NEWS_08725,1
NEWS_08726,3
NEWS_08727,5
NEWS_08728,5
NEWS_08729,3
NEWS_08730,3
NEWS_08731,4
NEWS_08732,2
NEWS_08733,4
NEWS_08734,3
NEWS_08735,1
NEWS_08736,5
NEWS_08737,1
NEWS_08738,1
NEWS_08739,1
NEWS_08740,1
NEWS_08741,4
NEWS_08742,4
NEWS_08743,5
NEWS_08744,3
NEWS_08745,5
NEWS_08746,2
NEWS_08747,5
NEWS_08748,2
NEWS_08749,4
NEWS_08750,0
NEWS_08751,3
NEWS_08752,1
NEWS_08753,5
NEWS_08754,1
NEWS_08755,3
NEWS_08756,1
NEWS_08757,4
NEWS_08758,1
NEWS_08759,4
NEWS_08760,4
NEWS_08761,2
NEWS_08762,5
NEWS_08763,2
NEWS_08764,1
NEWS_08765,1
NEWS_08766,4
NEWS_08767,5
NEWS_08768,1
NEWS_08769,4
NEWS_08770,4
NEWS_08771,4
NEWS_08772,5
NEWS_08773,2
NEWS_08774,4
NEWS_08775,3
NEWS_08776,2
NEWS_08777,1
NEWS_08778,3
NEWS_08779,1
NEWS_08780,2
NEWS_08781,1
NEWS_08782,4
NEWS_08783,1
NEWS_08784,4
NEWS_08785,5
NEWS_08786,5
NEWS_08787,2
NEWS_08788,4
NEWS_08789,4
NEWS_08790,4
NEWS_08791,1
NEWS_08792,0
NEWS_08793,5
NEWS_08794,4
NEWS_08795,2
NEWS_08796,0
NEWS_08797,1
NEWS_08798,4
NEWS_08799,1
NEWS_08800,5
NEWS_08801,5
NEWS_08802,3
NEWS_08803,5
NEWS_08804,4
NEWS_08805,4
NEWS_08806,2
NEWS_08807,4
NEWS_08808,3
NEWS_08809,4
NEWS_08810,1
NEWS_08811,1
NEWS_08812,4
NEWS_08813,4
NEWS_08814,1
NEWS_08815,1
NEWS_08816,1
NEWS_08817,3
NEWS_08818,4
NEWS_08819,5
NEWS_08820,0
NEWS_08821,3
NEWS_08822,1
NEWS_08823,4
NEWS_08824,2
NEWS_08825,1
NEWS_08826,5
NEWS_08827,4
NEWS_08828,1
NEWS_08829,4
NEWS_08830,1
NEWS_08831,1
NEWS_08832,3
NEWS_08833,3
NEWS_08834,5
NEWS_08835,1
NEWS_08836,4
NEWS_08837,4
NEWS_08838,3
NEWS_08839,5
NEWS_08840,3
NEWS_08841,2
NEWS_08842,0
NEWS_08843,1
NEWS_08844,1
NEWS_08845,5
NEWS_08846,2
NEWS_08847,0
NEWS_08848,3
NEWS_08849,1
NEWS_08850,4
NEWS_08851,1
NEWS_08852,2
NEWS_08853,1
NEWS_08854,3
NEWS_08855,5
NEWS_08856,3
NEWS_08857,4
NEWS_08858,1
NEWS_08859,1
NEWS_08860,3
NEWS_08861,1
NEWS_08862,3
NEWS_08863,1
NEWS_08864,2
NEWS_08865,4
NEWS_08866,3
NEWS_08867,4
NEWS_08868,5
NEWS_08869,1
NEWS_08870,1
NEWS_08871,2
NEWS_08872,2
NEWS_08873,4
NEWS_08874,3
NEWS_08875,4
NEWS_08876,2
NEWS_08877,3
NEWS_08878,4
NEWS_08879,5
NEWS_08880,1
NEWS_08881,2
NEWS_08882,5
NEWS_08883,5
NEWS_08884,1
NEWS_08885,3
NEWS_08886,3
NEWS_08887,3
NEWS_08888,2
NEWS_08889,4
NEWS_08890,4
NEWS_08891,1
NEWS_08892,1
NEWS_08893,4
NEWS_08894,4
NEWS_08895,5
NEWS_08896,4
NEWS_08897,4
NEWS_08898,1
NEWS_08899,2
NEWS_08900,1
NEWS_08901,4
NEWS_08902,2
NEWS_08903,4
NEWS_08904,1
NEWS_08905,4
NEWS_08906,0
NEWS_08907,5
NEWS_08908,5
NEWS_08909,0
NEWS_08910,4
NEWS_08911,5
NEWS_08912,0
NEWS_08913,4
NEWS_08914,1
NEWS_08915,1
NEWS_08916,1
NEWS_08917,3
NEWS_08918,3
NEWS_08919,1
NEWS_08920,1
NEWS_08921,3
NEWS_08922,3
NEWS_08923,1
NEWS_08924,5
NEWS_08925,1
NEWS_08926,4
NEWS_08927,4
NEWS_08928,3
NEWS_08929,4
NEWS_08930,4
NEWS_08931,3
NEWS_08932,0
NEWS_08933,4
NEWS_08934,0
NEWS_08935,4
NEWS_08936,2
NEWS_08937,2
NEWS_08938,5
NEWS_08939,2
NEWS_08940,3
NEWS_08941,0
NEWS_08942,4
NEWS_08943,1
NEWS_08944,1
NEWS_08945,2
NEWS_08946,5
NEWS_08947,5
NEWS_08948,1
NEWS_08949,3
NEWS_08950,2
NEWS_08951,1
NEWS_08952,4
NEWS_08953,1
NEWS_08954,4
NEWS_08955,3
NEWS_08956,4
NEWS_08957,4
NEWS_08958,2
NEWS_08959,3
NEWS_08960,4
NEWS_08961,1
NEWS_08962,1
NEWS_08963,5
NEWS_08964,4
NEWS_08965,1
NEWS_08966,4
NEWS_08967,4
NEWS_08968,4
NEWS_08969,1
NEWS_08970,3
NEWS_08971,3
NEWS_08972,4
NEWS_08973,3
NEWS_08974,4
NEWS_08975,0
NEWS_08976,5
NEWS_08977,4
NEWS_08978,2
NEWS_08979,5
NEWS_08980,0
NEWS_08981,3
NEWS_08982,4
NEWS_08983,0
NEWS_08984,2
NEWS_08985,3
NEWS_08986,3
NEWS_08987,3
NEWS_08988,3
NEWS_08989,4
NEWS_08990,5
NEWS_08991,4
NEWS_08992,2
NEWS_08993,1
NEWS_08994,2
NEWS_08995,1
NEWS_08996,4
NEWS_08997,5
NEWS_08998,1
NEWS_08999,1
NEWS_09000,3
NEWS_09001,2
NEWS_09002,4
NEWS_09003,2
NEWS_09004,5
NEWS_09005,4
NEWS_09006,3
NEWS_09007,1
NEWS_09008,2
NEWS_09009,3
NEWS_09010,5
NEWS_09011,5
NEWS_09012,1
NEWS_09013,3
NEWS_09014,3
NEWS_09015,1
NEWS_09016,1
NEWS_09017,2
NEWS_09018,1
NEWS_09019,4
NEWS_09020,1
NEWS_09021,4
NEWS_09022,1
NEWS_09023,4
NEWS_09024,4
NEWS_09025,2
NEWS_09026,4
NEWS_09027,2
NEWS_09028,0
NEWS_09029,4
NEWS_09030,3
NEWS_09031,4
NEWS_09032,5
NEWS_09033,3
NEWS_09034,4
NEWS_09035,5
NEWS_09036,5
NEWS_09037,5
NEWS_09038,3
NEWS_09039,1
NEWS_09040,4
NEWS_09041,4
NEWS_09042,5
NEWS_09043,5
NEWS_09044,5
NEWS_09045,2
NEWS_09046,1
NEWS_09047,3
NEWS_09048,5
NEWS_09049,2
NEWS_09050,1
NEWS_09051,5
NEWS_09052,4
NEWS_09053,5
NEWS_09054,5
NEWS_09055,2
NEWS_09056,5
NEWS_09057,1
NEWS_09058,1
NEWS_09059,1
NEWS_09060,0
NEWS_09061,1
NEWS_09062,4
NEWS_09063,2
NEWS_09064,4
NEWS_09065,2
NEWS_09066,3
NEWS_09067,4
NEWS_09068,1
NEWS_09069,4
NEWS_09070,3
NEWS_09071,2
NEWS_09072,1
NEWS_09073,4
NEWS_09074,2
NEWS_09075,3
NEWS_09076,1
NEWS_09077,1
NEWS_09078,5
NEWS_09079,4
NEWS_09080,2
NEWS_09081,2
NEWS_09082,2
NEWS_09083,4
NEWS_09084,3
NEWS_09085,5
NEWS_09086,2
NEWS_09087,3
NEWS_09088,5
NEWS_09089,3
NEWS_09090,4
NEWS_09091,2
NEWS_09092,3
NEWS_09093,0
NEWS_09094,1
NEWS_09095,4
NEWS_09096,3
NEWS_09097,5
NEWS_09098,2
NEWS_09099,3
NEWS_09100,4
NEWS_09101,1
NEWS_09102,3
NEWS_09103,4
NEWS_09104,4
NEWS_09105,1
NEWS_09106,4
NEWS_09107,3
NEWS_09108,3
NEWS_09109,5
NEWS_09110,4
NEWS_09111,1
NEWS_09112,4
NEWS_09113,1
NEWS_09114,1
NEWS_09115,1
NEWS_09116,1
NEWS_09117,1
NEWS_09118,1
NEWS_09119,3
NEWS_09120,5
NEWS_09121,3
NEWS_09122,4
NEWS_09123,4
NEWS_09124,4
NEWS_09125,4
NEWS_09126,4
NEWS_09127,3
NEWS_09128,2
NEWS_09129,2
NEWS_09130,4
NEWS_09131,2
NEWS_09132,0
NEWS_09133,5
NEWS_09134,2
NEWS_09135,0
NEWS_09136,3
NEWS_09137,3
NEWS_09138,5
NEWS_09139,3
NEWS_09140,1
NEWS_09141,2
NEWS_09142,1
NEWS_09143,3
NEWS_09144,0
NEWS_09145,3
NEWS_09146,2
NEWS_09147,4
NEWS_09148,4
NEWS_09149,5
NEWS_09150,4
NEWS_09151,1
NEWS_09152,5
NEWS_09153,2
NEWS_09154,1
NEWS_09155,1
NEWS_09156,3
NEWS_09157,4
NEWS_09158,3
NEWS_09159,4
NEWS_09160,5
NEWS_09161,3
NEWS_09162,5
NEWS_09163,4
NEWS_09164,3
NEWS_09165,5
NEWS_09166,4
NEWS_09167,3
NEWS_09168,1
NEWS_09169,4
NEWS_09170,4
NEWS_09171,4
NEWS_09172,4
NEWS_09173,1
NEWS_09174,5
NEWS_09175,1
NEWS_09176,4
NEWS_09177,3
NEWS_09178,2
NEWS_09179,3
NEWS_09180,5
NEWS_09181,2
NEWS_09182,4
NEWS_09183,4
NEWS_09184,2
NEWS_09185,1
NEWS_09186,3
NEWS_09187,3
NEWS_09188,4
NEWS_09189,3
NEWS_09190,1
NEWS_09191,1
NEWS_09192,5
NEWS_09193,2
NEWS_09194,0
NEWS_09195,3
NEWS_09196,3
NEWS_09197,1
NEWS_09198,1
NEWS_09199,3
NEWS_09200,5
NEWS_09201,0
NEWS_09202,3
NEWS_09203,4
NEWS_09204,4
NEWS_09205,1
NEWS_09206,5
NEWS_09207,4
NEWS_09208,1
NEWS_09209,3
NEWS_09210,4
NEWS_09211,2
NEWS_09212,3
NEWS_09213,1
NEWS_09214,4
NEWS_09215,1
NEWS_09216,2
NEWS_09217,4
NEWS_09218,4
NEWS_09219,3
NEWS_09220,3
NEWS_09221,2
NEWS_09222,1
NEWS_09223,0
NEWS_09224,5
NEWS_09225,2
NEWS_09226,3
NEWS_09227,3
NEWS_09228,0
NEWS_09229,4
NEWS_09230,4
NEWS_09231,5
NEWS_09232,4
NEWS_09233,5
NEWS_09234,2
NEWS_09235,4
NEWS_09236,3
NEWS_09237,2
NEWS_09238,3
NEWS_09239,4
NEWS_09240,0
NEWS_09241,4
NEWS_09242,2
NEWS_09243,0
NEWS_09244,2
NEWS_09245,2
NEWS_09246,2
NEWS_09247,1
NEWS_09248,3
NEWS_09249,1
NEWS_09250,4
NEWS_09251,1
NEWS_09252,2
NEWS_09253,3
NEWS_09254,2
NEWS_09255,3
NEWS_09256,1
NEWS_09257,2
NEWS_09258,5
NEWS_09259,3
NEWS_09260,4
NEWS_09261,2
NEWS_09262,3
NEWS_09263,1
NEWS_09264,4
NEWS_09265,1
NEWS_09266,1
NEWS_09267,4
NEWS_09268,4
NEWS_09269,4
NEWS_09270,3
NEWS_09271,5
NEWS_09272,1
NEWS_09273,3
NEWS_09274,4
NEWS_09275,1
NEWS_09276,1
NEWS_09277,1
NEWS_09278,4
NEWS_09279,3
NEWS_09280,3
NEWS_09281,1
NEWS_09282,1
NEWS_09283,3
NEWS_09284,4
NEWS_09285,3
NEWS_09286,2
NEWS_09287,4
NEWS_09288,1
NEWS_09289,5
NEWS_09290,3
NEWS_09291,2
NEWS_09292,3
NEWS_09293,2
NEWS_09294,3
NEWS_09295,1
NEWS_09296,2
NEWS_09297,4
NEWS_09298,4
NEWS_09299,4
NEWS_09300,4
NEWS_09301,4
NEWS_09302,4
NEWS_09303,3
NEWS_09304,4
NEWS_09305,1
NEWS_09306,2
NEWS_09307,0
NEWS_09308,1
NEWS_09309,4
NEWS_09310,4
NEWS_09311,4
NEWS_09312,1
NEWS_09313,3
NEWS_09314,3
NEWS_09315,3
NEWS_09316,5
NEWS_09317,3
NEWS_09318,4
NEWS_09319,1
NEWS_09320,2
NEWS_09321,3
NEWS_09322,3
NEWS_09323,4
NEWS_09324,3
NEWS_09325,3
NEWS_09326,4
NEWS_09327,2
NEWS_09328,4
NEWS_09329,4
NEWS_09330,3
NEWS_09331,5
NEWS_09332,1
NEWS_09333,0
NEWS_09334,3
NEWS_09335,4
NEWS_09336,2
NEWS_09337,4
NEWS_09338,4
NEWS_09339,3
NEWS_09340,5
NEWS_09341,1
NEWS_09342,4
NEWS_09343,5
NEWS_09344,3
NEWS_09345,5
NEWS_09346,4
NEWS_09347,1
NEWS_09348,2
NEWS_09349,4
NEWS_09350,1
NEWS_09351,4
NEWS_09352,0
NEWS_09353,5
NEWS_09354,3
NEWS_09355,5
NEWS_09356,4
NEWS_09357,4
NEWS_09358,1
NEWS_09359,4
NEWS_09360,3
NEWS_09361,4
NEWS_09362,4
NEWS_09363,4
NEWS_09364,1
NEWS_09365,3
NEWS_09366,4
NEWS_09367,4
NEWS_09368,4
NEWS_09369,4
NEWS_09370,4
NEWS_09371,3
NEWS_09372,4
NEWS_09373,4
NEWS_09374,4
NEWS_09375,1
NEWS_09376,4
NEWS_09377,5
NEWS_09378,1
NEWS_09379,4
NEWS_09380,1
NEWS_09381,3
NEWS_09382,4
NEWS_09383,3
NEWS_09384,1
NEWS_09385,3
NEWS_09386,1
NEWS_09387,4
NEWS_09388,5
NEWS_09389,4
NEWS_09390,3
NEWS_09391,4
NEWS_09392,4
NEWS_09393,0
NEWS_09394,2
NEWS_09395,3
NEWS_09396,5
NEWS_09397,5
NEWS_09398,1
NEWS_09399,3
NEWS_09400,2
NEWS_09401,0
NEWS_09402,1
NEWS_09403,4
NEWS_09404,2
NEWS_09405,5
NEWS_09406,5
NEWS_09407,0
NEWS_09408,3
NEWS_09409,3
NEWS_09410,2
NEWS_09411,4
NEWS_09412,4
NEWS_09413,1
NEWS_09414,3
NEWS_09415,2
NEWS_09416,4
NEWS_09417,4
NEWS_09418,4
NEWS_09419,4
NEWS_09420,1
NEWS_09421,4
NEWS_09422,1
NEWS_09423,4
NEWS_09424,1
NEWS_09425,5
NEWS_09426,2
NEWS_09427,4
NEWS_09428,1
NEWS_09429,4
NEWS_09430,4
NEWS_09431,4
NEWS_09432,1
NEWS_09433,3
NEWS_09434,2
NEWS_09435,4
NEWS_09436,3
NEWS_09437,2
NEWS_09438,3
NEWS_09439,5
NEWS_09440,1
NEWS_09441,5
NEWS_09442,1
NEWS_09443,4
NEWS_09444,1
NEWS_09445,3
NEWS_09446,3
NEWS_09447,2
NEWS_09448,3
NEWS_09449,4
NEWS_09450,3
NEWS_09451,4
NEWS_09452,1
NEWS_09453,4
NEWS_09454,3
NEWS_09455,1
NEWS_09456,4
NEWS_09457,4
NEWS_09458,3
NEWS_09459,1
NEWS_09460,2
NEWS_09461,0
NEWS_09462,3
NEWS_09463,4
NEWS_09464,5
NEWS_09465,5
NEWS_09466,4
NEWS_09467,5
NEWS_09468,4
NEWS_09469,1
NEWS_09470,5
NEWS_09471,5
NEWS_09472,1
NEWS_09473,4
NEWS_09474,4
NEWS_09475,5
NEWS_09476,5
NEWS_09477,3
NEWS_09478,4
NEWS_09479,4
NEWS_09480,1
NEWS_09481,0
NEWS_09482,3
NEWS_09483,1
NEWS_09484,5
NEWS_09485,4
NEWS_09486,4
NEWS_09487,1
NEWS_09488,5
NEWS_09489,0
NEWS_09490,2
NEWS_09491,4
NEWS_09492,4
NEWS_09493,4
NEWS_09494,5
NEWS_09495,1
NEWS_09496,5
NEWS_09497,1
NEWS_09498,1
NEWS_09499,1
NEWS_09500,1
NEWS_09501,4
NEWS_09502,3
NEWS_09503,4
NEWS_09504,1
NEWS_09505,4
NEWS_09506,1
NEWS_09507,5
NEWS_09508,1
NEWS_09509,0
NEWS_09510,3
NEWS_09511,1
NEWS_09512,5
NEWS_09513,3
NEWS_09514,5
NEWS_09515,5
NEWS_09516,3
NEWS_09517,1
NEWS_09518,2
NEWS_09519,1
NEWS_09520,3
NEWS_09521,0
NEWS_09522,3
NEWS_09523,4
NEWS_09524,4
NEWS_09525,1
NEWS_09526,5
NEWS_09527,5
NEWS_09528,4
NEWS_09529,4
NEWS_09530,1
NEWS_09531,3
NEWS_09532,1
NEWS_09533,4
NEWS_09534,3
NEWS_09535,2
NEWS_09536,4
NEWS_09537,4
NEWS_09538,2
NEWS_09539,5
NEWS_09540,4
NEWS_09541,3
NEWS_09542,3
NEWS_09543,3
NEWS_09544,4
NEWS_09545,5
NEWS_09546,3
NEWS_09547,4
NEWS_09548,2
NEWS_09549,4
NEWS_09550,4
NEWS_09551,0
NEWS_09552,5
NEWS_09553,5
NEWS_09554,4
NEWS_09555,3
NEWS_09556,2
NEWS_09557,5
NEWS_09558,3
NEWS_09559,3
NEWS_09560,4
NEWS_09561,3
NEWS_09562,4
NEWS_09563,4
NEWS_09564,5
NEWS_09565,2
NEWS_09566,4
NEWS_09567,3
NEWS_09568,4
NEWS_09569,4
NEWS_09570,1
NEWS_09571,2
NEWS_09572,2
NEWS_09573,2
NEWS_09574,5
NEWS_09575,5
NEWS_09576,2
NEWS_09577,5
NEWS_09578,4
NEWS_09579,3
NEWS_09580,3
NEWS_09581,4
NEWS_09582,1
NEWS_09583,4
NEWS_09584,1
NEWS_09585,4
NEWS_09586,3
NEWS_09587,3
NEWS_09588,5
NEWS_09589,3
NEWS_09590,0
NEWS_09591,1
NEWS_09592,4
NEWS_09593,4
NEWS_09594,1
NEWS_09595,3
NEWS_09596,4
NEWS_09597,1
NEWS_09598,0
NEWS_09599,2
NEWS_09600,2
NEWS_09601,3
NEWS_09602,0
NEWS_09603,2
NEWS_09604,0
NEWS_09605,4
NEWS_09606,2
NEWS_09607,2
NEWS_09608,4
NEWS_09609,3
NEWS_09610,4
NEWS_09611,1
NEWS_09612,5
NEWS_09613,5
NEWS_09614,5
NEWS_09615,4
NEWS_09616,1
NEWS_09617,2
NEWS_09618,1
NEWS_09619,4
NEWS_09620,1
NEWS_09621,4
NEWS_09622,4
NEWS_09623,4
NEWS_09624,2
NEWS_09625,2
NEWS_09626,1
NEWS_09627,2
NEWS_09628,4
NEWS_09629,1
NEWS_09630,5
NEWS_09631,4
NEWS_09632,4
NEWS_09633,1
NEWS_09634,4
NEWS_09635,1
NEWS_09636,1
NEWS_09637,4
NEWS_09638,1
NEWS_09639,4
NEWS_09640,3
NEWS_09641,2
NEWS_09642,4
NEWS_09643,3
NEWS_09644,4
NEWS_09645,5
NEWS_09646,1
NEWS_09647,4
NEWS_09648,5
NEWS_09649,4
NEWS_09650,4
NEWS_09651,2
NEWS_09652,1
NEWS_09653,3
NEWS_09654,1
NEWS_09655,1
NEWS_09656,5
NEWS_09657,3
NEWS_09658,1
NEWS_09659,2
NEWS_09660,5
NEWS_09661,1
NEWS_09662,0
NEWS_09663,4
NEWS_09664,5
NEWS_09665,2
NEWS_09666,4
NEWS_09667,2
NEWS_09668,4
NEWS_09669,3
NEWS_09670,5
NEWS_09671,3
NEWS_09672,5
NEWS_09673,1
NEWS_09674,3
NEWS_09675,2
NEWS_09676,4
NEWS_09677,5
NEWS_09678,1
NEWS_09679,0
NEWS_09680,3
NEWS_09681,2
NEWS_09682,2
NEWS_09683,0
NEWS_09684,3
NEWS_09685,3
NEWS_09686,3
NEWS_09687,5
NEWS_09688,4
NEWS_09689,4
NEWS_09690,1
NEWS_09691,4
NEWS_09692,2
NEWS_09693,5
NEWS_09694,1
NEWS_09695,3
NEWS_09696,5
NEWS_09697,4
NEWS_09698,4
NEWS_09699,5
NEWS_09700,1
NEWS_09701,4
NEWS_09702,3
NEWS_09703,4
NEWS_09704,4
NEWS_09705,2
NEWS_09706,4
NEWS_09707,5
NEWS_09708,3
NEWS_09709,4
NEWS_09710,1
NEWS_09711,0
NEWS_09712,1
NEWS_09713,3
NEWS_09714,5
NEWS_09715,4
NEWS_09716,4
NEWS_09717,3
NEWS_09718,4
NEWS_09719,2
NEWS_09720,5
NEWS_09721,5
NEWS_09722,2
NEWS_09723,4
NEWS_09724,3
NEWS_09725,4
NEWS_09726,4
NEWS_09727,3
NEWS_09728,3
NEWS_09729,5
NEWS_09730,4
NEWS_09731,1
NEWS_09732,3
NEWS_09733,0
NEWS_09734,5
NEWS_09735,4
NEWS_09736,3
NEWS_09737,1
NEWS_09738,4
NEWS_09739,4
NEWS_09740,1
NEWS_09741,4
NEWS_09742,3
NEWS_09743,4
NEWS_09744,5
NEWS_09745,5
NEWS_09746,0
NEWS_09747,4
NEWS_09748,1
NEWS_09749,0
NEWS_09750,4
NEWS_09751,2
NEWS_09752,1
NEWS_09753,1
NEWS_09754,5
NEWS_09755,4
NEWS_09756,3
NEWS_09757,2
NEWS_09758,2
NEWS_09759,5
NEWS_09760,3
NEWS_09761,4
NEWS_09762,4
NEWS_09763,2
NEWS_09764,4
NEWS_09765,4
NEWS_09766,3
NEWS_09767,3
NEWS_09768,3
NEWS_09769,3
NEWS_09770,4
NEWS_09771,3
NEWS_09772,4
NEWS_09773,1
NEWS_09774,5
NEWS_09775,4
NEWS_09776,2
NEWS_09777,1
NEWS_09778,4
NEWS_09779,1
NEWS_09780,5
NEWS_09781,4
NEWS_09782,1
NEWS_09783,4
NEWS_09784,2
NEWS_09785,2
NEWS_09786,3
NEWS_09787,4
NEWS_09788,1
NEWS_09789,1
NEWS_09790,4
NEWS_09791,1
NEWS_09792,1
NEWS_09793,4
NEWS_09794,0
NEWS_09795,2
NEWS_09796,2
NEWS_09797,3
NEWS_09798,5
NEWS_09799,0
NEWS_09800,3
NEWS_09801,4
NEWS_09802,0
NEWS_09803,4
NEWS_09804,3
NEWS_09805,1
NEWS_09806,1
NEWS_09807,3
NEWS_09808,3
NEWS_09809,0
NEWS_09810,1
NEWS_09811,3
NEWS_09812,4
NEWS_09813,1
NEWS_09814,3
NEWS_09815,4
NEWS_09816,2
NEWS_09817,1
NEWS_09818,3
NEWS_09819,1
NEWS_09820,5
NEWS_09821,1
NEWS_09822,4
NEWS_09823,0
NEWS_09824,4
NEWS_09825,1
NEWS_09826,3
NEWS_09827,1
NEWS_09828,2
NEWS_09829,0
NEWS_09830,4
NEWS_09831,3
NEWS_09832,4
NEWS_09833,3
NEWS_09834,5
NEWS_09835,1
NEWS_09836,1
NEWS_09837,5
NEWS_09838,1
NEWS_09839,5
NEWS_09840,1
NEWS_09841,4
NEWS_09842,5
NEWS_09843,3
NEWS_09844,1
NEWS_09845,5
NEWS_09846,3
NEWS_09847,4
NEWS_09848,3
NEWS_09849,4
NEWS_09850,4
NEWS_09851,1
NEWS_09852,2
NEWS_09853,3
NEWS_09854,3
NEWS_09855,1
NEWS_09856,4
NEWS_09857,1
NEWS_09858,2
NEWS_09859,1
NEWS_09860,4
NEWS_09861,3
NEWS_09862,0
NEWS_09863,5
NEWS_09864,1
NEWS_09865,5
NEWS_09866,5
NEWS_09867,2
NEWS_09868,3
NEWS_09869,0
NEWS_09870,5
NEWS_09871,3
NEWS_09872,4
NEWS_09873,1
NEWS_09874,4
NEWS_09875,5
NEWS_09876,4
NEWS_09877,1
NEWS_09878,3
NEWS_09879,5
NEWS_09880,5
NEWS_09881,4
NEWS_09882,4
NEWS_09883,3
NEWS_09884,1
NEWS_09885,3
NEWS_09886,0
NEWS_09887,4
NEWS_09888,3
NEWS_09889,1
NEWS_09890,4
NEWS_09891,4
NEWS_09892,2
NEWS_09893,1
NEWS_09894,4
NEWS_09895,4
NEWS_09896,1
NEWS_09897,3
NEWS_09898,4
NEWS_09899,4
NEWS_09900,1
NEWS_09901,1
NEWS_09902,4
NEWS_09903,5
NEWS_09904,2
NEWS_09905,2
NEWS_09906,1
NEWS_09907,1
NEWS_09908,1
NEWS_09909,2
NEWS_09910,4
NEWS_09911,1
NEWS_09912,1
NEWS_09913,2
NEWS_09914,2
NEWS_09915,1
NEWS_09916,1
NEWS_09917,2
NEWS_09918,1
NEWS_09919,5
NEWS_09920,5
NEWS_09921,1
NEWS_09922,1
NEWS_09923,4
NEWS_09924,5
NEWS_09925,3
NEWS_09926,2
NEWS_09927,2
NEWS_09928,4
NEWS_09929,3
NEWS_09930,0
NEWS_09931,4
NEWS_09932,2
NEWS_09933,4
NEWS_09934,2
NEWS_09935,5
NEWS_09936,3
NEWS_09937,3
NEWS_09938,3
NEWS_09939,1
NEWS_09940,5
NEWS_09941,4
NEWS_09942,3
NEWS_09943,2
NEWS_09944,3
NEWS_09945,0
NEWS_09946,0
NEWS_09947,4
NEWS_09948,3
NEWS_09949,2
NEWS_09950,3
NEWS_09951,1
NEWS_09952,1
NEWS_09953,3
NEWS_09954,4
NEWS_09955,5
NEWS_09956,4
NEWS_09957,5
NEWS_09958,4
NEWS_09959,2
NEWS_09960,1
NEWS_09961,1
NEWS_09962,5
NEWS_09963,3
NEWS_09964,4
NEWS_09965,4
NEWS_09966,0
NEWS_09967,0
NEWS_09968,4
NEWS_09969,4
NEWS_09970,4
NEWS_09971,1
NEWS_09972,5
NEWS_09973,4
NEWS_09974,5
NEWS_09975,1
NEWS_09976,1
NEWS_09977,3
NEWS_09978,4
NEWS_09979,5
NEWS_09980,1
NEWS_09981,4
NEWS_09982,2
NEWS_09983,0
NEWS_09984,4
NEWS_09985,4
NEWS_09986,0
NEWS_09987,5
NEWS_09988,3
NEWS_09989,1
NEWS_09990,2
NEWS_09991,5
NEWS_09992,2
NEWS_09993,2
NEWS_09994,3
NEWS_09995,1
NEWS_09996,0
NEWS_09997,4
NEWS_09998,3
NEWS_09999,0
NEWS_10000,4
NEWS_10001,4
NEWS_10002,1
NEWS_10003,5
NEWS_10004,0
NEWS_10005,1
NEWS_10006,1
NEWS_10007,0
NEWS_10008,4
NEWS_10009,5
NEWS_10010,4
NEWS_10011,0
NEWS_10012,4
NEWS_10013,2
NEWS_10014,4
NEWS_10015,1
NEWS_10016,3
NEWS_10017,1
NEWS_10018,3
NEWS_10019,4
NEWS_10020,3
NEWS_10021,5
NEWS_10022,1
NEWS_10023,5
NEWS_10024,5
NEWS_10025,4
NEWS_10026,1
NEWS_10027,1
NEWS_10028,0
NEWS_10029,1
NEWS_10030,2
NEWS_10031,5
NEWS_10032,2
NEWS_10033,1
NEWS_10034,3
NEWS_10035,2
NEWS_10036,4
NEWS_10037,4
NEWS_10038,4
NEWS_10039,1
NEWS_10040,2
NEWS_10041,2
NEWS_10042,4
NEWS_10043,1
NEWS_10044,4
NEWS_10045,2
NEWS_10046,4
NEWS_10047,4
NEWS_10048,3
NEWS_10049,4
NEWS_10050,3
NEWS_10051,1
NEWS_10052,2
NEWS_10053,5
NEWS_10054,1
NEWS_10055,5
NEWS_10056,5
NEWS_10057,4
NEWS_10058,4
NEWS_10059,5
NEWS_10060,4
NEWS_10061,1
NEWS_10062,4
NEWS_10063,4
NEWS_10064,1
NEWS_10065,1
NEWS_10066,1
NEWS_10067,4
NEWS_10068,4
NEWS_10069,0
NEWS_10070,5
NEWS_10071,3
NEWS_10072,2
NEWS_10073,5
NEWS_10074,1
NEWS_10075,5
NEWS_10076,4
NEWS_10077,4
NEWS_10078,3
NEWS_10079,5
NEWS_10080,3
NEWS_10081,2
NEWS_10082,3
NEWS_10083,3
NEWS_10084,1
NEWS_10085,3
NEWS_10086,3
NEWS_10087,1
NEWS_10088,4
NEWS_10089,2
NEWS_10090,4
NEWS_10091,1
NEWS_10092,4
NEWS_10093,3
NEWS_10094,2
NEWS_10095,2
NEWS_10096,1
NEWS_10097,3
NEWS_10098,4
NEWS_10099,1
NEWS_10100,4
NEWS_10101,4
NEWS_10102,1
NEWS_10103,5
NEWS_10104,2
NEWS_10105,3
NEWS_10106,0
NEWS_10107,1
NEWS_10108,1
NEWS_10109,3
NEWS_10110,3
NEWS_10111,3
NEWS_10112,5
NEWS_10113,4
NEWS_10114,2
NEWS_10115,3
NEWS_10116,1
NEWS_10117,4
NEWS_10118,4
NEWS_10119,4
NEWS_10120,2
NEWS_10121,0
NEWS_10122,3
NEWS_10123,4
NEWS_10124,2
NEWS_10125,4
NEWS_10126,4
NEWS_10127,5
NEWS_10128,4
NEWS_10129,0
NEWS_10130,3
NEWS_10131,5
NEWS_10132,4
NEWS_10133,2
NEWS_10134,2
NEWS_10135,3
NEWS_10136,4
NEWS_10137,4
NEWS_10138,1
NEWS_10139,1
NEWS_10140,3
NEWS_10141,4
NEWS_10142,4
NEWS_10143,1
NEWS_10144,4
NEWS_10145,4
NEWS_10146,2
NEWS_10147,4
NEWS_10148,3
NEWS_10149,1
NEWS_10150,3
NEWS_10151,1
NEWS_10152,4
NEWS_10153,0
NEWS_10154,5
NEWS_10155,1
NEWS_10156,4
NEWS_10157,1
NEWS_10158,2
NEWS_10159,4
NEWS_10160,4
NEWS_10161,2
NEWS_10162,4
NEWS_10163,5
NEWS_10164,2
NEWS_10165,4
NEWS_10166,1
NEWS_10167,4
NEWS_10168,3
NEWS_10169,5
NEWS_10170,4
NEWS_10171,2
NEWS_10172,1
NEWS_10173,4
NEWS_10174,4
NEWS_10175,2
NEWS_10176,4
NEWS_10177,4
NEWS_10178,1
NEWS_10179,4
NEWS_10180,5
NEWS_10181,4
NEWS_10182,1
NEWS_10183,4
NEWS_10184,5
NEWS_10185,3
NEWS_10186,5
NEWS_10187,4
NEWS_10188,3
NEWS_10189,4
NEWS_10190,4
NEWS_10191,3
NEWS_10192,4
NEWS_10193,4
NEWS_10194,3
NEWS_10195,5
NEWS_10196,1
NEWS_10197,2
NEWS_10198,4
NEWS_10199,5
NEWS_10200,1
NEWS_10201,4
NEWS_10202,1
NEWS_10203,0
NEWS_10204,1
NEWS_10205,2
NEWS_10206,1
NEWS_10207,1
NEWS_10208,0
NEWS_10209,4
NEWS_10210,4
NEWS_10211,3
NEWS_10212,1
NEWS_10213,4
NEWS_10214,3
NEWS_10215,2
NEWS_10216,1
NEWS_10217,2
NEWS_10218,2
NEWS_10219,3
NEWS_10220,3
NEWS_10221,4
NEWS_10222,2
NEWS_10223,4
NEWS_10224,5
NEWS_10225,3
NEWS_10226,4
NEWS_10227,0
NEWS_10228,2
NEWS_10229,2
NEWS_10230,0
NEWS_10231,3
NEWS_10232,5
NEWS_10233,2
NEWS_10234,1
NEWS_10235,4
NEWS_10236,5
NEWS_10237,4
NEWS_10238,4
NEWS_10239,1
NEWS_10240,1
NEWS_10241,4
NEWS_10242,4
NEWS_10243,2
NEWS_10244,3
NEWS_10245,1
NEWS_10246,1
NEWS_10247,1
NEWS_10248,4
NEWS_10249,3
NEWS_10250,4
NEWS_10251,2
NEWS_10252,3
NEWS_10253,0
NEWS_10254,0
NEWS_10255,5
NEWS_10256,4
NEWS_10257,2
NEWS_10258,1
NEWS_10259,5
NEWS_10260,3
NEWS_10261,4
NEWS_10262,1
NEWS_10263,1
NEWS_10264,5
NEWS_10265,3
NEWS_10266,3
NEWS_10267,3
NEWS_10268,1
NEWS_10269,5
NEWS_10270,3
NEWS_10271,2
NEWS_10272,4
NEWS_10273,3
NEWS_10274,4
NEWS_10275,4
NEWS_10276,2
NEWS_10277,3
NEWS_10278,5
NEWS_10279,4
NEWS_10280,0
NEWS_10281,2
NEWS_10282,3
NEWS_10283,4
NEWS_10284,4
NEWS_10285,4
NEWS_10286,4
NEWS_10287,4
NEWS_10288,4
NEWS_10289,4
NEWS_10290,4
NEWS_10291,3
NEWS_10292,1
NEWS_10293,1
NEWS_10294,3
NEWS_10295,4
NEWS_10296,3
NEWS_10297,5
NEWS_10298,4
NEWS_10299,4
NEWS_10300,4
NEWS_10301,1
NEWS_10302,4
NEWS_10303,3
NEWS_10304,2
NEWS_10305,0
NEWS_10306,1
NEWS_10307,1
NEWS_10308,4
NEWS_10309,5
NEWS_10310,1
NEWS_10311,1
NEWS_10312,5
NEWS_10313,3
NEWS_10314,5
NEWS_10315,1
NEWS_10316,4
NEWS_10317,4
NEWS_10318,5
NEWS_10319,4
NEWS_10320,4
NEWS_10321,1
NEWS_10322,4
NEWS_10323,4
NEWS_10324,0
NEWS_10325,3
NEWS_10326,3
NEWS_10327,1
NEWS_10328,4
NEWS_10329,4
NEWS_10330,5
NEWS_10331,4
NEWS_10332,2
NEWS_10333,3
NEWS_10334,2
NEWS_10335,1
NEWS_10336,1
NEWS_10337,4
NEWS_10338,1
NEWS_10339,4
NEWS_10340,4
NEWS_10341,2
NEWS_10342,5
NEWS_10343,4
NEWS_10344,0
NEWS_10345,3
NEWS_10346,2
NEWS_10347,3
NEWS_10348,1
NEWS_10349,5
NEWS_10350,5
NEWS_10351,4
NEWS_10352,4
NEWS_10353,4
NEWS_10354,2
NEWS_10355,1
NEWS_10356,2
NEWS_10357,2
NEWS_10358,2
NEWS_10359,3
NEWS_10360,3
NEWS_10361,1
NEWS_10362,1
NEWS_10363,1
NEWS_10364,4
NEWS_10365,3
NEWS_10366,2
NEWS_10367,0
NEWS_10368,2
NEWS_10369,4
NEWS_10370,4
NEWS_10371,1
NEWS_10372,4
NEWS_10373,4
NEWS_10374,4
NEWS_10375,3
NEWS_10376,1
NEWS_10377,4
NEWS_10378,5
NEWS_10379,4
NEWS_10380,3
NEWS_10381,3
NEWS_10382,3
NEWS_10383,5
NEWS_10384,4
NEWS_10385,3
NEWS_10386,1
NEWS_10387,4
NEWS_10388,3
NEWS_10389,2
NEWS_10390,3
NEWS_10391,1
NEWS_10392,2
NEWS_10393,3
NEWS_10394,5
NEWS_10395,1
NEWS_10396,1
NEWS_10397,4
NEWS_10398,5
NEWS_10399,1
NEWS_10400,4
NEWS_10401,2
NEWS_10402,1
NEWS_10403,3
NEWS_10404,4
NEWS_10405,4
NEWS_10406,1
NEWS_10407,1
NEWS_10408,4
NEWS_10409,4
NEWS_10410,4
NEWS_10411,5
NEWS_10412,2
NEWS_10413,5
NEWS_10414,3
NEWS_10415,2
NEWS_10416,3
NEWS_10417,3
NEWS_10418,3
NEWS_10419,4
NEWS_10420,1
NEWS_10421,3
NEWS_10422,4
NEWS_10423,0
NEWS_10424,1
NEWS_10425,1
NEWS_10426,3
NEWS_10427,4
NEWS_10428,3
NEWS_10429,0
NEWS_10430,3
NEWS_10431,3
NEWS_10432,3
NEWS_10433,5
NEWS_10434,2
NEWS_10435,4
NEWS_10436,4
NEWS_10437,3
NEWS_10438,4
NEWS_10439,4
NEWS_10440,4
NEWS_10441,2
NEWS_10442,4
NEWS_10443,0
NEWS_10444,3
NEWS_10445,1
NEWS_10446,4
NEWS_10447,0
NEWS_10448,2
NEWS_10449,2
NEWS_10450,1
NEWS_10451,5
NEWS_10452,2
NEWS_10453,1
NEWS_10454,5
NEWS_10455,0
NEWS_10456,4
NEWS_10457,4
NEWS_10458,4
NEWS_10459,4
NEWS_10460,4
NEWS_10461,5
NEWS_10462,1
NEWS_10463,4
NEWS_10464,5
NEWS_10465,3
NEWS_10466,4
NEWS_10467,3
NEWS_10468,0
NEWS_10469,5
NEWS_10470,4
NEWS_10471,2
NEWS_10472,2
NEWS_10473,0
NEWS_10474,2
NEWS_10475,4
NEWS_10476,2
NEWS_10477,1
NEWS_10478,1
NEWS_10479,1
NEWS_10480,1
NEWS_10481,1
NEWS_10482,4
NEWS_10483,2
NEWS_10484,4
NEWS_10485,4
NEWS_10486,1
NEWS_10487,4
NEWS_10488,4
NEWS_10489,1
NEWS_10490,3
NEWS_10491,5
NEWS_10492,1
NEWS_10493,2
NEWS_10494,4
NEWS_10495,4
NEWS_10496,4
NEWS_10497,5
NEWS_10498,4
NEWS_10499,4
NEWS_10500,2
NEWS_10501,2
NEWS_10502,4
NEWS_10503,3
NEWS_10504,4
NEWS_10505,4
NEWS_10506,2
NEWS_10507,4
NEWS_10508,5
NEWS_10509,3
NEWS_10510,5
NEWS_10511,4
NEWS_10512,1
NEWS_10513,3
NEWS_10514,4
NEWS_10515,3
NEWS_10516,3
NEWS_10517,0
NEWS_10518,2
NEWS_10519,5
NEWS_10520,3
NEWS_10521,3
NEWS_10522,4
NEWS_10523,2
NEWS_10524,4
NEWS_10525,5
NEWS_10526,3
NEWS_10527,4
NEWS_10528,1
NEWS_10529,0
NEWS_10530,0
NEWS_10531,4
NEWS_10532,1
NEWS_10533,1
NEWS_10534,4
NEWS_10535,1
NEWS_10536,1
NEWS_10537,3
NEWS_10538,4
NEWS_10539,1
NEWS_10540,1
NEWS_10541,4
NEWS_10542,5
NEWS_10543,1
NEWS_10544,4
NEWS_10545,4
NEWS_10546,2
NEWS_10547,0
NEWS_10548,0
NEWS_10549,4
NEWS_10550,4
NEWS_10551,2
NEWS_10552,2
NEWS_10553,2
NEWS_10554,4
NEWS_10555,4
NEWS_10556,1
NEWS_10557,4
NEWS_10558,3
NEWS_10559,5
NEWS_10560,2
NEWS_10561,1
NEWS_10562,5
NEWS_10563,2
NEWS_10564,2
NEWS_10565,2
NEWS_10566,1
NEWS_10567,1
NEWS_10568,5
NEWS_10569,3
NEWS_10570,4
NEWS_10571,1
NEWS_10572,1
NEWS_10573,5
NEWS_10574,2
NEWS_10575,1
NEWS_10576,3
NEWS_10577,5
NEWS_10578,4
NEWS_10579,1
NEWS_10580,1
NEWS_10581,2
NEWS_10582,4
NEWS_10583,3
NEWS_10584,2
NEWS_10585,3
NEWS_10586,4
NEWS_10587,3
NEWS_10588,1
NEWS_10589,5
NEWS_10590,5
NEWS_10591,1
NEWS_10592,0
NEWS_10593,2
NEWS_10594,4
NEWS_10595,1
NEWS_10596,1
NEWS_10597,2
NEWS_10598,2
NEWS_10599,1
NEWS_10600,4
NEWS_10601,4
NEWS_10602,2
NEWS_10603,2
NEWS_10604,2
NEWS_10605,5
NEWS_10606,4
NEWS_10607,4
NEWS_10608,3
NEWS_10609,4
NEWS_10610,3
NEWS_10611,4
NEWS_10612,3
NEWS_10613,1
NEWS_10614,5
NEWS_10615,1
NEWS_10616,5
NEWS_10617,2
NEWS_10618,4
NEWS_10619,5
NEWS_10620,1
NEWS_10621,5
NEWS_10622,1
NEWS_10623,5
NEWS_10624,4
NEWS_10625,3
NEWS_10626,5
NEWS_10627,3
NEWS_10628,1
NEWS_10629,1
NEWS_10630,2
NEWS_10631,5
NEWS_10632,3
NEWS_10633,4
NEWS_10634,2
NEWS_10635,5
NEWS_10636,4
NEWS_10637,1
NEWS_10638,4
NEWS_10639,3
NEWS_10640,3
NEWS_10641,3
NEWS_10642,4
NEWS_10643,4
NEWS_10644,1
NEWS_10645,0
NEWS_10646,4
NEWS_10647,4
NEWS_10648,4
NEWS_10649,2
NEWS_10650,2
NEWS_10651,5
NEWS_10652,2
NEWS_10653,5
NEWS_10654,5
NEWS_10655,2
NEWS_10656,4
NEWS_10657,5
NEWS_10658,1
NEWS_10659,3
NEWS_10660,2
NEWS_10661,4
NEWS_10662,1
NEWS_10663,5
NEWS_10664,4
NEWS_10665,5
NEWS_10666,1
NEWS_10667,3
NEWS_10668,5
NEWS_10669,0
NEWS_10670,3
NEWS_10671,3
NEWS_10672,1
NEWS_10673,5
NEWS_10674,3
NEWS_10675,1
NEWS_10676,3
NEWS_10677,3
NEWS_10678,3
NEWS_10679,3
NEWS_10680,5
NEWS_10681,5
NEWS_10682,1
NEWS_10683,1
NEWS_10684,2
NEWS_10685,2
NEWS_10686,4
NEWS_10687,5
NEWS_10688,2
NEWS_10689,1
NEWS_10690,3
NEWS_10691,4
NEWS_10692,1
NEWS_10693,1
NEWS_10694,3
NEWS_10695,2
NEWS_10696,1
NEWS_10697,5
NEWS_10698,4
NEWS_10699,5
NEWS_10700,3
NEWS_10701,5
NEWS_10702,4
NEWS_10703,1
NEWS_10704,5
NEWS_10705,4
NEWS_10706,3
NEWS_10707,2
NEWS_10708,1
NEWS_10709,0
NEWS_10710,4
NEWS_10711,3
NEWS_10712,5
NEWS_10713,1
NEWS_10714,4
NEWS_10715,0
NEWS_10716,2
NEWS_10717,5
NEWS_10718,0
NEWS_10719,3
NEWS_10720,5
NEWS_10721,2
NEWS_10722,2
NEWS_10723,5
NEWS_10724,3
NEWS_10725,3
NEWS_10726,4
NEWS_10727,3
NEWS_10728,2
NEWS_10729,1
NEWS_10730,4
NEWS_10731,4
NEWS_10732,0
NEWS_10733,2
NEWS_10734,2
NEWS_10735,3
NEWS_10736,3
NEWS_10737,4
NEWS_10738,3
NEWS_10739,2
NEWS_10740,1
NEWS_10741,4
NEWS_10742,3
NEWS_10743,3
NEWS_10744,3
NEWS_10745,5
NEWS_10746,4
NEWS_10747,4
NEWS_10748,3
NEWS_10749,4
NEWS_10750,4
NEWS_10751,3
NEWS_10752,5
NEWS_10753,4
NEWS_10754,3
NEWS_10755,2
NEWS_10756,3
NEWS_10757,2
NEWS_10758,3
NEWS_10759,5
NEWS_10760,1
NEWS_10761,4
NEWS_10762,1
NEWS_10763,1
NEWS_10764,0
NEWS_10765,5
NEWS_10766,1
NEWS_10767,5
NEWS_10768,4
NEWS_10769,4
NEWS_10770,5
NEWS_10771,2
NEWS_10772,3
NEWS_10773,4
NEWS_10774,3
NEWS_10775,5
NEWS_10776,3
NEWS_10777,4
NEWS_10778,2
NEWS_10779,4
NEWS_10780,4
NEWS_10781,1
NEWS_10782,4
NEWS_10783,2
NEWS_10784,5
NEWS_10785,5
NEWS_10786,2
NEWS_10787,5
NEWS_10788,3
NEWS_10789,4
NEWS_10790,3
NEWS_10791,2
NEWS_10792,0
NEWS_10793,4
NEWS_10794,4
NEWS_10795,3
NEWS_10796,3
NEWS_10797,1
NEWS_10798,4
NEWS_10799,3
NEWS_10800,1
NEWS_10801,4
NEWS_10802,1
NEWS_10803,1
NEWS_10804,1
NEWS_10805,4
NEWS_10806,1
NEWS_10807,1
NEWS_10808,4
NEWS_10809,1
NEWS_10810,3
NEWS_10811,2
NEWS_10812,5
NEWS_10813,3
NEWS_10814,3
NEWS_10815,3
NEWS_10816,2
NEWS_10817,5
NEWS_10818,5
NEWS_10819,4
NEWS_10820,1
NEWS_10821,3
NEWS_10822,5
NEWS_10823,3
NEWS_10824,1
NEWS_10825,3
NEWS_10826,4
NEWS_10827,3
NEWS_10828,1
NEWS_10829,1
NEWS_10830,2
NEWS_10831,4
NEWS_10832,1
NEWS_10833,3
NEWS_10834,2
NEWS_10835,1
NEWS_10836,4
NEWS_10837,3
NEWS_10838,1
NEWS_10839,3
NEWS_10840,2
NEWS_10841,3
NEWS_10842,5
NEWS_10843,1
NEWS_10844,4
NEWS_10845,4
NEWS_10846,3
NEWS_10847,2
NEWS_10848,2
NEWS_10849,4
NEWS_10850,3
NEWS_10851,2
NEWS_10852,1
NEWS_10853,5
NEWS_10854,3
NEWS_10855,3
NEWS_10856,4
NEWS_10857,5
NEWS_10858,3
NEWS_10859,2
NEWS_10860,3
NEWS_10861,4
NEWS_10862,3
NEWS_10863,3
NEWS_10864,4
NEWS_10865,1
NEWS_10866,4
NEWS_10867,2
NEWS_10868,5
NEWS_10869,2
NEWS_10870,5
NEWS_10871,4
NEWS_10872,3
NEWS_10873,2
NEWS_10874,4
NEWS_10875,1
NEWS_10876,5
NEWS_10877,3
NEWS_10878,5
NEWS_10879,1
NEWS_10880,5
NEWS_10881,2
NEWS_10882,1
NEWS_10883,5
NEWS_10884,4
NEWS_10885,4
NEWS_10886,4
NEWS_10887,4
NEWS_10888,4
NEWS_10889,1
NEWS_10890,4
NEWS_10891,2
NEWS_10892,5
NEWS_10893,3
NEWS_10894,4
NEWS_10895,5
NEWS_10896,2
NEWS_10897,1
NEWS_10898,3
NEWS_10899,1
NEWS_10900,4
NEWS_10901,5
NEWS_10902,4
NEWS_10903,1
NEWS_10904,2
NEWS_10905,2
NEWS_10906,4
NEWS_10907,3
NEWS_10908,1
NEWS_10909,4
NEWS_10910,3
NEWS_10911,2
NEWS_10912,4
NEWS_10913,4
NEWS_10914,1
NEWS_10915,0
NEWS_10916,1
NEWS_10917,4
NEWS_10918,4
NEWS_10919,5
NEWS_10920,5
NEWS_10921,3
NEWS_10922,4
NEWS_10923,5
NEWS_10924,4
NEWS_10925,5
NEWS_10926,2
NEWS_10927,3
NEWS_10928,1
NEWS_10929,4
NEWS_10930,1
NEWS_10931,4
NEWS_10932,3
NEWS_10933,4
NEWS_10934,2
NEWS_10935,4
NEWS_10936,3
NEWS_10937,2
NEWS_10938,3
NEWS_10939,2
NEWS_10940,0
NEWS_10941,3
NEWS_10942,2
NEWS_10943,4
NEWS_10944,1
NEWS_10945,4
NEWS_10946,3
NEWS_10947,5
NEWS_10948,4
NEWS_10949,4
NEWS_10950,4
NEWS_10951,1
NEWS_10952,2
NEWS_10953,2
NEWS_10954,4
NEWS_10955,2
NEWS_10956,4
NEWS_10957,4
NEWS_10958,5
NEWS_10959,1
NEWS_10960,3
NEWS_10961,2
NEWS_10962,3
NEWS_10963,1
NEWS_10964,3
NEWS_10965,5
NEWS_10966,0
NEWS_10967,4
NEWS_10968,2
NEWS_10969,1
NEWS_10970,4
NEWS_10971,4
NEWS_10972,5
NEWS_10973,5
NEWS_10974,2
NEWS_10975,2
NEWS_10976,2
NEWS_10977,1
NEWS_10978,5
NEWS_10979,2
NEWS_10980,1
NEWS_10981,5
NEWS_10982,4
NEWS_10983,3
NEWS_10984,1
NEWS_10985,4
NEWS_10986,3
NEWS_10987,4
NEWS_10988,3
NEWS_10989,0
NEWS_10990,2
NEWS_10991,5
NEWS_10992,2
NEWS_10993,2
NEWS_10994,4
NEWS_10995,4
NEWS_10996,4
NEWS_10997,0
NEWS_10998,1
NEWS_10999,4
NEWS_11000,4
NEWS_11001,1
NEWS_11002,4
NEWS_11003,4
NEWS_11004,3
NEWS_11005,5
NEWS_11006,1
NEWS_11007,1
NEWS_11008,0
NEWS_11009,4
NEWS_11010,1
NEWS_11011,5
NEWS_11012,4
NEWS_11013,0
NEWS_11014,3
NEWS_11015,3
NEWS_11016,5
NEWS_11017,4
NEWS_11018,3
NEWS_11019,3
NEWS_11020,0
NEWS_11021,4
NEWS_11022,1
NEWS_11023,5
NEWS_11024,1
NEWS_11025,4
NEWS_11026,5
NEWS_11027,3
NEWS_11028,3
NEWS_11029,3
NEWS_11030,2
NEWS_11031,2
NEWS_11032,0
NEWS_11033,5
NEWS_11034,1
NEWS_11035,2
NEWS_11036,3
NEWS_11037,4
NEWS_11038,4
NEWS_11039,1
NEWS_11040,1
NEWS_11041,5
NEWS_11042,2
NEWS_11043,3
NEWS_11044,2
NEWS_11045,1
NEWS_11046,3
NEWS_11047,4
NEWS_11048,2
NEWS_11049,5
NEWS_11050,5
NEWS_11051,2
NEWS_11052,4
NEWS_11053,4
NEWS_11054,3
NEWS_11055,4
NEWS_11056,1
NEWS_11057,0
NEWS_11058,4
NEWS_11059,1
NEWS_11060,5
NEWS_11061,3
NEWS_11062,5
NEWS_11063,4
NEWS_11064,1
NEWS_11065,3
NEWS_11066,4
NEWS_11067,3
NEWS_11068,1
NEWS_11069,4
NEWS_11070,0
NEWS_11071,2
NEWS_11072,1
NEWS_11073,3
NEWS_11074,1
NEWS_11075,3
NEWS_11076,3
NEWS_11077,0
NEWS_11078,4
NEWS_11079,5
NEWS_11080,4
NEWS_11081,0
NEWS_11082,2
NEWS_11083,3
NEWS_11084,2
NEWS_11085,1
NEWS_11086,4
NEWS_11087,3
NEWS_11088,1
NEWS_11089,5
NEWS_11090,4
NEWS_11091,5
NEWS_11092,4
NEWS_11093,5
NEWS_11094,3
NEWS_11095,4
NEWS_11096,3
NEWS_11097,1
NEWS_11098,1
NEWS_11099,5
NEWS_11100,1
NEWS_11101,1
NEWS_11102,3
NEWS_11103,3
NEWS_11104,3
NEWS_11105,3
NEWS_11106,4
NEWS_11107,4
NEWS_11108,4
NEWS_11109,1
NEWS_11110,1
NEWS_11111,4
NEWS_11112,4
NEWS_11113,4
NEWS_11114,2
NEWS_11115,4
NEWS_11116,4
NEWS_11117,4
NEWS_11118,4
NEWS_11119,4
NEWS_11120,3
NEWS_11121,5
NEWS_11122,4
NEWS_11123,1
NEWS_11124,4
NEWS_11125,3
NEWS_11126,2
NEWS_11127,2
NEWS_11128,2
NEWS_11129,5
NEWS_11130,2
NEWS_11131,3
NEWS_11132,3
NEWS_11133,0
NEWS_11134,4
NEWS_11135,4
NEWS_11136,3
NEWS_11137,4
NEWS_11138,2
NEWS_11139,5
NEWS_11140,2
NEWS_11141,1
NEWS_11142,3
NEWS_11143,1
NEWS_11144,5
NEWS_11145,5
NEWS_11146,2
NEWS_11147,1
NEWS_11148,2
NEWS_11149,1
NEWS_11150,5
NEWS_11151,2
NEWS_11152,4
NEWS_11153,4
NEWS_11154,5
NEWS_11155,0
NEWS_11156,1
NEWS_11157,3
NEWS_11158,4
NEWS_11159,4
NEWS_11160,0
NEWS_11161,1
NEWS_11162,1
NEWS_11163,1
NEWS_11164,1
NEWS_11165,1
NEWS_11166,2
NEWS_11167,2
NEWS_11168,1
NEWS_11169,4
NEWS_11170,4
NEWS_11171,3
NEWS_11172,5
NEWS_11173,3
NEWS_11174,4
NEWS_11175,1
NEWS_11176,4
NEWS_11177,3
NEWS_11178,1
NEWS_11179,1
NEWS_11180,1
NEWS_11181,4
NEWS_11182,4
NEWS_11183,4
NEWS_11184,5
NEWS_11185,2
NEWS_11186,3
NEWS_11187,1
NEWS_11188,4
NEWS_11189,1
NEWS_11190,1
NEWS_11191,2
NEWS_11192,5
NEWS_11193,4
NEWS_11194,1
NEWS_11195,2
NEWS_11196,4
NEWS_11197,4
NEWS_11198,5
NEWS_11199,0
NEWS_11200,3
NEWS_11201,4
NEWS_11202,2
NEWS_11203,3
NEWS_11204,2
NEWS_11205,4
NEWS_11206,2
NEWS_11207,3
NEWS_11208,4
NEWS_11209,2
NEWS_11210,4
NEWS_11211,4
NEWS_11212,3
NEWS_11213,4
NEWS_11214,4
NEWS_11215,2
NEWS_11216,2
NEWS_11217,2
NEWS_11218,5
NEWS_11219,1
NEWS_11220,3
NEWS_11221,4
NEWS_11222,0
NEWS_11223,5
NEWS_11224,4
NEWS_11225,4
NEWS_11226,3
NEWS_11227,2
NEWS_11228,4
NEWS_11229,4
NEWS_11230,4
NEWS_11231,1
NEWS_11232,2
NEWS_11233,5
NEWS_11234,2
NEWS_11235,4
NEWS_11236,0
NEWS_11237,5
NEWS_11238,4
NEWS_11239,1
NEWS_11240,4
NEWS_11241,4
NEWS_11242,2
NEWS_11243,3
NEWS_11244,3
NEWS_11245,4
NEWS_11246,1
NEWS_11247,4
NEWS_11248,1
NEWS_11249,4
NEWS_11250,2
NEWS_11251,1
NEWS_11252,2
NEWS_11253,1
NEWS_11254,3
NEWS_11255,4
NEWS_11256,4
NEWS_11257,1
NEWS_11258,4
NEWS_11259,3
NEWS_11260,1
NEWS_11261,1
NEWS_11262,4
NEWS_11263,4
NEWS_11264,2
NEWS_11265,5
NEWS_11266,2
NEWS_11267,4
NEWS_11268,4
NEWS_11269,1
NEWS_11270,4
NEWS_11271,2
NEWS_11272,1
NEWS_11273,1
NEWS_11274,4
NEWS_11275,3
NEWS_11276,4
NEWS_11277,3
NEWS_11278,4
NEWS_11279,2
NEWS_11280,1
NEWS_11281,2
NEWS_11282,3
NEWS_11283,5
NEWS_11284,5
NEWS_11285,2
NEWS_11286,1
NEWS_11287,1
NEWS_11288,3
NEWS_11289,4
NEWS_11290,5
NEWS_11291,5
NEWS_11292,2
NEWS_11293,5
NEWS_11294,1
NEWS_11295,5
NEWS_11296,3
NEWS_11297,1
NEWS_11298,5
NEWS_11299,4
NEWS_11300,4
NEWS_11301,4
NEWS_11302,5
NEWS_11303,2
NEWS_11304,1
NEWS_11305,1
NEWS_11306,2
NEWS_11307,3
NEWS_11308,2
NEWS_11309,5
NEWS_11310,2
NEWS_11311,3
NEWS_11312,0
NEWS_11313,4
NEWS_11314,4
NEWS_11315,4
NEWS_11316,4
NEWS_11317,4
NEWS_11318,3
NEWS_11319,3
NEWS_11320,4
NEWS_11321,3
NEWS_11322,1
NEWS_11323,4
NEWS_11324,4
NEWS_11325,4
NEWS_11326,1
NEWS_11327,3
NEWS_11328,3
NEWS_11329,2
NEWS_11330,5
NEWS_11331,5
NEWS_11332,4
NEWS_11333,5
NEWS_11334,3
NEWS_11335,3
NEWS_11336,1
NEWS_11337,2
NEWS_11338,5
NEWS_11339,3
NEWS_11340,3
NEWS_11341,4
NEWS_11342,1
NEWS_11343,3
NEWS_11344,2
NEWS_11345,4
NEWS_11346,5
NEWS_11347,4
NEWS_11348,1
NEWS_11349,1
NEWS_11350,5
NEWS_11351,5
NEWS_11352,3
NEWS_11353,4
NEWS_11354,3
NEWS_11355,5
NEWS_11356,0
NEWS_11357,1
NEWS_11358,0
NEWS_11359,2
NEWS_11360,4
NEWS_11361,4
NEWS_11362,2
NEWS_11363,5
NEWS_11364,3
NEWS_11365,4
NEWS_11366,1
NEWS_11367,3
NEWS_11368,5
NEWS_11369,4
NEWS_11370,4
NEWS_11371,4
NEWS_11372,4
NEWS_11373,3
NEWS_11374,4
NEWS_11375,4
NEWS_11376,3
NEWS_11377,1
NEWS_11378,4
NEWS_11379,1
NEWS_11380,0
NEWS_11381,3
NEWS_11382,4
NEWS_11383,4
NEWS_11384,0
NEWS_11385,4
NEWS_11386,5
NEWS_11387,3
NEWS_11388,3
NEWS_11389,1
NEWS_11390,4
NEWS_11391,1
NEWS_11392,4
NEWS_11393,3
NEWS_11394,1
NEWS_11395,3
NEWS_11396,5
NEWS_11397,5
NEWS_11398,1
NEWS_11399,3
NEWS_11400,5
NEWS_11401,2
NEWS_11402,2
NEWS_11403,2
NEWS_11404,3
NEWS_11405,3
NEWS_11406,0
NEWS_11407,0
NEWS_11408,4
NEWS_11409,4
NEWS_11410,1
NEWS_11411,1
NEWS_11412,3
NEWS_11413,3
NEWS_11414,3
NEWS_11415,1
NEWS_11416,1
NEWS_11417,1
NEWS_11418,4
NEWS_11419,3
NEWS_11420,2
NEWS_11421,3
NEWS_11422,1
NEWS_11423,0
NEWS_11424,3
NEWS_11425,1
NEWS_11426,4
NEWS_11427,4
NEWS_11428,4
NEWS_11429,4
NEWS_11430,3
NEWS_11431,1
NEWS_11432,4
NEWS_11433,2
NEWS_11434,3
NEWS_11435,2
NEWS_11436,5
NEWS_11437,3
NEWS_11438,4
NEWS_11439,0
NEWS_11440,4
NEWS_11441,5
NEWS_11442,5
NEWS_11443,2
NEWS_11444,4
NEWS_11445,5
NEWS_11446,1
NEWS_11447,1
NEWS_11448,3
NEWS_11449,4
NEWS_11450,4
NEWS_11451,4
NEWS_11452,3
NEWS_11453,2
NEWS_11454,2
NEWS_11455,1
NEWS_11456,4
NEWS_11457,3
NEWS_11458,4
NEWS_11459,3
NEWS_11460,4
NEWS_11461,4
NEWS_11462,2
NEWS_11463,3
NEWS_11464,4
NEWS_11465,2
NEWS_11466,5
NEWS_11467,2
NEWS_11468,1
NEWS_11469,5
NEWS_11470,1
NEWS_11471,4
NEWS_11472,1
NEWS_11473,3
NEWS_11474,4
NEWS_11475,4
NEWS_11476,3
NEWS_11477,5
NEWS_11478,2
NEWS_11479,3
NEWS_11480,1
NEWS_11481,3
NEWS_11482,3
NEWS_11483,1
NEWS_11484,4
NEWS_11485,2
NEWS_11486,1
NEWS_11487,1
NEWS_11488,2
NEWS_11489,4
NEWS_11490,4
NEWS_11491,5
NEWS_11492,3
NEWS_11493,5
NEWS_11494,2
NEWS_11495,3
NEWS_11496,1
NEWS_11497,1
NEWS_11498,4
NEWS_11499,3
NEWS_11500,4
NEWS_11501,1
NEWS_11502,4
NEWS_11503,1
NEWS_11504,4
NEWS_11505,3
NEWS_11506,3
NEWS_11507,4
NEWS_11508,2
NEWS_11509,3
NEWS_11510,4
NEWS_11511,5
NEWS_11512,1
NEWS_11513,4
NEWS_11514,3
NEWS_11515,3
NEWS_11516,5
NEWS_11517,2
NEWS_11518,4
NEWS_11519,3
NEWS_11520,3
NEWS_11521,3
NEWS_11522,4
NEWS_11523,1
NEWS_11524,2
NEWS_11525,0
NEWS_11526,2
NEWS_11527,4
NEWS_11528,3
NEWS_11529,4
NEWS_11530,5
NEWS_11531,4
NEWS_11532,3
NEWS_11533,3
NEWS_11534,4
NEWS_11535,1
NEWS_11536,3
NEWS_11537,4
NEWS_11538,5
NEWS_11539,0
NEWS_11540,1
NEWS_11541,1
NEWS_11542,4
NEWS_11543,4
NEWS_11544,5
NEWS_11545,1
NEWS_11546,1
NEWS_11547,3
NEWS_11548,2
NEWS_11549,4
NEWS_11550,3
NEWS_11551,5
NEWS_11552,1
NEWS_11553,4
NEWS_11554,1
NEWS_11555,3
NEWS_11556,3
NEWS_11557,1
NEWS_11558,3
NEWS_11559,4
NEWS_11560,3
NEWS_11561,5
NEWS_11562,4
NEWS_11563,3
NEWS_11564,1
NEWS_11565,4
NEWS_11566,3
NEWS_11567,4
NEWS_11568,5
NEWS_11569,4
NEWS_11570,4
NEWS_11571,1
NEWS_11572,3
NEWS_11573,4
NEWS_11574,2
NEWS_11575,4
NEWS_11576,1
NEWS_11577,1
NEWS_11578,2
NEWS_11579,5
NEWS_11580,4
NEWS_11581,1
NEWS_11582,5
NEWS_11583,4
NEWS_11584,5
NEWS_11585,3
NEWS_11586,4
NEWS_11587,4
NEWS_11588,5
NEWS_11589,0
NEWS_11590,3
NEWS_11591,0
NEWS_11592,2
NEWS_11593,0
NEWS_11594,3
NEWS_11595,0
NEWS_11596,1
NEWS_11597,5
NEWS_11598,1
NEWS_11599,1
NEWS_11600,4
NEWS_11601,4
NEWS_11602,4
NEWS_11603,4
NEWS_11604,4
NEWS_11605,4
NEWS_11606,4
NEWS_11607,5
NEWS_11608,4
NEWS_11609,4
NEWS_11610,1
NEWS_11611,5
NEWS_11612,5
NEWS_11613,4
NEWS_11614,4
NEWS_11615,1
NEWS_11616,2
NEWS_11617,4
NEWS_11618,3
NEWS_11619,4
NEWS_11620,1
NEWS_11621,5
NEWS_11622,4
NEWS_11623,1
NEWS_11624,5
NEWS_11625,4
NEWS_11626,4
NEWS_11627,4
NEWS_11628,4
NEWS_11629,2
NEWS_11630,4
NEWS_11631,2
NEWS_11632,3
NEWS_11633,4
NEWS_11634,1
NEWS_11635,3
NEWS_11636,2
NEWS_11637,5
NEWS_11638,2
NEWS_11639,1
NEWS_11640,2
NEWS_11641,3
NEWS_11642,4
NEWS_11643,4
NEWS_11644,3
NEWS_11645,5
NEWS_11646,4
NEWS_11647,0
NEWS_11648,1
NEWS_11649,2
NEWS_11650,1
NEWS_11651,4
NEWS_11652,3
NEWS_11653,3
NEWS_11654,0
NEWS_11655,3
NEWS_11656,1
NEWS_11657,2
NEWS_11658,4
NEWS_11659,4
NEWS_11660,1
NEWS_11661,2
NEWS_11662,1
NEWS_11663,1
NEWS_11664,4
NEWS_11665,0
NEWS_11666,4
NEWS_11667,1
NEWS_11668,4
NEWS_11669,1
NEWS_11670,1
NEWS_11671,1
NEWS_11672,4
NEWS_11673,5
NEWS_11674,5
NEWS_11675,1
NEWS_11676,3
NEWS_11677,4
NEWS_11678,3
NEWS_11679,3
NEWS_11680,4
NEWS_11681,0
NEWS_11682,2
NEWS_11683,2
NEWS_11684,4
NEWS_11685,4
NEWS_11686,1
NEWS_11687,1
NEWS_11688,0
NEWS_11689,2
NEWS_11690,4
NEWS_11691,5
NEWS_11692,1
NEWS_11693,0
NEWS_11694,2
NEWS_11695,3
NEWS_11696,1
NEWS_11697,3
NEWS_11698,2
NEWS_11699,5
NEWS_11700,4
NEWS_11701,2
NEWS_11702,4
NEWS_11703,0
NEWS_11704,1
NEWS_11705,1
NEWS_11706,1
NEWS_11707,2
NEWS_11708,4
NEWS_11709,2
NEWS_11710,0
NEWS_11711,3
NEWS_11712,2
NEWS_11713,3
NEWS_11714,3
NEWS_11715,2
NEWS_11716,1
NEWS_11717,1
NEWS_11718,4
NEWS_11719,5
NEWS_11720,4
NEWS_11721,3
NEWS_11722,1
NEWS_11723,1
NEWS_11724,5
NEWS_11725,3
NEWS_11726,2
NEWS_11727,1
NEWS_11728,4
NEWS_11729,4
NEWS_11730,4
NEWS_11731,3
NEWS_11732,2
NEWS_11733,1
NEWS_11734,2
NEWS_11735,2
NEWS_11736,1
NEWS_11737,4
NEWS_11738,4
NEWS_11739,4
NEWS_11740,3
NEWS_11741,3
NEWS_11742,1
NEWS_11743,5
NEWS_11744,4
NEWS_11745,4
NEWS_11746,2
NEWS_11747,3
NEWS_11748,4
NEWS_11749,4
NEWS_11750,2
NEWS_11751,1
NEWS_11752,3
NEWS_11753,4
NEWS_11754,5
NEWS_11755,4
NEWS_11756,0
NEWS_11757,1
NEWS_11758,3
NEWS_11759,3
NEWS_11760,4
NEWS_11761,5
NEWS_11762,2
NEWS_11763,1
NEWS_11764,4
NEWS_11765,0
NEWS_11766,1
NEWS_11767,4
NEWS_11768,2
NEWS_11769,1
NEWS_11770,2
NEWS_11771,5
NEWS_11772,4
NEWS_11773,4
NEWS_11774,1
NEWS_11775,0
NEWS_11776,2
NEWS_11777,1
NEWS_11778,3
NEWS_11779,5
NEWS_11780,1
NEWS_11781,1
NEWS_11782,4
NEWS_11783,1
NEWS_11784,2
NEWS_11785,4
NEWS_11786,3
NEWS_11787,4
NEWS_11788,3
NEWS_11789,4
NEWS_11790,4
NEWS_11791,1
NEWS_11792,4
NEWS_11793,2
NEWS_11794,4
NEWS_11795,1
NEWS_11796,4
NEWS_11797,3
NEWS_11798,3
NEWS_11799,4
NEWS_11800,4
NEWS_11801,1
NEWS_11802,0
NEWS_11803,5
NEWS_11804,4
NEWS_11805,4
NEWS_11806,0
NEWS_11807,2
NEWS_11808,1
NEWS_11809,3
NEWS_11810,1
NEWS_11811,2
NEWS_11812,3
NEWS_11813,5
NEWS_11814,5
NEWS_11815,4
NEWS_11816,4
NEWS_11817,4
NEWS_11818,4
NEWS_11819,4
NEWS_11820,3
NEWS_11821,4
NEWS_11822,3
NEWS_11823,2
NEWS_11824,2
NEWS_11825,3
NEWS_11826,3
NEWS_11827,4
NEWS_11828,3
NEWS_11829,4
NEWS_11830,4
NEWS_11831,3
NEWS_11832,4
NEWS_11833,4
NEWS_11834,4
NEWS_11835,2
NEWS_11836,1
NEWS_11837,4
NEWS_11838,1
NEWS_11839,4
NEWS_11840,3
NEWS_11841,1
NEWS_11842,1
NEWS_11843,3
NEWS_11844,4
NEWS_11845,4
NEWS_11846,4
NEWS_11847,1
NEWS_11848,1
NEWS_11849,4
NEWS_11850,4
NEWS_11851,5
NEWS_11852,1
NEWS_11853,2
NEWS_11854,4
NEWS_11855,4
NEWS_11856,4
NEWS_11857,3
NEWS_11858,4
NEWS_11859,4
NEWS_11860,3
NEWS_11861,4
NEWS_11862,1
NEWS_11863,1
NEWS_11864,2
NEWS_11865,3
NEWS_11866,5
NEWS_11867,1
NEWS_11868,4
NEWS_11869,3
NEWS_11870,3
NEWS_11871,4
NEWS_11872,0
NEWS_11873,4
NEWS_11874,4
NEWS_11875,4
NEWS_11876,4
NEWS_11877,4
NEWS_11878,4
NEWS_11879,4
NEWS_11880,3
NEWS_11881,1
NEWS_11882,4
NEWS_11883,1
NEWS_11884,3
NEWS_11885,3
NEWS_11886,4
NEWS_11887,2
NEWS_11888,5
NEWS_11889,5
NEWS_11890,2
NEWS_11891,2
NEWS_11892,1
NEWS_11893,3
NEWS_11894,5
NEWS_11895,3
NEWS_11896,1
NEWS_11897,0
NEWS_11898,0
NEWS_11899,3
NEWS_11900,5
NEWS_11901,3
NEWS_11902,5
NEWS_11903,2
NEWS_11904,2
NEWS_11905,4
NEWS_11906,4
NEWS_11907,3
NEWS_11908,4
NEWS_11909,1
NEWS_11910,5
NEWS_11911,4
NEWS_11912,5
NEWS_11913,3
NEWS_11914,5
NEWS_11915,3
NEWS_11916,2
NEWS_11917,1
NEWS_11918,4
NEWS_11919,5
NEWS_11920,1
NEWS_11921,4
NEWS_11922,3
NEWS_11923,5
NEWS_11924,4
NEWS_11925,0
NEWS_11926,3
NEWS_11927,4
NEWS_11928,4
NEWS_11929,3
NEWS_11930,2
NEWS_11931,2
NEWS_11932,3
NEWS_11933,5
NEWS_11934,0
NEWS_11935,3
NEWS_11936,2
NEWS_11937,3
NEWS_11938,0
NEWS_11939,4
NEWS_11940,4
NEWS_11941,4
NEWS_11942,4
NEWS_11943,2
NEWS_11944,5
NEWS_11945,4
NEWS_11946,1
NEWS_11947,0
NEWS_11948,0
NEWS_11949,5
NEWS_11950,0
NEWS_11951,1
NEWS_11952,4
NEWS_11953,5
NEWS_11954,4
NEWS_11955,3
NEWS_11956,2
NEWS_11957,5
NEWS_11958,5
NEWS_11959,3
NEWS_11960,4
NEWS_11961,1
NEWS_11962,4
NEWS_11963,2
NEWS_11964,2
NEWS_11965,1
NEWS_11966,1
NEWS_11967,2
NEWS_11968,1
NEWS_11969,1
NEWS_11970,4
NEWS_11971,1
NEWS_11972,4
NEWS_11973,3
NEWS_11974,2
NEWS_11975,4
NEWS_11976,5
NEWS_11977,3
NEWS_11978,4
NEWS_11979,4
NEWS_11980,5
NEWS_11981,3
NEWS_11982,1
NEWS_11983,4
NEWS_11984,3
NEWS_11985,5
NEWS_11986,3
NEWS_11987,5
NEWS_11988,4
NEWS_11989,4
NEWS_11990,1
NEWS_11991,1
NEWS_11992,4
NEWS_11993,1
NEWS_11994,0
NEWS_11995,1
NEWS_11996,4
NEWS_11997,5
NEWS_11998,5
NEWS_11999,5
NEWS_12000,4
NEWS_12001,5
NEWS_12002,2
NEWS_12003,3
NEWS_12004,5
NEWS_12005,4
NEWS_12006,2
NEWS_12007,2
NEWS_12008,2
NEWS_12009,5
NEWS_12010,4
NEWS_12011,2
NEWS_12012,1
NEWS_12013,5
NEWS_12014,4
NEWS_12015,2
NEWS_12016,4
NEWS_12017,2
NEWS_12018,1
NEWS_12019,0
NEWS_12020,0
NEWS_12021,4
NEWS_12022,4
NEWS_12023,2
NEWS_12024,0
NEWS_12025,5
NEWS_12026,3
NEWS_12027,5
NEWS_12028,3
NEWS_12029,3
NEWS_12030,3
NEWS_12031,5
NEWS_12032,4
NEWS_12033,4
NEWS_12034,1
NEWS_12035,4
NEWS_12036,3
NEWS_12037,3
NEWS_12038,5
NEWS_12039,4
NEWS_12040,1
NEWS_12041,0
NEWS_12042,4
NEWS_12043,2
NEWS_12044,3
NEWS_12045,1
NEWS_12046,5
NEWS_12047,4
NEWS_12048,3
NEWS_12049,3
NEWS_12050,1
NEWS_12051,3
NEWS_12052,4
NEWS_12053,1
NEWS_12054,4
NEWS_12055,3
NEWS_12056,5
NEWS_12057,1
NEWS_12058,5
NEWS_12059,1
NEWS_12060,1
NEWS_12061,0
NEWS_12062,1
NEWS_12063,3
NEWS_12064,4
NEWS_12065,3
NEWS_12066,3
NEWS_12067,3
NEWS_12068,4
NEWS_12069,5
NEWS_12070,3
NEWS_12071,4
NEWS_12072,2
NEWS_12073,4
NEWS_12074,1
NEWS_12075,5
NEWS_12076,1
NEWS_12077,3
NEWS_12078,5
NEWS_12079,1
NEWS_12080,1
NEWS_12081,5
NEWS_12082,4
NEWS_12083,2
NEWS_12084,4
NEWS_12085,3
NEWS_12086,3
NEWS_12087,2
NEWS_12088,1
NEWS_12089,4
NEWS_12090,3
NEWS_12091,1
NEWS_12092,4
NEWS_12093,3
NEWS_12094,4
NEWS_12095,4
NEWS_12096,1
NEWS_12097,0
NEWS_12098,4
NEWS_12099,5
NEWS_12100,1
NEWS_12101,4
NEWS_12102,3
NEWS_12103,5
NEWS_12104,3
NEWS_12105,0
NEWS_12106,2
NEWS_12107,2
NEWS_12108,3
NEWS_12109,2
NEWS_12110,4
NEWS_12111,2
NEWS_12112,3
NEWS_12113,5
NEWS_12114,5
NEWS_12115,3
NEWS_12116,1
NEWS_12117,4
NEWS_12118,1
NEWS_12119,5
NEWS_12120,3
NEWS_12121,4
NEWS_12122,4
NEWS_12123,4
NEWS_12124,2
NEWS_12125,2
NEWS_12126,2
NEWS_12127,4
NEWS_12128,4
NEWS_12129,3
NEWS_12130,3
NEWS_12131,3
NEWS_12132,1
NEWS_12133,4
NEWS_12134,4
NEWS_12135,2
NEWS_12136,1
NEWS_12137,4
NEWS_12138,4
NEWS_12139,1
NEWS_12140,2
NEWS_12141,5
NEWS_12142,2
NEWS_12143,4
NEWS_12144,1
NEWS_12145,1
NEWS_12146,4
NEWS_12147,2
NEWS_12148,3
NEWS_12149,2
NEWS_12150,0
NEWS_12151,4
NEWS_12152,4
NEWS_12153,3
NEWS_12154,1
NEWS_12155,4
NEWS_12156,1
NEWS_12157,3
NEWS_12158,3
NEWS_12159,3
NEWS_12160,4
NEWS_12161,0
NEWS_12162,3
NEWS_12163,4
NEWS_12164,1
NEWS_12165,4
NEWS_12166,3
NEWS_12167,4
NEWS_12168,1
NEWS_12169,3
NEWS_12170,4
NEWS_12171,1
NEWS_12172,2
NEWS_12173,4
NEWS_12174,4
NEWS_12175,3
NEWS_12176,3
NEWS_12177,4
NEWS_12178,2
NEWS_12179,5
NEWS_12180,1
NEWS_12181,2
NEWS_12182,5
NEWS_12183,1
NEWS_12184,3
NEWS_12185,3
NEWS_12186,3
NEWS_12187,1
NEWS_12188,4
NEWS_12189,2
NEWS_12190,4
NEWS_12191,3
NEWS_12192,3
NEWS_12193,4
NEWS_12194,5
NEWS_12195,4
NEWS_12196,3
NEWS_12197,4
NEWS_12198,5
NEWS_12199,2
NEWS_12200,2
NEWS_12201,4
NEWS_12202,2
NEWS_12203,1
NEWS_12204,0
NEWS_12205,4
NEWS_12206,1
NEWS_12207,4
NEWS_12208,5
NEWS_12209,3
NEWS_12210,1
NEWS_12211,4
NEWS_12212,4
NEWS_12213,4
NEWS_12214,2
NEWS_12215,5
NEWS_12216,2
NEWS_12217,5
NEWS_12218,5
NEWS_12219,2
NEWS_12220,4
NEWS_12221,4
NEWS_12222,4
NEWS_12223,4
NEWS_12224,3
NEWS_12225,4
NEWS_12226,3
NEWS_12227,2
NEWS_12228,4
NEWS_12229,4
NEWS_12230,1
NEWS_12231,5
NEWS_12232,3
NEWS_12233,2
NEWS_12234,2
NEWS_12235,4
NEWS_12236,4
NEWS_12237,0
NEWS_12238,5
NEWS_12239,5
NEWS_12240,1
NEWS_12241,3
NEWS_12242,3
NEWS_12243,3
NEWS_12244,5
NEWS_12245,1
NEWS_12246,1
NEWS_12247,3
NEWS_12248,4
NEWS_12249,3
NEWS_12250,4
NEWS_12251,2
NEWS_12252,3
NEWS_12253,2
NEWS_12254,1
NEWS_12255,1
NEWS_12256,2
NEWS_12257,1
NEWS_12258,3
NEWS_12259,1
NEWS_12260,5
NEWS_12261,4
NEWS_12262,5
NEWS_12263,1
NEWS_12264,2
NEWS_12265,2
NEWS_12266,1
NEWS_12267,3
NEWS_12268,2
NEWS_12269,2
NEWS_12270,1
NEWS_12271,5
NEWS_12272,3
NEWS_12273,4
NEWS_12274,5
NEWS_12275,4
NEWS_12276,4
NEWS_12277,2
NEWS_12278,5
NEWS_12279,2
NEWS_12280,4
NEWS_12281,4
NEWS_12282,3
NEWS_12283,2
NEWS_12284,5
NEWS_12285,3
NEWS_12286,2
NEWS_12287,3
NEWS_12288,3
NEWS_12289,1
NEWS_12290,1
NEWS_12291,3
NEWS_12292,3
NEWS_12293,3
NEWS_12294,5
NEWS_12295,2
NEWS_12296,0
NEWS_12297,3
NEWS_12298,4
NEWS_12299,1
NEWS_12300,1
NEWS_12301,4
NEWS_12302,3
NEWS_12303,3
NEWS_12304,3
NEWS_12305,1
NEWS_12306,2
NEWS_12307,5
NEWS_12308,1
NEWS_12309,4
NEWS_12310,4
NEWS_12311,4
NEWS_12312,4
NEWS_12313,1
NEWS_12314,1
NEWS_12315,1
NEWS_12316,3
NEWS_12317,3
NEWS_12318,5
NEWS_12319,0
NEWS_12320,3
NEWS_12321,4
NEWS_12322,4
NEWS_12323,4
NEWS_12324,2
NEWS_12325,2
NEWS_12326,3
NEWS_12327,3
NEWS_12328,2
NEWS_12329,2
NEWS_12330,5
NEWS_12331,4
NEWS_12332,4
NEWS_12333,4
NEWS_12334,3
NEWS_12335,3
NEWS_12336,5
NEWS_12337,4
NEWS_12338,4
NEWS_12339,3
NEWS_12340,4
NEWS_12341,4
NEWS_12342,5
NEWS_12343,1
NEWS_12344,1
NEWS_12345,5
NEWS_12346,1
NEWS_12347,1
NEWS_12348,4
NEWS_12349,4
NEWS_12350,2
NEWS_12351,5
NEWS_12352,4
NEWS_12353,2
NEWS_12354,4
NEWS_12355,3
NEWS_12356,3
NEWS_12357,5
NEWS_12358,4
NEWS_12359,2
NEWS_12360,3
NEWS_12361,3
NEWS_12362,1
NEWS_12363,2
NEWS_12364,1
NEWS_12365,5
NEWS_12366,1
NEWS_12367,2
NEWS_12368,4
NEWS_12369,2
NEWS_12370,4
NEWS_12371,4
NEWS_12372,3
NEWS_12373,4
NEWS_12374,1
NEWS_12375,4
NEWS_12376,1
NEWS_12377,2
NEWS_12378,5
NEWS_12379,5
NEWS_12380,0
NEWS_12381,1
NEWS_12382,2
NEWS_12383,3
NEWS_12384,3
NEWS_12385,2
NEWS_12386,4
NEWS_12387,1
NEWS_12388,3
NEWS_12389,4
NEWS_12390,1
NEWS_12391,4
NEWS_12392,5
NEWS_12393,4
NEWS_12394,2
NEWS_12395,4
NEWS_12396,1
NEWS_12397,5
NEWS_12398,1
NEWS_12399,2
NEWS_12400,1
NEWS_12401,1
NEWS_12402,4
NEWS_12403,4
NEWS_12404,2
NEWS_12405,3
NEWS_12406,4
NEWS_12407,1
NEWS_12408,3
NEWS_12409,4
NEWS_12410,4
NEWS_12411,3
NEWS_12412,1
NEWS_12413,4
NEWS_12414,3
NEWS_12415,3
NEWS_12416,3
NEWS_12417,3
NEWS_12418,1
NEWS_12419,3
NEWS_12420,1
NEWS_12421,0
NEWS_12422,0
NEWS_12423,4
NEWS_12424,1
NEWS_12425,3
NEWS_12426,5
NEWS_12427,4
NEWS_12428,4
NEWS_12429,2
NEWS_12430,4
NEWS_12431,4
NEWS_12432,3
NEWS_12433,2
NEWS_12434,4
NEWS_12435,4
NEWS_12436,2
NEWS_12437,4
NEWS_12438,2
NEWS_12439,1
NEWS_12440,4
NEWS_12441,3
NEWS_12442,2
NEWS_12443,4
NEWS_12444,5
NEWS_12445,4
NEWS_12446,1
NEWS_12447,4
NEWS_12448,4
NEWS_12449,3
NEWS_12450,5
NEWS_12451,2
NEWS_12452,4
NEWS_12453,2
NEWS_12454,4
NEWS_12455,2
NEWS_12456,3
NEWS_12457,1
NEWS_12458,5
NEWS_12459,2
NEWS_12460,4
NEWS_12461,3
NEWS_12462,4
NEWS_12463,5
NEWS_12464,5
NEWS_12465,3
NEWS_12466,4
NEWS_12467,4
NEWS_12468,1
NEWS_12469,1
NEWS_12470,4
NEWS_12471,4
NEWS_12472,3
NEWS_12473,1
NEWS_12474,3
NEWS_12475,4
NEWS_12476,2
NEWS_12477,3
NEWS_12478,4
NEWS_12479,3
NEWS_12480,1
NEWS_12481,4
NEWS_12482,3
NEWS_12483,1
NEWS_12484,1
NEWS_12485,1
NEWS_12486,0
NEWS_12487,4
NEWS_12488,5
NEWS_12489,5
NEWS_12490,0
NEWS_12491,4
NEWS_12492,4
NEWS_12493,3
NEWS_12494,2
NEWS_12495,5
NEWS_12496,4
NEWS_12497,5
NEWS_12498,5
NEWS_12499,4
NEWS_12500,4
NEWS_12501,0
NEWS_12502,2
NEWS_12503,1
NEWS_12504,1
NEWS_12505,1
NEWS_12506,1
NEWS_12507,0
NEWS_12508,4
NEWS_12509,4
NEWS_12510,1
NEWS_12511,3
NEWS_12512,3
NEWS_12513,3
NEWS_12514,1
NEWS_12515,4
NEWS_12516,1
NEWS_12517,1
NEWS_12518,3
NEWS_12519,2
NEWS_12520,4
NEWS_12521,5
NEWS_12522,5
NEWS_12523,4
NEWS_12524,4
NEWS_12525,1
NEWS_12526,5
NEWS_12527,3
NEWS_12528,2
NEWS_12529,4
NEWS_12530,3
NEWS_12531,4
NEWS_12532,3
NEWS_12533,2
NEWS_12534,3
NEWS_12535,3
NEWS_12536,3
NEWS_12537,4
NEWS_12538,1
NEWS_12539,4
NEWS_12540,2
NEWS_12541,0
NEWS_12542,4
NEWS_12543,4
NEWS_12544,2
NEWS_12545,2
NEWS_12546,2
NEWS_12547,1
NEWS_12548,1
NEWS_12549,2
NEWS_12550,2
NEWS_12551,4
NEWS_12552,0
NEWS_12553,3
NEWS_12554,2
NEWS_12555,3
NEWS_12556,5
NEWS_12557,5
NEWS_12558,2
NEWS_12559,5
NEWS_12560,5
NEWS_12561,1
NEWS_12562,1
NEWS_12563,4
NEWS_12564,1
NEWS_12565,1
NEWS_12566,4
NEWS_12567,4
NEWS_12568,2
NEWS_12569,4
NEWS_12570,5
NEWS_12571,3
NEWS_12572,4
NEWS_12573,4
NEWS_12574,4
NEWS_12575,1
NEWS_12576,4
NEWS_12577,3
NEWS_12578,4
NEWS_12579,4
NEWS_12580,5
NEWS_12581,3
NEWS_12582,4
NEWS_12583,4
NEWS_12584,4
NEWS_12585,1
NEWS_12586,1
NEWS_12587,3
NEWS_12588,4
NEWS_12589,4
NEWS_12590,2
NEWS_12591,1
NEWS_12592,4
NEWS_12593,4
NEWS_12594,2
NEWS_12595,3
NEWS_12596,4
NEWS_12597,1
NEWS_12598,5
NEWS_12599,4
NEWS_12600,2
NEWS_12601,4
NEWS_12602,4
NEWS_12603,2
NEWS_12604,1
NEWS_12605,3
NEWS_12606,5
NEWS_12607,1
NEWS_12608,1
NEWS_12609,2
NEWS_12610,3
NEWS_12611,5
NEWS_12612,5
NEWS_12613,4
NEWS_12614,4
NEWS_12615,3
NEWS_12616,2
NEWS_12617,3
NEWS_12618,3
NEWS_12619,5
NEWS_12620,4
NEWS_12621,4
NEWS_12622,4
NEWS_12623,4
NEWS_12624,4
NEWS_12625,2
NEWS_12626,1
NEWS_12627,4
NEWS_12628,4
NEWS_12629,2
NEWS_12630,5
NEWS_12631,1
NEWS_12632,1
NEWS_12633,4
NEWS_12634,4
NEWS_12635,2
NEWS_12636,3
NEWS_12637,5
NEWS_12638,5
NEWS_12639,5
NEWS_12640,1
NEWS_12641,3
NEWS_12642,4
NEWS_12643,4
NEWS_12644,1
NEWS_12645,4
NEWS_12646,3
NEWS_12647,3
NEWS_12648,3
NEWS_12649,5
NEWS_12650,4
NEWS_12651,1
NEWS_12652,4
NEWS_12653,4
NEWS_12654,4
NEWS_12655,1
NEWS_12656,4
NEWS_12657,1
NEWS_12658,4
NEWS_12659,1
NEWS_12660,4
NEWS_12661,5
NEWS_12662,3
NEWS_12663,4
NEWS_12664,3
NEWS_12665,5
NEWS_12666,2
NEWS_12667,1
NEWS_12668,5
NEWS_12669,3
NEWS_12670,0
NEWS_12671,2
NEWS_12672,2
NEWS_12673,5
NEWS_12674,2
NEWS_12675,1
NEWS_12676,4
NEWS_12677,3
NEWS_12678,4
NEWS_12679,3
NEWS_12680,5
NEWS_12681,3
NEWS_12682,5
NEWS_12683,4
NEWS_12684,2
NEWS_12685,1
NEWS_12686,4
NEWS_12687,4
NEWS_12688,4
NEWS_12689,4
NEWS_12690,4
NEWS_12691,3
NEWS_12692,4
NEWS_12693,3
NEWS_12694,4
NEWS_12695,4
NEWS_12696,1
NEWS_12697,3
NEWS_12698,1
NEWS_12699,4
NEWS_12700,4
NEWS_12701,1
NEWS_12702,3
NEWS_12703,1
NEWS_12704,5
NEWS_12705,0
NEWS_12706,5
NEWS_12707,1
NEWS_12708,4
NEWS_12709,1
NEWS_12710,4
NEWS_12711,5
NEWS_12712,4
NEWS_12713,1
NEWS_12714,3
NEWS_12715,4
NEWS_12716,5
NEWS_12717,3
NEWS_12718,1
NEWS_12719,4
NEWS_12720,1
NEWS_12721,3
NEWS_12722,1
NEWS_12723,2
NEWS_12724,2
NEWS_12725,4
NEWS_12726,4
NEWS_12727,1
NEWS_12728,1
NEWS_12729,3
NEWS_12730,3
NEWS_12731,1
NEWS_12732,1
NEWS_12733,4
NEWS_12734,0
NEWS_12735,5
NEWS_12736,4
NEWS_12737,2
NEWS_12738,5
NEWS_12739,3
NEWS_12740,3
NEWS_12741,2
NEWS_12742,5
NEWS_12743,4
NEWS_12744,5
NEWS_12745,4
NEWS_12746,0
NEWS_12747,4
NEWS_12748,0
NEWS_12749,2
NEWS_12750,3
NEWS_12751,4
NEWS_12752,5
NEWS_12753,1
NEWS_12754,3
NEWS_12755,4
NEWS_12756,5
NEWS_12757,4
NEWS_12758,1
NEWS_12759,2
NEWS_12760,3
NEWS_12761,4
NEWS_12762,4
NEWS_12763,3
NEWS_12764,4
NEWS_12765,1
NEWS_12766,5
NEWS_12767,4
NEWS_12768,4
NEWS_12769,3
NEWS_12770,4
NEWS_12771,1
NEWS_12772,2
NEWS_12773,4
NEWS_12774,3
NEWS_12775,3
NEWS_12776,4
NEWS_12777,1
NEWS_12778,3
NEWS_12779,4
NEWS_12780,4
NEWS_12781,5
NEWS_12782,0
NEWS_12783,4
NEWS_12784,0
NEWS_12785,3
NEWS_12786,1
NEWS_12787,4
NEWS_12788,4
NEWS_12789,5
NEWS_12790,5
NEWS_12791,1
NEWS_12792,4
NEWS_12793,4
NEWS_12794,3
NEWS_12795,5
NEWS_12796,3
NEWS_12797,1
NEWS_12798,3
NEWS_12799,3
NEWS_12800,5
NEWS_12801,4
NEWS_12802,4
NEWS_12803,3
NEWS_12804,4
NEWS_12805,1
NEWS_12806,3
NEWS_12807,4
NEWS_12808,2
NEWS_12809,3
NEWS_12810,3
NEWS_12811,0
NEWS_12812,2
NEWS_12813,0
NEWS_12814,4
NEWS_12815,4
NEWS_12816,2
NEWS_12817,4
NEWS_12818,4
NEWS_12819,1
NEWS_12820,4
NEWS_12821,4
NEWS_12822,0
NEWS_12823,5
NEWS_12824,3
NEWS_12825,4
NEWS_12826,3
NEWS_12827,0
NEWS_12828,4
NEWS_12829,4
NEWS_12830,2
NEWS_12831,2
NEWS_12832,4
NEWS_12833,2
NEWS_12834,3
NEWS_12835,1
NEWS_12836,4
NEWS_12837,4
NEWS_12838,4
NEWS_12839,1
NEWS_12840,1
NEWS_12841,5
NEWS_12842,2
NEWS_12843,2
NEWS_12844,0
NEWS_12845,3
NEWS_12846,4
NEWS_12847,5
NEWS_12848,4
NEWS_12849,1
NEWS_12850,4
NEWS_12851,2
NEWS_12852,1
NEWS_12853,1
NEWS_12854,3
NEWS_12855,4
NEWS_12856,5
NEWS_12857,4
NEWS_12858,4
NEWS_12859,4
NEWS_12860,5
NEWS_12861,5
NEWS_12862,5
NEWS_12863,4
NEWS_12864,4
NEWS_12865,1
NEWS_12866,2
NEWS_12867,2
NEWS_12868,2
NEWS_12869,3
NEWS_12870,2
NEWS_12871,2
NEWS_12872,2
NEWS_12873,2
NEWS_12874,2
NEWS_12875,2
NEWS_12876,5
NEWS_12877,2
NEWS_12878,5
NEWS_12879,5
NEWS_12880,5
NEWS_12881,2
NEWS_12882,5
NEWS_12883,2
NEWS_12884,2
NEWS_12885,4
NEWS_12886,1
NEWS_12887,3
NEWS_12888,1
NEWS_12889,4
NEWS_12890,1
NEWS_12891,3
NEWS_12892,4
NEWS_12893,4
NEWS_12894,4
NEWS_12895,4
NEWS_12896,5
NEWS_12897,2
NEWS_12898,4
NEWS_12899,3
NEWS_12900,1
NEWS_12901,1
NEWS_12902,4
NEWS_12903,4
NEWS_12904,4
NEWS_12905,0
NEWS_12906,5
NEWS_12907,4
NEWS_12908,3
NEWS_12909,3
NEWS_12910,5
NEWS_12911,0
NEWS_12912,4
NEWS_12913,5
NEWS_12914,1
NEWS_12915,5
NEWS_12916,4
NEWS_12917,4
NEWS_12918,4
NEWS_12919,4
NEWS_12920,4
NEWS_12921,4
NEWS_12922,5
NEWS_12923,1
NEWS_12924,1
NEWS_12925,4
NEWS_12926,4
NEWS_12927,1
NEWS_12928,4
NEWS_12929,4
NEWS_12930,3
NEWS_12931,1
NEWS_12932,1
NEWS_12933,5
NEWS_12934,4
NEWS_12935,4
NEWS_12936,4
NEWS_12937,1
NEWS_12938,1
NEWS_12939,1
NEWS_12940,5
NEWS_12941,4
NEWS_12942,4
NEWS_12943,2
NEWS_12944,1
NEWS_12945,3
NEWS_12946,2
NEWS_12947,4
NEWS_12948,1
NEWS_12949,4
NEWS_12950,5
NEWS_12951,1
NEWS_12952,3
NEWS_12953,4
NEWS_12954,3
NEWS_12955,1
NEWS_12956,3
NEWS_12957,4
NEWS_12958,1
NEWS_12959,2
NEWS_12960,5
NEWS_12961,4
NEWS_12962,3
NEWS_12963,3
NEWS_12964,1
NEWS_12965,4
NEWS_12966,3
NEWS_12967,4
NEWS_12968,4
NEWS_12969,2
NEWS_12970,5
NEWS_12971,4
NEWS_12972,1
NEWS_12973,4
NEWS_12974,0
NEWS_12975,0
NEWS_12976,4
NEWS_12977,4
NEWS_12978,2
NEWS_12979,3
NEWS_12980,1
NEWS_12981,1
NEWS_12982,3
NEWS_12983,1
NEWS_12984,1
NEWS_12985,1
NEWS_12986,1
NEWS_12987,4
NEWS_12988,5
NEWS_12989,3
NEWS_12990,4
NEWS_12991,1
NEWS_12992,4
NEWS_12993,2
NEWS_12994,4
NEWS_12995,3
NEWS_12996,4
NEWS_12997,3
NEWS_12998,1
NEWS_12999,5
NEWS_13000,2
NEWS_13001,4
NEWS_13002,1
NEWS_13003,2
NEWS_13004,4
NEWS_13005,4
NEWS_13006,4
NEWS_13007,3
NEWS_13008,3
NEWS_13009,1
NEWS_13010,4
NEWS_13011,5
NEWS_13012,5
NEWS_13013,1
NEWS_13014,4
NEWS_13015,1
NEWS_13016,2
NEWS_13017,4
NEWS_13018,2
NEWS_13019,3
NEWS_13020,4
NEWS_13021,1
NEWS_13022,4
NEWS_13023,2
NEWS_13024,5
NEWS_13025,4
NEWS_13026,4
NEWS_13027,2
NEWS_13028,5
NEWS_13029,2
NEWS_13030,4
NEWS_13031,4
NEWS_13032,4
NEWS_13033,4
NEWS_13034,2
NEWS_13035,4
NEWS_13036,3
NEWS_13037,0
NEWS_13038,5
NEWS_13039,2
NEWS_13040,2
NEWS_13041,4
NEWS_13042,4
NEWS_13043,2
NEWS_13044,5
NEWS_13045,5
NEWS_13046,4
NEWS_13047,4
NEWS_13048,3
NEWS_13049,4
NEWS_13050,3
NEWS_13051,1
NEWS_13052,1
NEWS_13053,5
NEWS_13054,1
NEWS_13055,4
NEWS_13056,3
NEWS_13057,4
NEWS_13058,1
NEWS_13059,5
NEWS_13060,5
NEWS_13061,1
NEWS_13062,1
NEWS_13063,4
NEWS_13064,3
NEWS_13065,5
NEWS_13066,4
NEWS_13067,5
NEWS_13068,4
NEWS_13069,2
NEWS_13070,3
NEWS_13071,3
NEWS_13072,3
NEWS_13073,5
NEWS_13074,5
NEWS_13075,4
NEWS_13076,3
NEWS_13077,1
NEWS_13078,1
NEWS_13079,5
NEWS_13080,2
NEWS_13081,3
NEWS_13082,4
NEWS_13083,3
NEWS_13084,3
NEWS_13085,4
NEWS_13086,3
NEWS_13087,2
NEWS_13088,1
NEWS_13089,4
NEWS_13090,3
NEWS_13091,4
NEWS_13092,3
NEWS_13093,2
NEWS_13094,3
NEWS_13095,5
NEWS_13096,2
NEWS_13097,5
NEWS_13098,4
NEWS_13099,4
NEWS_13100,3
NEWS_13101,0
NEWS_13102,5
NEWS_13103,4
NEWS_13104,2
NEWS_13105,2
NEWS_13106,1
NEWS_13107,0
NEWS_13108,4
NEWS_13109,2
NEWS_13110,3
NEWS_13111,2
NEWS_13112,2
NEWS_13113,5
NEWS_13114,2
NEWS_13115,3
NEWS_13116,3
NEWS_13117,4
NEWS_13118,3
NEWS_13119,5
NEWS_13120,3
NEWS_13121,4
NEWS_13122,2
NEWS_13123,4
NEWS_13124,4
NEWS_13125,4
NEWS_13126,4
NEWS_13127,3
NEWS_13128,4
NEWS_13129,1
NEWS_13130,2
NEWS_13131,4
NEWS_13132,3
NEWS_13133,5
NEWS_13134,1
NEWS_13135,5
NEWS_13136,3
NEWS_13137,3
NEWS_13138,5
NEWS_13139,5
NEWS_13140,4
NEWS_13141,1
NEWS_13142,3
NEWS_13143,2
NEWS_13144,2
NEWS_13145,1
NEWS_13146,4
NEWS_13147,5
NEWS_13148,2
NEWS_13149,4
NEWS_13150,3
NEWS_13151,3
NEWS_13152,4
NEWS_13153,2
NEWS_13154,1
NEWS_13155,5
NEWS_13156,4
NEWS_13157,4
NEWS_13158,4
NEWS_13159,1
NEWS_13160,1
NEWS_13161,4
NEWS_13162,0
NEWS_13163,4
NEWS_13164,3
NEWS_13165,4
NEWS_13166,4
NEWS_13167,2
NEWS_13168,4
NEWS_13169,2
NEWS_13170,4
NEWS_13171,5
NEWS_13172,1
NEWS_13173,4
NEWS_13174,2
NEWS_13175,2
NEWS_13176,3
NEWS_13177,3
NEWS_13178,5
NEWS_13179,4
NEWS_13180,4
NEWS_13181,1
NEWS_13182,2
NEWS_13183,3
NEWS_13184,0
NEWS_13185,3
NEWS_13186,2
NEWS_13187,3
NEWS_13188,5
NEWS_13189,5
NEWS_13190,1
NEWS_13191,5
NEWS_13192,3
NEWS_13193,4
NEWS_13194,2
NEWS_13195,5
NEWS_13196,3
NEWS_13197,1
NEWS_13198,5
NEWS_13199,1
NEWS_13200,4
NEWS_13201,3
NEWS_13202,1
NEWS_13203,4
NEWS_13204,1
NEWS_13205,4
NEWS_13206,3
NEWS_13207,4
NEWS_13208,4
NEWS_13209,2
NEWS_13210,4
NEWS_13211,4
NEWS_13212,4
NEWS_13213,2
NEWS_13214,5
NEWS_13215,5
NEWS_13216,4
NEWS_13217,4
NEWS_13218,4
NEWS_13219,1
NEWS_13220,2
NEWS_13221,1
NEWS_13222,4
NEWS_13223,2
NEWS_13224,1
NEWS_13225,4
NEWS_13226,1
NEWS_13227,5
NEWS_13228,1
NEWS_13229,3
NEWS_13230,0
NEWS_13231,0
NEWS_13232,5
NEWS_13233,1
NEWS_13234,4
NEWS_13235,3
NEWS_13236,1
NEWS_13237,2
NEWS_13238,1
NEWS_13239,3
NEWS_13240,4
NEWS_13241,3
NEWS_13242,3
NEWS_13243,4
NEWS_13244,2
NEWS_13245,2
NEWS_13246,2
NEWS_13247,3
NEWS_13248,3
NEWS_13249,5
NEWS_13250,0
NEWS_13251,2
NEWS_13252,4
NEWS_13253,5
NEWS_13254,5
NEWS_13255,3
NEWS_13256,5
NEWS_13257,3
NEWS_13258,4
NEWS_13259,4
NEWS_13260,5
NEWS_13261,4
NEWS_13262,4
NEWS_13263,4
NEWS_13264,2
NEWS_13265,5
NEWS_13266,3
NEWS_13267,5
NEWS_13268,4
NEWS_13269,4
NEWS_13270,3
NEWS_13271,5
NEWS_13272,2
NEWS_13273,4
NEWS_13274,1
NEWS_13275,5
NEWS_13276,1
NEWS_13277,5
NEWS_13278,0
NEWS_13279,4
NEWS_13280,5
NEWS_13281,2
NEWS_13282,4
NEWS_13283,1
NEWS_13284,3
NEWS_13285,4
NEWS_13286,3
NEWS_13287,1
NEWS_13288,0
NEWS_13289,5
NEWS_13290,1
NEWS_13291,5
NEWS_13292,1
NEWS_13293,4
NEWS_13294,2
NEWS_13295,3
NEWS_13296,0
NEWS_13297,1
NEWS_13298,2
NEWS_13299,1
NEWS_13300,2
NEWS_13301,4
NEWS_13302,3
NEWS_13303,4
NEWS_13304,3
NEWS_13305,3
NEWS_13306,3
NEWS_13307,3
NEWS_13308,4
NEWS_13309,3
NEWS_13310,4
NEWS_13311,4
NEWS_13312,4
NEWS_13313,5
NEWS_13314,1
NEWS_13315,4
NEWS_13316,3
NEWS_13317,4
NEWS_13318,3
NEWS_13319,4
NEWS_13320,0
NEWS_13321,1
NEWS_13322,0
NEWS_13323,4
NEWS_13324,3
NEWS_13325,5
NEWS_13326,4
NEWS_13327,4
NEWS_13328,3
NEWS_13329,4
NEWS_13330,3
NEWS_13331,3
NEWS_13332,5
NEWS_13333,4
NEWS_13334,4
NEWS_13335,2
NEWS_13336,5
NEWS_13337,5
NEWS_13338,3
NEWS_13339,4
NEWS_13340,4
NEWS_13341,2
NEWS_13342,3
NEWS_13343,1
NEWS_13344,3
NEWS_13345,0
NEWS_13346,4
NEWS_13347,1
NEWS_13348,4
NEWS_13349,4
NEWS_13350,2
NEWS_13351,0
NEWS_13352,1
NEWS_13353,4
NEWS_13354,4
NEWS_13355,5
NEWS_13356,1
NEWS_13357,1
NEWS_13358,4
NEWS_13359,3
NEWS_13360,4
NEWS_13361,4
NEWS_13362,3
NEWS_13363,4
NEWS_13364,2
NEWS_13365,4
NEWS_13366,3
NEWS_13367,5
NEWS_13368,2
NEWS_13369,3
NEWS_13370,0
NEWS_13371,4
NEWS_13372,4
NEWS_13373,4
NEWS_13374,4
NEWS_13375,4
NEWS_13376,2
NEWS_13377,2
NEWS_13378,4
NEWS_13379,3
NEWS_13380,2
NEWS_13381,3
NEWS_13382,2
NEWS_13383,3
NEWS_13384,4
NEWS_13385,5
NEWS_13386,2
NEWS_13387,5
NEWS_13388,4
NEWS_13389,4
NEWS_13390,5
NEWS_13391,1
NEWS_13392,3
NEWS_13393,5
NEWS_13394,5
NEWS_13395,4
NEWS_13396,4
NEWS_13397,4
NEWS_13398,0
NEWS_13399,5
NEWS_13400,4
NEWS_13401,2
NEWS_13402,4
NEWS_13403,4
NEWS_13404,2
NEWS_13405,4
NEWS_13406,5
NEWS_13407,3
NEWS_13408,4
NEWS_13409,2
NEWS_13410,4
NEWS_13411,1
NEWS_13412,3
NEWS_13413,5
NEWS_13414,4
NEWS_13415,2
NEWS_13416,3
NEWS_13417,5
NEWS_13418,5
NEWS_13419,1
NEWS_13420,2
NEWS_13421,0
NEWS_13422,4
NEWS_13423,4
NEWS_13424,3
NEWS_13425,1
NEWS_13426,5
NEWS_13427,4
NEWS_13428,4
NEWS_13429,3
NEWS_13430,5
NEWS_13431,3
NEWS_13432,4
NEWS_13433,4
NEWS_13434,1
NEWS_13435,1
NEWS_13436,0
NEWS_13437,3
NEWS_13438,5
NEWS_13439,4
NEWS_13440,1
NEWS_13441,3
NEWS_13442,4
NEWS_13443,4
NEWS_13444,4
NEWS_13445,3
NEWS_13446,3
NEWS_13447,4
NEWS_13448,0
NEWS_13449,3
NEWS_13450,1
NEWS_13451,2
NEWS_13452,1
NEWS_13453,4
NEWS_13454,5
NEWS_13455,1
NEWS_13456,5
NEWS_13457,4
NEWS_13458,4
NEWS_13459,3
NEWS_13460,1
NEWS_13461,3
NEWS_13462,3
NEWS_13463,2
NEWS_13464,1
NEWS_13465,2
NEWS_13466,1
NEWS_13467,4
NEWS_13468,5
NEWS_13469,2
NEWS_13470,1
NEWS_13471,3
NEWS_13472,3
NEWS_13473,1
NEWS_13474,5
NEWS_13475,5
NEWS_13476,1
NEWS_13477,4
NEWS_13478,3
NEWS_13479,4
NEWS_13480,4
NEWS_13481,1
NEWS_13482,5
NEWS_13483,4
NEWS_13484,2
NEWS_13485,4
NEWS_13486,3
NEWS_13487,3
NEWS_13488,2
NEWS_13489,0
NEWS_13490,4
NEWS_13491,4
NEWS_13492,4
NEWS_13493,5
NEWS_13494,4
NEWS_13495,4
NEWS_13496,3
NEWS_13497,5
NEWS_13498,3
NEWS_13499,5
NEWS_13500,0
NEWS_13501,3
NEWS_13502,5
NEWS_13503,5
NEWS_13504,2
NEWS_13505,4
NEWS_13506,2
NEWS_13507,4
NEWS_13508,3
NEWS_13509,3
NEWS_13510,4
NEWS_13511,1
NEWS_13512,3
NEWS_13513,1
NEWS_13514,3
NEWS_13515,3
NEWS_13516,1
NEWS_13517,4
NEWS_13518,1
NEWS_13519,2
NEWS_13520,5
NEWS_13521,2
NEWS_13522,1
NEWS_13523,4
NEWS_13524,4
NEWS_13525,5
NEWS_13526,5
NEWS_13527,4
NEWS_13528,3
NEWS_13529,4
NEWS_13530,4
NEWS_13531,3
NEWS_13532,4
NEWS_13533,1
NEWS_13534,4
NEWS_13535,2
NEWS_13536,1
NEWS_13537,4
NEWS_13538,2
NEWS_13539,4
NEWS_13540,5
NEWS_13541,1
NEWS_13542,3
NEWS_13543,0
NEWS_13544,0
NEWS_13545,5
NEWS_13546,3
NEWS_13547,1
NEWS_13548,5
NEWS_13549,4
NEWS_13550,5
NEWS_13551,5
NEWS_13552,3
NEWS_13553,4
NEWS_13554,1
NEWS_13555,4
NEWS_13556,2
NEWS_13557,3
NEWS_13558,3
NEWS_13559,5
NEWS_13560,4
NEWS_13561,4
NEWS_13562,2
NEWS_13563,1
NEWS_13564,4
NEWS_13565,2
NEWS_13566,3
NEWS_13567,3
NEWS_13568,2
NEWS_13569,1
NEWS_13570,3
NEWS_13571,3
NEWS_13572,3
NEWS_13573,0
NEWS_13574,4
NEWS_13575,5
NEWS_13576,4
NEWS_13577,4
NEWS_13578,4
NEWS_13579,1
NEWS_13580,4
NEWS_13581,2
NEWS_13582,4
NEWS_13583,4
NEWS_13584,4
NEWS_13585,4
NEWS_13586,3
NEWS_13587,2
NEWS_13588,1
NEWS_13589,4
NEWS_13590,1
NEWS_13591,4
NEWS_13592,1
NEWS_13593,5
NEWS_13594,2
NEWS_13595,3
NEWS_13596,3
NEWS_13597,1
NEWS_13598,4
NEWS_13599,4
NEWS_13600,5
NEWS_13601,1
NEWS_13602,1
NEWS_13603,2
NEWS_13604,0
NEWS_13605,4
NEWS_13606,0
NEWS_13607,4
NEWS_13608,1
NEWS_13609,3
NEWS_13610,5
NEWS_13611,5
NEWS_13612,3
NEWS_13613,4
NEWS_13614,1
NEWS_13615,3
NEWS_13616,2
NEWS_13617,2
NEWS_13618,1
NEWS_13619,3
NEWS_13620,4
NEWS_13621,3
NEWS_13622,3
NEWS_13623,4
NEWS_13624,2
NEWS_13625,5
NEWS_13626,4
NEWS_13627,4
NEWS_13628,1
NEWS_13629,0
NEWS_13630,3
NEWS_13631,4
NEWS_13632,4
NEWS_13633,4
NEWS_13634,1
NEWS_13635,3
NEWS_13636,5
NEWS_13637,5
NEWS_13638,3
NEWS_13639,3
NEWS_13640,4
NEWS_13641,3
NEWS_13642,1
NEWS_13643,2
NEWS_13644,3
NEWS_13645,0
NEWS_13646,4
NEWS_13647,2
NEWS_13648,5
NEWS_13649,4
NEWS_13650,4
NEWS_13651,4
NEWS_13652,4
NEWS_13653,1
NEWS_13654,1
NEWS_13655,1
NEWS_13656,0
NEWS_13657,1
NEWS_13658,5
NEWS_13659,3
NEWS_13660,2
NEWS_13661,5
NEWS_13662,2
NEWS_13663,4
NEWS_13664,4
NEWS_13665,2
NEWS_13666,3
NEWS_13667,4
NEWS_13668,3
NEWS_13669,3
NEWS_13670,2
NEWS_13671,3
NEWS_13672,4
NEWS_13673,4
NEWS_13674,2
NEWS_13675,2
NEWS_13676,3
NEWS_13677,0
NEWS_13678,5
NEWS_13679,4
NEWS_13680,5
NEWS_13681,2
NEWS_13682,4
NEWS_13683,2
NEWS_13684,2
NEWS_13685,2
NEWS_13686,1
NEWS_13687,3
NEWS_13688,3
NEWS_13689,1
NEWS_13690,3
NEWS_13691,3
NEWS_13692,4
NEWS_13693,1
NEWS_13694,4
NEWS_13695,3
NEWS_13696,3
NEWS_13697,1
NEWS_13698,4
NEWS_13699,4
NEWS_13700,1
NEWS_13701,0
NEWS_13702,4
NEWS_13703,5
NEWS_13704,2
NEWS_13705,5
NEWS_13706,0
NEWS_13707,4
NEWS_13708,4
NEWS_13709,4
NEWS_13710,2
NEWS_13711,3
NEWS_13712,1
NEWS_13713,4
NEWS_13714,4
NEWS_13715,2
NEWS_13716,3
NEWS_13717,4
NEWS_13718,4
NEWS_13719,4
NEWS_13720,2
NEWS_13721,4
NEWS_13722,1
NEWS_13723,4
NEWS_13724,5
NEWS_13725,3
NEWS_13726,4
NEWS_13727,4
NEWS_13728,1
NEWS_13729,4
NEWS_13730,2
NEWS_13731,5
NEWS_13732,5
NEWS_13733,4
NEWS_13734,4
NEWS_13735,4
NEWS_13736,1
NEWS_13737,1
NEWS_13738,2
NEWS_13739,2
NEWS_13740,4
NEWS_13741,4
NEWS_13742,1
NEWS_13743,4
NEWS_13744,3
NEWS_13745,3
NEWS_13746,5
NEWS_13747,3
NEWS_13748,5
NEWS_13749,3
NEWS_13750,5
NEWS_13751,5
NEWS_13752,3
NEWS_13753,4
NEWS_13754,4
NEWS_13755,5
NEWS_13756,4
NEWS_13757,3
NEWS_13758,3
NEWS_13759,4
NEWS_13760,4
NEWS_13761,4
NEWS_13762,4
NEWS_13763,5
NEWS_13764,4
NEWS_13765,3
NEWS_13766,5
NEWS_13767,4
NEWS_13768,3
NEWS_13769,3
NEWS_13770,2
NEWS_13771,4
NEWS_13772,1
NEWS_13773,5
NEWS_13774,5
NEWS_13775,4
NEWS_13776,1
NEWS_13777,2
NEWS_13778,0
NEWS_13779,2
NEWS_13780,5
NEWS_13781,3
NEWS_13782,3
NEWS_13783,2
NEWS_13784,4
NEWS_13785,4
NEWS_13786,2
NEWS_13787,3
NEWS_13788,4
NEWS_13789,5
NEWS_13790,1
NEWS_13791,2
NEWS_13792,3
NEWS_13793,5
NEWS_13794,4
NEWS_13795,4
NEWS_13796,0
NEWS_13797,3
NEWS_13798,4
NEWS_13799,1
NEWS_13800,1
NEWS_13801,1
NEWS_13802,3
NEWS_13803,4
NEWS_13804,2
NEWS_13805,4
NEWS_13806,2
NEWS_13807,4
NEWS_13808,2
NEWS_13809,1
NEWS_13810,3
NEWS_13811,4
NEWS_13812,3
NEWS_13813,4
NEWS_13814,4
NEWS_13815,0
NEWS_13816,3
NEWS_13817,1
NEWS_13818,4
NEWS_13819,1
NEWS_13820,4
NEWS_13821,5
NEWS_13822,4
NEWS_13823,4
NEWS_13824,4
NEWS_13825,1
NEWS_13826,1
NEWS_13827,3
NEWS_13828,2
NEWS_13829,4
NEWS_13830,2
NEWS_13831,5
NEWS_13832,1
NEWS_13833,5
NEWS_13834,2
NEWS_13835,0
NEWS_13836,4
NEWS_13837,0
NEWS_13838,4
NEWS_13839,4
NEWS_13840,1
NEWS_13841,4
NEWS_13842,5
NEWS_13843,4
NEWS_13844,3
NEWS_13845,1
NEWS_13846,4
NEWS_13847,1
NEWS_13848,4
NEWS_13849,4
NEWS_13850,1
NEWS_13851,5
NEWS_13852,4
NEWS_13853,3
NEWS_13854,3
NEWS_13855,3
NEWS_13856,4
NEWS_13857,4
NEWS_13858,4
NEWS_13859,1
NEWS_13860,2
NEWS_13861,3
NEWS_13862,2
NEWS_13863,4
NEWS_13864,1
NEWS_13865,2
NEWS_13866,4
NEWS_13867,4
NEWS_13868,4
NEWS_13869,5
NEWS_13870,4
NEWS_13871,0
NEWS_13872,5
NEWS_13873,4
NEWS_13874,1
NEWS_13875,4
NEWS_13876,2
NEWS_13877,0
NEWS_13878,1
NEWS_13879,1
NEWS_13880,3
NEWS_13881,2
NEWS_13882,4
NEWS_13883,1
NEWS_13884,1
NEWS_13885,2
NEWS_13886,2
NEWS_13887,2
NEWS_13888,4
NEWS_13889,2
NEWS_13890,5
NEWS_13891,4
NEWS_13892,2
NEWS_13893,5
NEWS_13894,1
NEWS_13895,2
NEWS_13896,4
NEWS_13897,4
NEWS_13898,1
NEWS_13899,4
NEWS_13900,0
NEWS_13901,3
NEWS_13902,4
NEWS_13903,1
NEWS_13904,3
NEWS_13905,5
NEWS_13906,5
NEWS_13907,4
NEWS_13908,4
NEWS_13909,4
NEWS_13910,4
NEWS_13911,4
NEWS_13912,1
NEWS_13913,3
NEWS_13914,5
NEWS_13915,4
NEWS_13916,3
NEWS_13917,4
NEWS_13918,2
NEWS_13919,2
NEWS_13920,5
NEWS_13921,4
NEWS_13922,1
NEWS_13923,1
NEWS_13924,3
NEWS_13925,0
NEWS_13926,2
NEWS_13927,1
NEWS_13928,1
NEWS_13929,4
NEWS_13930,4
NEWS_13931,1
NEWS_13932,1
NEWS_13933,5
NEWS_13934,1
NEWS_13935,4
NEWS_13936,1
NEWS_13937,3
NEWS_13938,5
NEWS_13939,4
NEWS_13940,3
NEWS_13941,4
NEWS_13942,4
NEWS_13943,1
NEWS_13944,4
NEWS_13945,4
NEWS_13946,1
NEWS_13947,1
NEWS_13948,1
NEWS_13949,1
NEWS_13950,5
NEWS_13951,4
NEWS_13952,2
NEWS_13953,1
NEWS_13954,4
NEWS_13955,1
NEWS_13956,2
NEWS_13957,1
NEWS_13958,4
NEWS_13959,4
NEWS_13960,5
NEWS_13961,2
NEWS_13962,5
NEWS_13963,4
NEWS_13964,3
NEWS_13965,1
NEWS_13966,2
NEWS_13967,3
NEWS_13968,1
NEWS_13969,1
NEWS_13970,3
NEWS_13971,2
NEWS_13972,0
NEWS_13973,4
NEWS_13974,2
NEWS_13975,4
NEWS_13976,5
NEWS_13977,5
NEWS_13978,5
NEWS_13979,4
NEWS_13980,4
NEWS_13981,4
NEWS_13982,0
NEWS_13983,4
NEWS_13984,4
NEWS_13985,4
NEWS_13986,0
NEWS_13987,4
NEWS_13988,5
NEWS_13989,2
NEWS_13990,5
NEWS_13991,4
NEWS_13992,1
NEWS_13993,4
NEWS_13994,2
NEWS_13995,1
NEWS_13996,2
NEWS_13997,0
NEWS_13998,1
NEWS_13999,4
NEWS_14000,5
NEWS_14001,4
NEWS_14002,4
NEWS_14003,0
NEWS_14004,5
NEWS_14005,1
NEWS_14006,2
NEWS_14007,5
NEWS_14008,4
NEWS_14009,3
NEWS_14010,3
NEWS_14011,0
NEWS_14012,2
NEWS_14013,1
NEWS_14014,5
NEWS_14015,3
NEWS_14016,4
NEWS_14017,4
NEWS_14018,4
NEWS_14019,4
NEWS_14020,3
NEWS_14021,1
NEWS_14022,4
NEWS_14023,1
NEWS_14024,3
NEWS_14025,2
NEWS_14026,2
NEWS_14027,4
NEWS_14028,4
NEWS_14029,0
NEWS_14030,1
NEWS_14031,5
NEWS_14032,1
NEWS_14033,1
NEWS_14034,3
NEWS_14035,4
NEWS_14036,3
NEWS_14037,1
NEWS_14038,5
NEWS_14039,4
NEWS_14040,5
NEWS_14041,3
NEWS_14042,4
NEWS_14043,2
NEWS_14044,3
NEWS_14045,1
NEWS_14046,4
NEWS_14047,1
NEWS_14048,5
NEWS_14049,5
NEWS_14050,5
NEWS_14051,5
NEWS_14052,5
NEWS_14053,2
NEWS_14054,1
NEWS_14055,5
NEWS_14056,2
NEWS_14057,4
NEWS_14058,4
NEWS_14059,2
NEWS_14060,2
NEWS_14061,2
NEWS_14062,0
NEWS_14063,4
NEWS_14064,4
NEWS_14065,4
NEWS_14066,4
NEWS_14067,2
NEWS_14068,5
NEWS_14069,3
NEWS_14070,5
NEWS_14071,5
NEWS_14072,3
NEWS_14073,5
NEWS_14074,5
NEWS_14075,3
NEWS_14076,4
NEWS_14077,2
NEWS_14078,3
NEWS_14079,3
NEWS_14080,3
NEWS_14081,3
NEWS_14082,3
NEWS_14083,4
NEWS_14084,1
NEWS_14085,4
NEWS_14086,1
NEWS_14087,4
NEWS_14088,3
NEWS_14089,5
NEWS_14090,5
NEWS_14091,3
NEWS_14092,3
NEWS_14093,4
NEWS_14094,4
NEWS_14095,5
NEWS_14096,4
NEWS_14097,4
NEWS_14098,1
NEWS_14099,1
NEWS_14100,4
NEWS_14101,4
NEWS_14102,3
NEWS_14103,2
NEWS_14104,1
NEWS_14105,4
NEWS_14106,1
NEWS_14107,1
NEWS_14108,4
NEWS_14109,5
NEWS_14110,5
NEWS_14111,1
NEWS_14112,4
NEWS_14113,1
NEWS_14114,2
NEWS_14115,1
NEWS_14116,1
NEWS_14117,4
NEWS_14118,2
NEWS_14119,2
NEWS_14120,5
NEWS_14121,4
NEWS_14122,1
NEWS_14123,4
NEWS_14124,4
NEWS_14125,4
NEWS_14126,2
NEWS_14127,3
NEWS_14128,4
NEWS_14129,5
NEWS_14130,4
NEWS_14131,2
NEWS_14132,1
NEWS_14133,3
NEWS_14134,3
NEWS_14135,1
NEWS_14136,5
NEWS_14137,1
NEWS_14138,5
NEWS_14139,4
NEWS_14140,3
NEWS_14141,3
NEWS_14142,1
NEWS_14143,0
NEWS_14144,3
NEWS_14145,4
NEWS_14146,3
NEWS_14147,3
NEWS_14148,1
NEWS_14149,3
NEWS_14150,2
NEWS_14151,0
NEWS_14152,5
NEWS_14153,4
NEWS_14154,1
NEWS_14155,5
NEWS_14156,1
NEWS_14157,4
NEWS_14158,3
NEWS_14159,3
NEWS_14160,0
NEWS_14161,4
NEWS_14162,4
NEWS_14163,2
NEWS_14164,4
NEWS_14165,3
NEWS_14166,4
NEWS_14167,4
NEWS_14168,4
NEWS_14169,4
NEWS_14170,4
NEWS_14171,3
NEWS_14172,5
NEWS_14173,5
NEWS_14174,1
NEWS_14175,1
NEWS_14176,1
NEWS_14177,2
NEWS_14178,3
NEWS_14179,3
NEWS_14180,3
NEWS_14181,4
NEWS_14182,4
NEWS_14183,3
NEWS_14184,1
NEWS_14185,1
NEWS_14186,1
NEWS_14187,2
NEWS_14188,4
NEWS_14189,1
NEWS_14190,4
NEWS_14191,0
NEWS_14192,1
NEWS_14193,5
NEWS_14194,1
NEWS_14195,5
NEWS_14196,1
NEWS_14197,1
NEWS_14198,2
NEWS_14199,3
NEWS_14200,5
NEWS_14201,5
NEWS_14202,2
NEWS_14203,5
NEWS_14204,1
NEWS_14205,2
NEWS_14206,5
NEWS_14207,4
NEWS_14208,4
NEWS_14209,4
NEWS_14210,5
NEWS_14211,1
NEWS_14212,1
NEWS_14213,1
NEWS_14214,3
NEWS_14215,4
NEWS_14216,5
NEWS_14217,3
NEWS_14218,2
NEWS_14219,5
NEWS_14220,3
NEWS_14221,4
NEWS_14222,2
NEWS_14223,2
NEWS_14224,1
NEWS_14225,4
NEWS_14226,4
NEWS_14227,4
NEWS_14228,5
NEWS_14229,5
NEWS_14230,4
NEWS_14231,1
NEWS_14232,2
NEWS_14233,3
NEWS_14234,4
NEWS_14235,4
NEWS_14236,4
NEWS_14237,4
NEWS_14238,3
NEWS_14239,1
NEWS_14240,5
NEWS_14241,4
NEWS_14242,3
NEWS_14243,4
NEWS_14244,4
NEWS_14245,4
NEWS_14246,2
NEWS_14247,4
NEWS_14248,3
NEWS_14249,1
NEWS_14250,3
NEWS_14251,1
NEWS_14252,5
NEWS_14253,4
NEWS_14254,0
NEWS_14255,3
NEWS_14256,5
NEWS_14257,1
NEWS_14258,1
NEWS_14259,3
NEWS_14260,1
NEWS_14261,4
NEWS_14262,4
NEWS_14263,1
NEWS_14264,4
NEWS_14265,4
NEWS_14266,4
NEWS_14267,0
NEWS_14268,5
NEWS_14269,2
NEWS_14270,4
NEWS_14271,1
NEWS_14272,3
NEWS_14273,5
NEWS_14274,1
NEWS_14275,1
NEWS_14276,3
NEWS_14277,4
NEWS_14278,4
NEWS_14279,3
NEWS_14280,2
NEWS_14281,1
NEWS_14282,2
NEWS_14283,0
NEWS_14284,4
NEWS_14285,1
NEWS_14286,1
NEWS_14287,5
NEWS_14288,4
NEWS_14289,2
NEWS_14290,0
NEWS_14291,2
NEWS_14292,2
NEWS_14293,2
NEWS_14294,2
NEWS_14295,3
NEWS_14296,1
NEWS_14297,4
NEWS_14298,4
NEWS_14299,3
NEWS_14300,5
NEWS_14301,1
NEWS_14302,3
NEWS_14303,5
NEWS_14304,3
NEWS_14305,2
NEWS_14306,3
NEWS_14307,1
NEWS_14308,1
NEWS_14309,4
NEWS_14310,2
NEWS_14311,2
NEWS_14312,1
NEWS_14313,4
NEWS_14314,4
NEWS_14315,3
NEWS_14316,3
NEWS_14317,1
NEWS_14318,5
NEWS_14319,5
NEWS_14320,1
NEWS_14321,3
NEWS_14322,1
NEWS_14323,3
NEWS_14324,0
NEWS_14325,5
NEWS_14326,1
NEWS_14327,2
NEWS_14328,4
NEWS_14329,2
NEWS_14330,5
NEWS_14331,0
NEWS_14332,4
NEWS_14333,4
NEWS_14334,3
NEWS_14335,3
NEWS_14336,3
NEWS_14337,4
NEWS_14338,3
NEWS_14339,4
NEWS_14340,4
NEWS_14341,3
NEWS_14342,5
NEWS_14343,1
NEWS_14344,3
NEWS_14345,5
NEWS_14346,0
NEWS_14347,4
NEWS_14348,1
NEWS_14349,5
NEWS_14350,4
NEWS_14351,0
NEWS_14352,5
NEWS_14353,1
NEWS_14354,1
NEWS_14355,3
NEWS_14356,1
NEWS_14357,3
NEWS_14358,5
NEWS_14359,3
NEWS_14360,5
NEWS_14361,4
NEWS_14362,5
NEWS_14363,4
NEWS_14364,5
NEWS_14365,4
NEWS_14366,4
NEWS_14367,3
NEWS_14368,4
NEWS_14369,4
NEWS_14370,4
NEWS_14371,3
NEWS_14372,5
NEWS_14373,4
NEWS_14374,2
NEWS_14375,1
NEWS_14376,5
NEWS_14377,3
NEWS_14378,4
NEWS_14379,1
NEWS_14380,2
NEWS_14381,4
NEWS_14382,1
NEWS_14383,2
NEWS_14384,1
NEWS_14385,1
NEWS_14386,5
NEWS_14387,2
NEWS_14388,4
NEWS_14389,3
NEWS_14390,0
NEWS_14391,4
NEWS_14392,1
NEWS_14393,4
NEWS_14394,5
NEWS_14395,4
NEWS_14396,2
NEWS_14397,3
NEWS_14398,3
NEWS_14399,1
NEWS_14400,4
NEWS_14401,3
NEWS_14402,1
NEWS_14403,4
NEWS_14404,1
NEWS_14405,0
NEWS_14406,1
NEWS_14407,3
NEWS_14408,5
NEWS_14409,5
NEWS_14410,5
NEWS_14411,4
NEWS_14412,4
NEWS_14413,1
NEWS_14414,2
NEWS_14415,4
NEWS_14416,1
NEWS_14417,3
NEWS_14418,3
NEWS_14419,3
NEWS_14420,2
NEWS_14421,2
NEWS_14422,4
NEWS_14423,3
NEWS_14424,4
NEWS_14425,1
NEWS_14426,3
NEWS_14427,3
NEWS_14428,4
NEWS_14429,4
NEWS_14430,4
NEWS_14431,5
NEWS_14432,4
NEWS_14433,3
NEWS_14434,1
NEWS_14435,5
NEWS_14436,3
NEWS_14437,1
NEWS_14438,2
NEWS_14439,4
NEWS_14440,4
NEWS_14441,1
NEWS_14442,1
NEWS_14443,4
NEWS_14444,5
NEWS_14445,3
NEWS_14446,0
NEWS_14447,4
NEWS_14448,2
NEWS_14449,4
NEWS_14450,1
NEWS_14451,1
NEWS_14452,4
NEWS_14453,2
NEWS_14454,4
NEWS_14455,3
NEWS_14456,3
NEWS_14457,1
NEWS_14458,3
NEWS_14459,5
NEWS_14460,3
NEWS_14461,4
NEWS_14462,4
NEWS_14463,1
NEWS_14464,4
NEWS_14465,4
NEWS_14466,5
NEWS_14467,4
NEWS_14468,0
NEWS_14469,3
NEWS_14470,5
NEWS_14471,3
NEWS_14472,2
NEWS_14473,3
NEWS_14474,3
NEWS_14475,3
NEWS_14476,2
NEWS_14477,5
NEWS_14478,4
NEWS_14479,2
NEWS_14480,5
NEWS_14481,0
NEWS_14482,4
NEWS_14483,0
NEWS_14484,4
NEWS_14485,4
NEWS_14486,4
NEWS_14487,2
NEWS_14488,2
NEWS_14489,4
NEWS_14490,4
NEWS_14491,4
NEWS_14492,4
NEWS_14493,3
NEWS_14494,5
NEWS_14495,1
NEWS_14496,2
NEWS_14497,4
NEWS_14498,4
NEWS_14499,5
NEWS_14500,0
NEWS_14501,1
NEWS_14502,3
NEWS_14503,3
NEWS_14504,3
NEWS_14505,2
NEWS_14506,3
NEWS_14507,4
NEWS_14508,1
NEWS_14509,4
NEWS_14510,2
NEWS_14511,4
NEWS_14512,2
NEWS_14513,1
NEWS_14514,4
NEWS_14515,3
NEWS_14516,4
NEWS_14517,1
NEWS_14518,2
NEWS_14519,2
NEWS_14520,3
NEWS_14521,5
NEWS_14522,4
NEWS_14523,4
NEWS_14524,1
NEWS_14525,0
NEWS_14526,4
NEWS_14527,2
NEWS_14528,5
NEWS_14529,4
NEWS_14530,2
NEWS_14531,4
NEWS_14532,0
NEWS_14533,1
NEWS_14534,5
NEWS_14535,4
NEWS_14536,5
NEWS_14537,2
NEWS_14538,2
NEWS_14539,3
NEWS_14540,4
NEWS_14541,1
NEWS_14542,4
NEWS_14543,3
NEWS_14544,4
NEWS_14545,3
NEWS_14546,4
NEWS_14547,3
NEWS_14548,4
NEWS_14549,1
NEWS_14550,1
NEWS_14551,4
NEWS_14552,2
NEWS_14553,4
NEWS_14554,1
NEWS_14555,1
NEWS_14556,1
NEWS_14557,3
NEWS_14558,3
NEWS_14559,5
NEWS_14560,1
NEWS_14561,4
NEWS_14562,2
NEWS_14563,4
NEWS_14564,1
NEWS_14565,4
NEWS_14566,4
NEWS_14567,0
NEWS_14568,1
NEWS_14569,1
NEWS_14570,2
NEWS_14571,4
NEWS_14572,1
NEWS_14573,1
NEWS_14574,2
NEWS_14575,3
NEWS_14576,4
NEWS_14577,3
NEWS_14578,2
NEWS_14579,2
NEWS_14580,1
NEWS_14581,4
NEWS_14582,1
NEWS_14583,4
NEWS_14584,1
NEWS_14585,3
NEWS_14586,4
NEWS_14587,1
NEWS_14588,1
NEWS_14589,3
NEWS_14590,1
NEWS_14591,3
NEWS_14592,5
NEWS_14593,3
NEWS_14594,4
NEWS_14595,3
NEWS_14596,3
NEWS_14597,4
NEWS_14598,3
NEWS_14599,4
NEWS_14600,5
NEWS_14601,1
NEWS_14602,5
NEWS_14603,4
NEWS_14604,2
NEWS_14605,4
NEWS_14606,1
NEWS_14607,4
NEWS_14608,1
NEWS_14609,2
NEWS_14610,5
NEWS_14611,1
NEWS_14612,5
NEWS_14613,1
NEWS_14614,3
NEWS_14615,2
NEWS_14616,4
NEWS_14617,3
NEWS_14618,1
NEWS_14619,3
NEWS_14620,3
NEWS_14621,5
NEWS_14622,4
NEWS_14623,5
NEWS_14624,1
NEWS_14625,2
NEWS_14626,3
NEWS_14627,3
NEWS_14628,5
NEWS_14629,3
NEWS_14630,5
NEWS_14631,2
NEWS_14632,0
NEWS_14633,4
NEWS_14634,5
NEWS_14635,2
NEWS_14636,3
NEWS_14637,5
NEWS_14638,1
NEWS_14639,5
NEWS_14640,4
NEWS_14641,4
NEWS_14642,1
NEWS_14643,3
NEWS_14644,4
NEWS_14645,2
NEWS_14646,4
NEWS_14647,1
NEWS_14648,5
NEWS_14649,4
NEWS_14650,3
NEWS_14651,4
NEWS_14652,4
NEWS_14653,2
NEWS_14654,1
NEWS_14655,4
NEWS_14656,1
NEWS_14657,2
NEWS_14658,1
NEWS_14659,0
NEWS_14660,3
NEWS_14661,5
NEWS_14662,4
NEWS_14663,4
NEWS_14664,4
NEWS_14665,4
NEWS_14666,2
NEWS_14667,3
NEWS_14668,4
NEWS_14669,3
NEWS_14670,0
NEWS_14671,5
NEWS_14672,3
NEWS_14673,5
NEWS_14674,4
NEWS_14675,4
NEWS_14676,1
NEWS_14677,4
NEWS_14678,3
NEWS_14679,2
NEWS_14680,5
NEWS_14681,1
NEWS_14682,1
NEWS_14683,4
NEWS_14684,2
NEWS_14685,0
NEWS_14686,3
NEWS_14687,3
NEWS_14688,4
NEWS_14689,4
NEWS_14690,5
NEWS_14691,4
NEWS_14692,3
NEWS_14693,1
NEWS_14694,4
NEWS_14695,4
NEWS_14696,4
NEWS_14697,3
NEWS_14698,2
NEWS_14699,3
NEWS_14700,1
NEWS_14701,4
NEWS_14702,4
NEWS_14703,4
NEWS_14704,3
NEWS_14705,4
NEWS_14706,4
NEWS_14707,3
NEWS_14708,3
NEWS_14709,3
NEWS_14710,1
NEWS_14711,3
NEWS_14712,4
NEWS_14713,4
NEWS_14714,0
NEWS_14715,3
NEWS_14716,4
NEWS_14717,4
NEWS_14718,5
NEWS_14719,4
NEWS_14720,4
NEWS_14721,4
NEWS_14722,3
NEWS_14723,5
NEWS_14724,1
NEWS_14725,1
NEWS_14726,4
NEWS_14727,5
NEWS_14728,4
NEWS_14729,4
NEWS_14730,4
NEWS_14731,4
NEWS_14732,3
NEWS_14733,1
NEWS_14734,4
NEWS_14735,4
NEWS_14736,3
NEWS_14737,2
NEWS_14738,5
NEWS_14739,1
NEWS_14740,3
NEWS_14741,5
NEWS_14742,5
NEWS_14743,3
NEWS_14744,4
NEWS_14745,3
NEWS_14746,3
NEWS_14747,3
NEWS_14748,3
NEWS_14749,4
NEWS_14750,4
NEWS_14751,4
NEWS_14752,5
NEWS_14753,4
NEWS_14754,4
NEWS_14755,1
NEWS_14756,1
NEWS_14757,1
NEWS_14758,1
NEWS_14759,4
NEWS_14760,0
NEWS_14761,3
NEWS_14762,4
NEWS_14763,1
NEWS_14764,4
NEWS_14765,1
NEWS_14766,4
NEWS_14767,0
NEWS_14768,2
NEWS_14769,2
NEWS_14770,1
NEWS_14771,4
NEWS_14772,3
NEWS_14773,3
NEWS_14774,1
NEWS_14775,5
NEWS_14776,1
NEWS_14777,3
NEWS_14778,3
NEWS_14779,5
NEWS_14780,4
NEWS_14781,4
NEWS_14782,1
NEWS_14783,4
NEWS_14784,3
NEWS_14785,4
NEWS_14786,5
NEWS_14787,4
NEWS_14788,1
NEWS_14789,2
NEWS_14790,4
NEWS_14791,5
NEWS_14792,3
NEWS_14793,1
NEWS_14794,3
NEWS_14795,1
NEWS_14796,5
NEWS_14797,5
NEWS_14798,1
NEWS_14799,5
NEWS_14800,5
NEWS_14801,0
NEWS_14802,1
NEWS_14803,3
NEWS_14804,4
NEWS_14805,4
NEWS_14806,3
NEWS_14807,4
NEWS_14808,3
NEWS_14809,2
NEWS_14810,3
NEWS_14811,4
NEWS_14812,4
NEWS_14813,1
NEWS_14814,1
NEWS_14815,2
NEWS_14816,1
NEWS_14817,2
NEWS_14818,4
NEWS_14819,1
NEWS_14820,1
NEWS_14821,3
NEWS_14822,4
NEWS_14823,3
NEWS_14824,4
NEWS_14825,4
NEWS_14826,2
NEWS_14827,3
NEWS_14828,5
NEWS_14829,3
NEWS_14830,4
NEWS_14831,1
NEWS_14832,4
NEWS_14833,1
NEWS_14834,0
NEWS_14835,4
NEWS_14836,1
NEWS_14837,4
NEWS_14838,0
NEWS_14839,1
NEWS_14840,1
NEWS_14841,1
NEWS_14842,4
NEWS_14843,4
NEWS_14844,1
NEWS_14845,1
NEWS_14846,2
NEWS_14847,4
NEWS_14848,2
NEWS_14849,3
NEWS_14850,1
NEWS_14851,5
NEWS_14852,5
NEWS_14853,5
NEWS_14854,3
NEWS_14855,4
NEWS_14856,3
NEWS_14857,3
NEWS_14858,3
NEWS_14859,4
NEWS_14860,4
NEWS_14861,1
NEWS_14862,5
NEWS_14863,2
NEWS_14864,1
NEWS_14865,5
NEWS_14866,5
NEWS_14867,5
NEWS_14868,0
NEWS_14869,4
NEWS_14870,4
NEWS_14871,4
NEWS_14872,4
NEWS_14873,1
NEWS_14874,1
NEWS_14875,1
NEWS_14876,3
NEWS_14877,3
NEWS_14878,1
NEWS_14879,1
NEWS_14880,5
NEWS_14881,4
NEWS_14882,4
NEWS_14883,3
NEWS_14884,4
NEWS_14885,5
NEWS_14886,5
NEWS_14887,4
NEWS_14888,5
NEWS_14889,2
NEWS_14890,3
NEWS_14891,2
NEWS_14892,2
NEWS_14893,4
NEWS_14894,2
NEWS_14895,5
NEWS_14896,5
NEWS_14897,2
NEWS_14898,2
NEWS_14899,0
NEWS_14900,3
NEWS_14901,0
NEWS_14902,2
NEWS_14903,4
NEWS_14904,1
NEWS_14905,3
NEWS_14906,4
NEWS_14907,4
NEWS_14908,4
NEWS_14909,0
NEWS_14910,1
NEWS_14911,1
NEWS_14912,4
NEWS_14913,4
NEWS_14914,5
NEWS_14915,1
NEWS_14916,3
NEWS_14917,3
NEWS_14918,5
NEWS_14919,1
NEWS_14920,2
NEWS_14921,1
NEWS_14922,0
NEWS_14923,3
NEWS_14924,4
NEWS_14925,1
NEWS_14926,1
NEWS_14927,4
NEWS_14928,1
NEWS_14929,3
NEWS_14930,5
NEWS_14931,3
NEWS_14932,1
NEWS_14933,3
NEWS_14934,3
NEWS_14935,3
NEWS_14936,1
NEWS_14937,3
NEWS_14938,1
NEWS_14939,5
NEWS_14940,4
NEWS_14941,3
NEWS_14942,4
NEWS_14943,3
NEWS_14944,3
NEWS_14945,1
NEWS_14946,4
NEWS_14947,2
NEWS_14948,3
NEWS_14949,1
NEWS_14950,3
NEWS_14951,4
NEWS_14952,5
NEWS_14953,0
NEWS_14954,3
NEWS_14955,5
NEWS_14956,5
NEWS_14957,4
NEWS_14958,4
NEWS_14959,1
NEWS_14960,3
NEWS_14961,4
NEWS_14962,4
NEWS_14963,3
NEWS_14964,1
NEWS_14965,1
NEWS_14966,5
NEWS_14967,3
NEWS_14968,2
NEWS_14969,3
NEWS_14970,4
NEWS_14971,4
NEWS_14972,4
NEWS_14973,5
NEWS_14974,5
NEWS_14975,3
NEWS_14976,4
NEWS_14977,4
NEWS_14978,1
NEWS_14979,4
NEWS_14980,1
NEWS_14981,3
NEWS_14982,1
NEWS_14983,5
NEWS_14984,2
NEWS_14985,1
NEWS_14986,2
NEWS_14987,3
NEWS_14988,4
NEWS_14989,0
NEWS_14990,4
NEWS_14991,3
NEWS_14992,5
NEWS_14993,2
NEWS_14994,2
NEWS_14995,4
NEWS_14996,5
NEWS_14997,4
NEWS_14998,2
NEWS_14999,3
NEWS_15000,4
NEWS_15001,3
NEWS_15002,4
NEWS_15003,2
NEWS_15004,2
NEWS_15005,4
NEWS_15006,4
NEWS_15007,2
NEWS_15008,5
NEWS_15009,2
NEWS_15010,2
NEWS_15011,0
NEWS_15012,1
NEWS_15013,5
NEWS_15014,5
NEWS_15015,1
NEWS_15016,4
NEWS_15017,5
NEWS_15018,2
NEWS_15019,4
NEWS_15020,3
NEWS_15021,1
NEWS_15022,3
NEWS_15023,5
NEWS_15024,3
NEWS_15025,5
NEWS_15026,4
NEWS_15027,4
NEWS_15028,1
NEWS_15029,4
NEWS_15030,4
NEWS_15031,1
NEWS_15032,3
NEWS_15033,3
NEWS_15034,4
NEWS_15035,3
NEWS_15036,5
NEWS_15037,3
NEWS_15038,1
NEWS_15039,1
NEWS_15040,5
NEWS_15041,0
NEWS_15042,1
NEWS_15043,2
NEWS_15044,1
NEWS_15045,4
NEWS_15046,4
NEWS_15047,2
NEWS_15048,3
NEWS_15049,4
NEWS_15050,4
NEWS_15051,0
NEWS_15052,3
NEWS_15053,4
NEWS_15054,4
NEWS_15055,0
NEWS_15056,4
NEWS_15057,3
NEWS_15058,1
NEWS_15059,1
NEWS_15060,4
NEWS_15061,1
NEWS_15062,2
NEWS_15063,3
NEWS_15064,4
NEWS_15065,0
NEWS_15066,3
NEWS_15067,1
NEWS_15068,5
NEWS_15069,5
NEWS_15070,4
NEWS_15071,1
NEWS_15072,0
NEWS_15073,0
NEWS_15074,4
NEWS_15075,5
NEWS_15076,3
NEWS_15077,4
NEWS_15078,1
NEWS_15079,4
NEWS_15080,5
NEWS_15081,4
NEWS_15082,5
NEWS_15083,1
NEWS_15084,1
NEWS_15085,0
NEWS_15086,1
NEWS_15087,2
NEWS_15088,4
NEWS_15089,5
NEWS_15090,1
NEWS_15091,4
NEWS_15092,4
NEWS_15093,1
NEWS_15094,1
NEWS_15095,4
NEWS_15096,4
NEWS_15097,4
NEWS_15098,1
NEWS_15099,4
NEWS_15100,1
NEWS_15101,4
NEWS_15102,3
NEWS_15103,4
NEWS_15104,5
NEWS_15105,5
NEWS_15106,4
NEWS_15107,1
NEWS_15108,1
NEWS_15109,1
NEWS_15110,3
NEWS_15111,2
NEWS_15112,1
NEWS_15113,4
NEWS_15114,3
NEWS_15115,1
NEWS_15116,5
NEWS_15117,2
NEWS_15118,5
NEWS_15119,4
NEWS_15120,3
NEWS_15121,3
NEWS_15122,2
NEWS_15123,2
NEWS_15124,3
NEWS_15125,1
NEWS_15126,4
NEWS_15127,5
NEWS_15128,3
NEWS_15129,3
NEWS_15130,3
NEWS_15131,1
NEWS_15132,4
NEWS_15133,4
NEWS_15134,2
NEWS_15135,2
NEWS_15136,5
NEWS_15137,1
NEWS_15138,4
NEWS_15139,4
NEWS_15140,3
NEWS_15141,3
NEWS_15142,1
NEWS_15143,5
NEWS_15144,4
NEWS_15145,5
NEWS_15146,1
NEWS_15147,4
NEWS_15148,4
NEWS_15149,2
NEWS_15150,1
NEWS_15151,4
NEWS_15152,2
NEWS_15153,5
NEWS_15154,5
NEWS_15155,2
NEWS_15156,5
NEWS_15157,2
NEWS_15158,2
NEWS_15159,3
NEWS_15160,4
NEWS_15161,2
NEWS_15162,0
NEWS_15163,1
NEWS_15164,4
NEWS_15165,5
NEWS_15166,5
NEWS_15167,2
NEWS_15168,3
NEWS_15169,1
NEWS_15170,1
NEWS_15171,1
NEWS_15172,1
NEWS_15173,5
NEWS_15174,5
NEWS_15175,3
NEWS_15176,4
NEWS_15177,3
NEWS_15178,4
NEWS_15179,4
NEWS_15180,1
NEWS_15181,0
NEWS_15182,2
NEWS_15183,5
NEWS_15184,2
NEWS_15185,3
NEWS_15186,0
NEWS_15187,3
NEWS_15188,4
NEWS_15189,2
NEWS_15190,5
NEWS_15191,4
NEWS_15192,1
NEWS_15193,3
NEWS_15194,2
NEWS_15195,4
NEWS_15196,3
NEWS_15197,2
NEWS_15198,5
NEWS_15199,3
NEWS_15200,1
NEWS_15201,1
NEWS_15202,3
NEWS_15203,1
NEWS_15204,5
NEWS_15205,3
NEWS_15206,3
NEWS_15207,1
NEWS_15208,3
NEWS_15209,4
NEWS_15210,2
NEWS_15211,2
NEWS_15212,3
NEWS_15213,1
NEWS_15214,1
NEWS_15215,5
NEWS_15216,4
NEWS_15217,1
NEWS_15218,5
NEWS_15219,1
NEWS_15220,2
NEWS_15221,4
NEWS_15222,1
NEWS_15223,2
NEWS_15224,2
NEWS_15225,4
NEWS_15226,5
NEWS_15227,5
NEWS_15228,4
NEWS_15229,4
NEWS_15230,3
NEWS_15231,1
NEWS_15232,5
NEWS_15233,3
NEWS_15234,0
NEWS_15235,1
NEWS_15236,3
NEWS_15237,5
NEWS_15238,1
NEWS_15239,3
NEWS_15240,2
NEWS_15241,3
NEWS_15242,2
NEWS_15243,3
NEWS_15244,2
NEWS_15245,1
NEWS_15246,5
NEWS_15247,4
NEWS_15248,4
NEWS_15249,1
NEWS_15250,5
NEWS_15251,4
NEWS_15252,3
NEWS_15253,5
NEWS_15254,1
NEWS_15255,5
NEWS_15256,3
NEWS_15257,0
NEWS_15258,4
NEWS_15259,4
NEWS_15260,4
NEWS_15261,4
NEWS_15262,4
NEWS_15263,4
NEWS_15264,4
NEWS_15265,4
NEWS_15266,2
NEWS_15267,4
NEWS_15268,4
NEWS_15269,5
NEWS_15270,1
NEWS_15271,2
NEWS_15272,2
NEWS_15273,3
NEWS_15274,2
NEWS_15275,1
NEWS_15276,3
NEWS_15277,4
NEWS_15278,3
NEWS_15279,3
NEWS_15280,4
NEWS_15281,2
NEWS_15282,1
NEWS_15283,2
NEWS_15284,1
NEWS_15285,5
NEWS_15286,4
NEWS_15287,4
NEWS_15288,3
NEWS_15289,3
NEWS_15290,5
NEWS_15291,4
NEWS_15292,1
NEWS_15293,1
NEWS_15294,3
NEWS_15295,1
NEWS_15296,4
NEWS_15297,4
NEWS_15298,5
NEWS_15299,3
NEWS_15300,3
NEWS_15301,4
NEWS_15302,3
NEWS_15303,2
NEWS_15304,3
NEWS_15305,3
NEWS_15306,2
NEWS_15307,5
NEWS_15308,4
NEWS_15309,3
NEWS_15310,2
NEWS_15311,2
NEWS_15312,2
NEWS_15313,1
NEWS_15314,3
NEWS_15315,4
NEWS_15316,5
NEWS_15317,3
NEWS_15318,1
NEWS_15319,0
NEWS_15320,1
NEWS_15321,1
NEWS_15322,3
NEWS_15323,5
NEWS_15324,3
NEWS_15325,1
NEWS_15326,3
NEWS_15327,4
NEWS_15328,2
NEWS_15329,2
NEWS_15330,3
NEWS_15331,4
NEWS_15332,4
NEWS_15333,4
NEWS_15334,3
NEWS_15335,3
NEWS_15336,1
NEWS_15337,3
NEWS_15338,1
NEWS_15339,5
NEWS_15340,4
NEWS_15341,4
NEWS_15342,2
NEWS_15343,5
NEWS_15344,3
NEWS_15345,3
NEWS_15346,4
NEWS_15347,4
NEWS_15348,1
NEWS_15349,3
NEWS_15350,3
NEWS_15351,1
NEWS_15352,1
NEWS_15353,2
NEWS_15354,0
NEWS_15355,4
NEWS_15356,4
NEWS_15357,3
NEWS_15358,1
NEWS_15359,4
NEWS_15360,3
NEWS_15361,4
NEWS_15362,4
NEWS_15363,0
NEWS_15364,3
NEWS_15365,4
NEWS_15366,5
NEWS_15367,5
NEWS_15368,4
NEWS_15369,4
NEWS_15370,4
NEWS_15371,1
NEWS_15372,3
NEWS_15373,4
NEWS_15374,5
NEWS_15375,5
NEWS_15376,1
NEWS_15377,0
NEWS_15378,3
NEWS_15379,4
NEWS_15380,4
NEWS_15381,5
NEWS_15382,5
NEWS_15383,5
NEWS_15384,3
NEWS_15385,4
NEWS_15386,1
NEWS_15387,3
NEWS_15388,4
NEWS_15389,0
NEWS_15390,4
NEWS_15391,3
NEWS_15392,5
NEWS_15393,3
NEWS_15394,1
NEWS_15395,3
NEWS_15396,4
NEWS_15397,1
NEWS_15398,0
NEWS_15399,5
NEWS_15400,5
NEWS_15401,5
NEWS_15402,2
NEWS_15403,5
NEWS_15404,4
NEWS_15405,4
NEWS_15406,4
NEWS_15407,1
NEWS_15408,1
NEWS_15409,3
NEWS_15410,5
NEWS_15411,5
NEWS_15412,0
NEWS_15413,3
NEWS_15414,3
NEWS_15415,4
NEWS_15416,4
NEWS_15417,5
NEWS_15418,0
NEWS_15419,2
NEWS_15420,2
NEWS_15421,3
NEWS_15422,4
NEWS_15423,4
NEWS_15424,4
NEWS_15425,1
NEWS_15426,2
NEWS_15427,2
NEWS_15428,5
NEWS_15429,4
NEWS_15430,3
NEWS_15431,1
NEWS_15432,3
NEWS_15433,5
NEWS_15434,1
NEWS_15435,2
NEWS_15436,3
NEWS_15437,4
NEWS_15438,5
NEWS_15439,4
NEWS_15440,1
NEWS_15441,0
NEWS_15442,3
NEWS_15443,4
NEWS_15444,1
NEWS_15445,4
NEWS_15446,3
NEWS_15447,4
NEWS_15448,3
NEWS_15449,1
NEWS_15450,5
NEWS_15451,2
NEWS_15452,4
NEWS_15453,1
NEWS_15454,1
NEWS_15455,1
NEWS_15456,2
NEWS_15457,3
NEWS_15458,4
NEWS_15459,5
NEWS_15460,1
NEWS_15461,2
NEWS_15462,4
NEWS_15463,1
NEWS_15464,3
NEWS_15465,4
NEWS_15466,5
NEWS_15467,5
NEWS_15468,5
NEWS_15469,1
NEWS_15470,3
NEWS_15471,3
NEWS_15472,3
NEWS_15473,3
NEWS_15474,1
NEWS_15475,2
NEWS_15476,1
NEWS_15477,5
NEWS_15478,5
NEWS_15479,3
NEWS_15480,1
NEWS_15481,0
NEWS_15482,3
NEWS_15483,4
NEWS_15484,1
NEWS_15485,5
NEWS_15486,1
NEWS_15487,4
NEWS_15488,1
NEWS_15489,4
NEWS_15490,0
NEWS_15491,1
NEWS_15492,4
NEWS_15493,4
NEWS_15494,5
NEWS_15495,0
NEWS_15496,2
NEWS_15497,4
NEWS_15498,4
NEWS_15499,4
NEWS_15500,4
NEWS_15501,1
NEWS_15502,4
NEWS_15503,3
NEWS_15504,3
NEWS_15505,3
NEWS_15506,3
NEWS_15507,1
NEWS_15508,3
NEWS_15509,3
NEWS_15510,5
NEWS_15511,1
NEWS_15512,4
NEWS_15513,4
NEWS_15514,2
NEWS_15515,4
NEWS_15516,3
NEWS_15517,1
NEWS_15518,4
NEWS_15519,4
NEWS_15520,1
NEWS_15521,4
NEWS_15522,3
NEWS_15523,2
NEWS_15524,1
NEWS_15525,5
NEWS_15526,2
NEWS_15527,3
NEWS_15528,4
NEWS_15529,1
NEWS_15530,4
NEWS_15531,4
NEWS_15532,1
NEWS_15533,4
NEWS_15534,4
NEWS_15535,1
NEWS_15536,1
NEWS_15537,3
NEWS_15538,5
NEWS_15539,4
NEWS_15540,4
NEWS_15541,1
NEWS_15542,3
NEWS_15543,1
NEWS_15544,4
NEWS_15545,5
NEWS_15546,1
NEWS_15547,5
NEWS_15548,1
NEWS_15549,1
NEWS_15550,4
NEWS_15551,1
NEWS_15552,2
NEWS_15553,1
NEWS_15554,3
NEWS_15555,4
NEWS_15556,0
NEWS_15557,5
NEWS_15558,1
NEWS_15559,5
NEWS_15560,3
NEWS_15561,4
NEWS_15562,4
NEWS_15563,0
NEWS_15564,5
NEWS_15565,4
NEWS_15566,5
NEWS_15567,3
NEWS_15568,1
NEWS_15569,3
NEWS_15570,4
NEWS_15571,4
NEWS_15572,3
NEWS_15573,4
NEWS_15574,4
NEWS_15575,1
NEWS_15576,5
NEWS_15577,4
NEWS_15578,4
NEWS_15579,4
NEWS_15580,4
NEWS_15581,2
NEWS_15582,4
NEWS_15583,4
NEWS_15584,1
NEWS_15585,3
NEWS_15586,4
NEWS_15587,0
NEWS_15588,1
NEWS_15589,1
NEWS_15590,1
NEWS_15591,4
NEWS_15592,1
NEWS_15593,1
NEWS_15594,4
NEWS_15595,2
NEWS_15596,3
NEWS_15597,4
NEWS_15598,1
NEWS_15599,4
NEWS_15600,2
NEWS_15601,1
NEWS_15602,2
NEWS_15603,4
NEWS_15604,5
NEWS_15605,3
NEWS_15606,4
NEWS_15607,1
NEWS_15608,2
NEWS_15609,2
NEWS_15610,0
NEWS_15611,4
NEWS_15612,5
NEWS_15613,4
NEWS_15614,3
NEWS_15615,1
NEWS_15616,1
NEWS_15617,4
NEWS_15618,1
NEWS_15619,3
NEWS_15620,1
NEWS_15621,5
NEWS_15622,4
NEWS_15623,3
NEWS_15624,4
NEWS_15625,3
NEWS_15626,4
NEWS_15627,3
NEWS_15628,4
NEWS_15629,4
NEWS_15630,4
NEWS_15631,2
NEWS_15632,3
NEWS_15633,3
NEWS_15634,4
NEWS_15635,2
NEWS_15636,4
NEWS_15637,5
NEWS_15638,2
NEWS_15639,0
NEWS_15640,1
NEWS_15641,2
NEWS_15642,1
NEWS_15643,5
NEWS_15644,4
NEWS_15645,5
NEWS_15646,0
NEWS_15647,5
NEWS_15648,5
NEWS_15649,3
NEWS_15650,3
NEWS_15651,2
NEWS_15652,2
NEWS_15653,1
NEWS_15654,3
NEWS_15655,4
NEWS_15656,1
NEWS_15657,1
NEWS_15658,2
NEWS_15659,2
NEWS_15660,4
NEWS_15661,5
NEWS_15662,3
NEWS_15663,4
NEWS_15664,1
NEWS_15665,3
NEWS_15666,4
NEWS_15667,3
NEWS_15668,3
NEWS_15669,3
NEWS_15670,2
NEWS_15671,5
NEWS_15672,4
NEWS_15673,1
NEWS_15674,4
NEWS_15675,5
NEWS_15676,3
NEWS_15677,1
NEWS_15678,4
NEWS_15679,5
NEWS_15680,2
NEWS_15681,3
NEWS_15682,0
NEWS_15683,1
NEWS_15684,1
NEWS_15685,0
NEWS_15686,1
NEWS_15687,1
NEWS_15688,1
NEWS_15689,0
NEWS_15690,2
NEWS_15691,5
NEWS_15692,3
NEWS_15693,2
NEWS_15694,2
NEWS_15695,3
NEWS_15696,4
NEWS_15697,2
NEWS_15698,3
NEWS_15699,4
NEWS_15700,3
NEWS_15701,4
NEWS_15702,3
NEWS_15703,1
NEWS_15704,4
NEWS_15705,0
NEWS_15706,4
NEWS_15707,4
NEWS_15708,1
NEWS_15709,3
NEWS_15710,2
NEWS_15711,1
NEWS_15712,4
NEWS_15713,4
NEWS_15714,3
NEWS_15715,2
NEWS_15716,4
NEWS_15717,4
NEWS_15718,0
NEWS_15719,4
NEWS_15720,3
NEWS_15721,4
NEWS_15722,2
NEWS_15723,1
NEWS_15724,4
NEWS_15725,4
NEWS_15726,5
NEWS_15727,3
NEWS_15728,4
NEWS_15729,4
NEWS_15730,1
NEWS_15731,0
NEWS_15732,3
NEWS_15733,5
NEWS_15734,2
NEWS_15735,1
NEWS_15736,1
NEWS_15737,5
NEWS_15738,5
NEWS_15739,0
NEWS_15740,1
NEWS_15741,2
NEWS_15742,0
NEWS_15743,4
NEWS_15744,5
NEWS_15745,2
NEWS_15746,2
NEWS_15747,2
NEWS_15748,2
NEWS_15749,4
NEWS_15750,3
NEWS_15751,5
NEWS_15752,1
NEWS_15753,2
NEWS_15754,4
NEWS_15755,3
NEWS_15756,3
NEWS_15757,5
NEWS_15758,4
NEWS_15759,4
NEWS_15760,2
NEWS_15761,4
NEWS_15762,4
NEWS_15763,4
NEWS_15764,4
NEWS_15765,1
NEWS_15766,1
NEWS_15767,4
NEWS_15768,4
NEWS_15769,4
NEWS_15770,3
NEWS_15771,4
NEWS_15772,4
NEWS_15773,3
NEWS_15774,4
NEWS_15775,0
NEWS_15776,3
NEWS_15777,2
NEWS_15778,1
NEWS_15779,4
NEWS_15780,3
NEWS_15781,4
NEWS_15782,4
NEWS_15783,5
NEWS_15784,4
NEWS_15785,5
NEWS_15786,4
NEWS_15787,4
NEWS_15788,1
NEWS_15789,4
NEWS_15790,4
NEWS_15791,3
NEWS_15792,4
NEWS_15793,5
NEWS_15794,2
NEWS_15795,3
NEWS_15796,4
NEWS_15797,4
NEWS_15798,2
NEWS_15799,4
NEWS_15800,2
NEWS_15801,1
NEWS_15802,1
NEWS_15803,3
NEWS_15804,0
NEWS_15805,4
NEWS_15806,1
NEWS_15807,4
NEWS_15808,3
NEWS_15809,0
NEWS_15810,5
NEWS_15811,4
NEWS_15812,1
NEWS_15813,4
NEWS_15814,4
NEWS_15815,2
NEWS_15816,5
NEWS_15817,2
NEWS_15818,5
NEWS_15819,0
NEWS_15820,4
NEWS_15821,5
NEWS_15822,3
NEWS_15823,2
NEWS_15824,2
NEWS_15825,1
NEWS_15826,0
NEWS_15827,1
NEWS_15828,2
NEWS_15829,3
NEWS_15830,2
NEWS_15831,3
NEWS_15832,3
NEWS_15833,3
NEWS_15834,1
NEWS_15835,1
NEWS_15836,4
NEWS_15837,4
NEWS_15838,1
NEWS_15839,4
NEWS_15840,4
NEWS_15841,3
NEWS_15842,3
NEWS_15843,1
NEWS_15844,3
NEWS_15845,1
NEWS_15846,4
NEWS_15847,5
NEWS_15848,5
NEWS_15849,3
NEWS_15850,2
NEWS_15851,1
NEWS_15852,0
NEWS_15853,4
NEWS_15854,3
NEWS_15855,3
NEWS_15856,1
NEWS_15857,1
NEWS_15858,5
NEWS_15859,0
NEWS_15860,4
NEWS_15861,5
NEWS_15862,5
NEWS_15863,3
NEWS_15864,5
NEWS_15865,4
NEWS_15866,2
NEWS_15867,1
NEWS_15868,3
NEWS_15869,5
NEWS_15870,4
NEWS_15871,2
NEWS_15872,5
NEWS_15873,5
NEWS_15874,2
NEWS_15875,0
NEWS_15876,1
NEWS_15877,1
NEWS_15878,1
NEWS_15879,2
NEWS_15880,4
NEWS_15881,3
NEWS_15882,2
NEWS_15883,4
NEWS_15884,5
NEWS_15885,3
NEWS_15886,3
NEWS_15887,5
NEWS_15888,2
NEWS_15889,1
NEWS_15890,3
NEWS_15891,2
NEWS_15892,4
NEWS_15893,5
NEWS_15894,4
NEWS_15895,1
NEWS_15896,3
NEWS_15897,4
NEWS_15898,4
NEWS_15899,3
NEWS_15900,2
NEWS_15901,5
NEWS_15902,3
NEWS_15903,4
NEWS_15904,1
NEWS_15905,0
NEWS_15906,1
NEWS_15907,1
NEWS_15908,5
NEWS_15909,3
NEWS_15910,5
NEWS_15911,0
NEWS_15912,3
NEWS_15913,3
NEWS_15914,3
NEWS_15915,1
NEWS_15916,4
NEWS_15917,5
NEWS_15918,4
NEWS_15919,3
NEWS_15920,4
NEWS_15921,5
NEWS_15922,0
NEWS_15923,3
NEWS_15924,4
NEWS_15925,2
NEWS_15926,4
NEWS_15927,2
NEWS_15928,5
NEWS_15929,3
NEWS_15930,3
NEWS_15931,4
NEWS_15932,3
NEWS_15933,3
NEWS_15934,1
NEWS_15935,3
NEWS_15936,1
NEWS_15937,0
NEWS_15938,3
NEWS_15939,4
NEWS_15940,1
NEWS_15941,4
NEWS_15942,4
NEWS_15943,2
NEWS_15944,4
NEWS_15945,4
NEWS_15946,4
NEWS_15947,1
NEWS_15948,3
NEWS_15949,3
NEWS_15950,2
NEWS_15951,3
NEWS_15952,5
NEWS_15953,2
NEWS_15954,3
NEWS_15955,2
NEWS_15956,2
NEWS_15957,0
NEWS_15958,4
NEWS_15959,2
NEWS_15960,4
NEWS_15961,1
NEWS_15962,5
NEWS_15963,4
NEWS_15964,3
NEWS_15965,2
NEWS_15966,4
NEWS_15967,1
NEWS_15968,3
NEWS_15969,4
NEWS_15970,2
NEWS_15971,4
NEWS_15972,1
NEWS_15973,4
NEWS_15974,4
NEWS_15975,5
NEWS_15976,5
NEWS_15977,3
NEWS_15978,4
NEWS_15979,1
NEWS_15980,4
NEWS_15981,2
NEWS_15982,1
NEWS_15983,4
NEWS_15984,2
NEWS_15985,4
NEWS_15986,4
NEWS_15987,0
NEWS_15988,0
NEWS_15989,4
NEWS_15990,4
NEWS_15991,4
NEWS_15992,1
NEWS_15993,3
NEWS_15994,4
NEWS_15995,3
NEWS_15996,3
NEWS_15997,4
NEWS_15998,4
NEWS_15999,4
NEWS_16000,3
NEWS_16001,1
NEWS_16002,4
NEWS_16003,4
NEWS_16004,4
NEWS_16005,1
NEWS_16006,3
NEWS_16007,1
NEWS_16008,5
NEWS_16009,5
NEWS_16010,0
NEWS_16011,4
NEWS_16012,4
NEWS_16013,1
NEWS_16014,4
NEWS_16015,4
NEWS_16016,3
NEWS_16017,4
NEWS_16018,2
NEWS_16019,2
NEWS_16020,4
NEWS_16021,5
NEWS_16022,4
NEWS_16023,4
NEWS_16024,4
NEWS_16025,3
NEWS_16026,2
NEWS_16027,1
NEWS_16028,1
NEWS_16029,1
NEWS_16030,4
NEWS_16031,5
NEWS_16032,1
NEWS_16033,5
NEWS_16034,1
NEWS_16035,4
NEWS_16036,1
NEWS_16037,4
NEWS_16038,5
NEWS_16039,3
NEWS_16040,1
NEWS_16041,0
NEWS_16042,5
NEWS_16043,4
NEWS_16044,1
NEWS_16045,4
NEWS_16046,1
NEWS_16047,1
NEWS_16048,4
NEWS_16049,4
NEWS_16050,0
NEWS_16051,1
NEWS_16052,4
NEWS_16053,4
NEWS_16054,4
NEWS_16055,2
NEWS_16056,3
NEWS_16057,4
NEWS_16058,4
NEWS_16059,2
NEWS_16060,4
NEWS_16061,3
NEWS_16062,1
NEWS_16063,4
NEWS_16064,4
NEWS_16065,0
NEWS_16066,4
NEWS_16067,4
NEWS_16068,2
NEWS_16069,5
NEWS_16070,1
NEWS_16071,2
NEWS_16072,4
NEWS_16073,2
NEWS_16074,4
NEWS_16075,3
NEWS_16076,1
NEWS_16077,5
NEWS_16078,3
NEWS_16079,4
NEWS_16080,1
NEWS_16081,2
NEWS_16082,0
NEWS_16083,4
NEWS_16084,5
NEWS_16085,5
NEWS_16086,2
NEWS_16087,2
NEWS_16088,5
NEWS_16089,4
NEWS_16090,5
NEWS_16091,4
NEWS_16092,3
NEWS_16093,4
NEWS_16094,1
NEWS_16095,3
NEWS_16096,2
NEWS_16097,5
NEWS_16098,3
NEWS_16099,5
NEWS_16100,1
NEWS_16101,4
NEWS_16102,1
NEWS_16103,1
NEWS_16104,2
NEWS_16105,4
NEWS_16106,5
NEWS_16107,4
NEWS_16108,3
NEWS_16109,4
NEWS_16110,2
NEWS_16111,1
NEWS_16112,5
NEWS_16113,4
NEWS_16114,4
NEWS_16115,3
NEWS_16116,2
NEWS_16117,4
NEWS_16118,4
NEWS_16119,4
NEWS_16120,3
NEWS_16121,3
NEWS_16122,1
NEWS_16123,3
NEWS_16124,3
NEWS_16125,5
NEWS_16126,5
NEWS_16127,1
NEWS_16128,4
NEWS_16129,4
NEWS_16130,2
NEWS_16131,4
NEWS_16132,1
NEWS_16133,4
NEWS_16134,2
NEWS_16135,3
NEWS_16136,2
NEWS_16137,4
NEWS_16138,3
NEWS_16139,3
NEWS_16140,2
NEWS_16141,2
NEWS_16142,1
NEWS_16143,3
NEWS_16144,1
NEWS_16145,1
NEWS_16146,4
NEWS_16147,4
NEWS_16148,0
NEWS_16149,2
NEWS_16150,1
NEWS_16151,1
NEWS_16152,5
NEWS_16153,4
NEWS_16154,3
NEWS_16155,4
NEWS_16156,3
NEWS_16157,3
NEWS_16158,5
NEWS_16159,4
NEWS_16160,3
NEWS_16161,1
NEWS_16162,5
NEWS_16163,2
NEWS_16164,1
NEWS_16165,4
NEWS_16166,2
NEWS_16167,1
NEWS_16168,1
NEWS_16169,4
NEWS_16170,4
NEWS_16171,4
NEWS_16172,4
NEWS_16173,2
NEWS_16174,3
NEWS_16175,4
NEWS_16176,3
NEWS_16177,4
NEWS_16178,4
NEWS_16179,4
NEWS_16180,4
NEWS_16181,2
NEWS_16182,1
NEWS_16183,2
NEWS_16184,2
NEWS_16185,2
NEWS_16186,4
NEWS_16187,4
NEWS_16188,4
NEWS_16189,3
NEWS_16190,0
NEWS_16191,2
NEWS_16192,4
NEWS_16193,1
NEWS_16194,4
NEWS_16195,0
NEWS_16196,1
NEWS_16197,4
NEWS_16198,3
NEWS_16199,4
NEWS_16200,4
NEWS_16201,4
NEWS_16202,3
NEWS_16203,4
NEWS_16204,0
NEWS_16205,4
NEWS_16206,3
NEWS_16207,4
NEWS_16208,4
NEWS_16209,5
NEWS_16210,2
NEWS_16211,4
NEWS_16212,2
NEWS_16213,5
NEWS_16214,2
NEWS_16215,4
NEWS_16216,1
NEWS_16217,3
NEWS_16218,3
NEWS_16219,4
NEWS_16220,2
NEWS_16221,3
NEWS_16222,3
NEWS_16223,0
NEWS_16224,4
NEWS_16225,4
NEWS_16226,3
NEWS_16227,4
NEWS_16228,4
NEWS_16229,5
NEWS_16230,4
NEWS_16231,4
NEWS_16232,1
NEWS_16233,2
NEWS_16234,1
NEWS_16235,1
NEWS_16236,1
NEWS_16237,1
NEWS_16238,1
NEWS_16239,1
NEWS_16240,4
NEWS_16241,2
NEWS_16242,4
NEWS_16243,5
NEWS_16244,3
NEWS_16245,2
NEWS_16246,4
NEWS_16247,1
NEWS_16248,1
NEWS_16249,4
NEWS_16250,5
NEWS_16251,3
NEWS_16252,3
NEWS_16253,1
NEWS_16254,5
NEWS_16255,2
NEWS_16256,4
NEWS_16257,2
NEWS_16258,1
NEWS_16259,3
NEWS_16260,1
NEWS_16261,4
NEWS_16262,4
NEWS_16263,5
NEWS_16264,3
NEWS_16265,3
NEWS_16266,4
NEWS_16267,4
NEWS_16268,2
NEWS_16269,1
NEWS_16270,2
NEWS_16271,3
NEWS_16272,4
NEWS_16273,2
NEWS_16274,3
NEWS_16275,1
NEWS_16276,5
NEWS_16277,4
NEWS_16278,1
NEWS_16279,4
NEWS_16280,3
NEWS_16281,3
NEWS_16282,2
NEWS_16283,3
NEWS_16284,5
NEWS_16285,5
NEWS_16286,3
NEWS_16287,4
NEWS_16288,4
NEWS_16289,5
NEWS_16290,5
NEWS_16291,3
NEWS_16292,4
NEWS_16293,1
NEWS_16294,3
NEWS_16295,4
NEWS_16296,4
NEWS_16297,3
NEWS_16298,1
NEWS_16299,4
NEWS_16300,3
NEWS_16301,1
NEWS_16302,1
NEWS_16303,4
NEWS_16304,5
NEWS_16305,4
NEWS_16306,4
NEWS_16307,1
NEWS_16308,3
NEWS_16309,1
NEWS_16310,3
NEWS_16311,4
NEWS_16312,4
NEWS_16313,1
NEWS_16314,2
NEWS_16315,5
NEWS_16316,1
NEWS_16317,0
NEWS_16318,2
NEWS_16319,4
NEWS_16320,1
NEWS_16321,3
NEWS_16322,1
NEWS_16323,3
NEWS_16324,1
NEWS_16325,3
NEWS_16326,2
NEWS_16327,3
NEWS_16328,4
NEWS_16329,4
NEWS_16330,5
NEWS_16331,4
NEWS_16332,1
NEWS_16333,4
NEWS_16334,0
NEWS_16335,1
NEWS_16336,4
NEWS_16337,4
NEWS_16338,4
NEWS_16339,1
NEWS_16340,4
NEWS_16341,4
NEWS_16342,3
NEWS_16343,5
NEWS_16344,5
NEWS_16345,1
NEWS_16346,4
NEWS_16347,1
NEWS_16348,0
NEWS_16349,4
NEWS_16350,4
NEWS_16351,5
NEWS_16352,1
NEWS_16353,2
NEWS_16354,1
NEWS_16355,3
NEWS_16356,4
NEWS_16357,1
NEWS_16358,5
NEWS_16359,3
NEWS_16360,5
NEWS_16361,1
NEWS_16362,1
NEWS_16363,5
NEWS_16364,4
NEWS_16365,3
NEWS_16366,3
NEWS_16367,3
NEWS_16368,2
NEWS_16369,5
NEWS_16370,2
NEWS_16371,5
NEWS_16372,3
NEWS_16373,5
NEWS_16374,0
NEWS_16375,2
NEWS_16376,3
NEWS_16377,3
NEWS_16378,3
NEWS_16379,1
NEWS_16380,2
NEWS_16381,3
NEWS_16382,1
NEWS_16383,3
NEWS_16384,4
NEWS_16385,5
NEWS_16386,3
NEWS_16387,3
NEWS_16388,4
NEWS_16389,4
NEWS_16390,4
NEWS_16391,3
NEWS_16392,3
NEWS_16393,3
NEWS_16394,5
NEWS_16395,5
NEWS_16396,0
NEWS_16397,4
NEWS_16398,4
NEWS_16399,4
NEWS_16400,3
NEWS_16401,4
NEWS_16402,2
NEWS_16403,1
NEWS_16404,4
NEWS_16405,0
NEWS_16406,3
NEWS_16407,4
NEWS_16408,2
NEWS_16409,1
NEWS_16410,3
NEWS_16411,3
NEWS_16412,4
NEWS_16413,1
NEWS_16414,3
NEWS_16415,5
NEWS_16416,0
NEWS_16417,4
NEWS_16418,5
NEWS_16419,1
NEWS_16420,5
NEWS_16421,4
NEWS_16422,5
NEWS_16423,3
NEWS_16424,1
NEWS_16425,4
NEWS_16426,4
NEWS_16427,2
NEWS_16428,5
NEWS_16429,1
NEWS_16430,1
NEWS_16431,2
NEWS_16432,5
NEWS_16433,4
NEWS_16434,1
NEWS_16435,3
NEWS_16436,5
NEWS_16437,3
NEWS_16438,5
NEWS_16439,1
NEWS_16440,4
NEWS_16441,2
NEWS_16442,4
NEWS_16443,5
NEWS_16444,4
NEWS_16445,5
NEWS_16446,2
NEWS_16447,5
NEWS_16448,4
NEWS_16449,1
NEWS_16450,3
NEWS_16451,2
NEWS_16452,3
NEWS_16453,4
NEWS_16454,4
NEWS_16455,1
NEWS_16456,3
NEWS_16457,4
NEWS_16458,1
NEWS_16459,3
NEWS_16460,1
NEWS_16461,1
NEWS_16462,3
NEWS_16463,4
NEWS_16464,5
NEWS_16465,1
NEWS_16466,3
NEWS_16467,4
NEWS_16468,2
NEWS_16469,4
NEWS_16470,5
NEWS_16471,2
NEWS_16472,3
NEWS_16473,3
NEWS_16474,1
NEWS_16475,4
NEWS_16476,1
NEWS_16477,3
NEWS_16478,5
NEWS_16479,4
NEWS_16480,5
NEWS_16481,2
NEWS_16482,4
NEWS_16483,1
NEWS_16484,1
NEWS_16485,5
NEWS_16486,4
NEWS_16487,0
NEWS_16488,3
NEWS_16489,4
NEWS_16490,3
NEWS_16491,4
NEWS_16492,4
NEWS_16493,3
NEWS_16494,3
NEWS_16495,5
NEWS_16496,4
NEWS_16497,1
NEWS_16498,2
NEWS_16499,3
NEWS_16500,3
NEWS_16501,2
NEWS_16502,4
NEWS_16503,3
NEWS_16504,2
NEWS_16505,3
NEWS_16506,1
NEWS_16507,2
NEWS_16508,5
NEWS_16509,4
NEWS_16510,5
NEWS_16511,4
NEWS_16512,5
NEWS_16513,4
NEWS_16514,2
NEWS_16515,4
NEWS_16516,2
NEWS_16517,4
NEWS_16518,2
NEWS_16519,4
NEWS_16520,1
NEWS_16521,2
NEWS_16522,4
NEWS_16523,2
NEWS_16524,1
NEWS_16525,1
NEWS_16526,3
NEWS_16527,1
NEWS_16528,1
NEWS_16529,1
NEWS_16530,2
NEWS_16531,1
NEWS_16532,1
NEWS_16533,3
NEWS_16534,1
NEWS_16535,3
NEWS_16536,3
NEWS_16537,2
NEWS_16538,4
NEWS_16539,5
NEWS_16540,1
NEWS_16541,4
NEWS_16542,0
NEWS_16543,2
NEWS_16544,3
NEWS_16545,2
NEWS_16546,2
NEWS_16547,0
NEWS_16548,5
NEWS_16549,1
NEWS_16550,1
NEWS_16551,1
NEWS_16552,1
NEWS_16553,5
NEWS_16554,2
NEWS_16555,3
NEWS_16556,4
NEWS_16557,5
NEWS_16558,1
NEWS_16559,2
NEWS_16560,3
NEWS_16561,4
NEWS_16562,5
NEWS_16563,5
NEWS_16564,5
NEWS_16565,3
NEWS_16566,1
NEWS_16567,2
NEWS_16568,1
NEWS_16569,1
NEWS_16570,2
NEWS_16571,4
NEWS_16572,1
NEWS_16573,3
NEWS_16574,3
NEWS_16575,3
NEWS_16576,4
NEWS_16577,3
NEWS_16578,4
NEWS_16579,5
NEWS_16580,4
NEWS_16581,4
NEWS_16582,4
NEWS_16583,2
NEWS_16584,1
NEWS_16585,3
NEWS_16586,4
NEWS_16587,3
NEWS_16588,2
NEWS_16589,4
NEWS_16590,4
NEWS_16591,4
NEWS_16592,4
NEWS_16593,1
NEWS_16594,4
NEWS_16595,0
NEWS_16596,2
NEWS_16597,1
NEWS_16598,3
NEWS_16599,1
NEWS_16600,5
NEWS_16601,5
NEWS_16602,4
NEWS_16603,1
NEWS_16604,1
NEWS_16605,1
NEWS_16606,5
NEWS_16607,3
NEWS_16608,4
NEWS_16609,2
NEWS_16610,2
NEWS_16611,3
NEWS_16612,1
NEWS_16613,2
NEWS_16614,5
NEWS_16615,4
NEWS_16616,4
NEWS_16617,4
NEWS_16618,3
NEWS_16619,2
NEWS_16620,4
NEWS_16621,2
NEWS_16622,2
NEWS_16623,1
NEWS_16624,2
NEWS_16625,4
NEWS_16626,2
NEWS_16627,4
NEWS_16628,4
NEWS_16629,4
NEWS_16630,1
NEWS_16631,4
NEWS_16632,3
NEWS_16633,1
NEWS_16634,1
NEWS_16635,4
NEWS_16636,3
NEWS_16637,4
NEWS_16638,2
NEWS_16639,0
NEWS_16640,2
NEWS_16641,4
NEWS_16642,3
NEWS_16643,3
NEWS_16644,0
NEWS_16645,3
NEWS_16646,2
NEWS_16647,2
NEWS_16648,1
NEWS_16649,0
NEWS_16650,4
NEWS_16651,0
NEWS_16652,5
NEWS_16653,4
NEWS_16654,2
NEWS_16655,1
NEWS_16656,4
NEWS_16657,3
NEWS_16658,2
NEWS_16659,1
NEWS_16660,1
NEWS_16661,4
NEWS_16662,5
NEWS_16663,4
NEWS_16664,2
NEWS_16665,1
NEWS_16666,5
NEWS_16667,4
NEWS_16668,3
NEWS_16669,0
NEWS_16670,4
NEWS_16671,4
NEWS_16672,5
NEWS_16673,1
NEWS_16674,4
NEWS_16675,3
NEWS_16676,4
NEWS_16677,4
NEWS_16678,5
NEWS_16679,2
NEWS_16680,3
NEWS_16681,3
NEWS_16682,4
NEWS_16683,1
NEWS_16684,1
NEWS_16685,4
NEWS_16686,1
NEWS_16687,5
NEWS_16688,3
NEWS_16689,3
NEWS_16690,2
NEWS_16691,3
NEWS_16692,3
NEWS_16693,3
NEWS_16694,2
NEWS_16695,4
NEWS_16696,4
NEWS_16697,4
NEWS_16698,1
NEWS_16699,3
NEWS_16700,1
NEWS_16701,5
NEWS_16702,2
NEWS_16703,4
NEWS_16704,4
NEWS_16705,1
NEWS_16706,4
NEWS_16707,1
NEWS_16708,3
NEWS_16709,4
NEWS_16710,2
NEWS_16711,1
NEWS_16712,3
NEWS_16713,1
NEWS_16714,2
NEWS_16715,2
NEWS_16716,1
NEWS_16717,2
NEWS_16718,1
NEWS_16719,4
NEWS_16720,4
NEWS_16721,0
NEWS_16722,2
NEWS_16723,4
NEWS_16724,2
NEWS_16725,1
NEWS_16726,5
NEWS_16727,1
NEWS_16728,4
NEWS_16729,5
NEWS_16730,3
NEWS_16731,4
NEWS_16732,5
NEWS_16733,3
NEWS_16734,4
NEWS_16735,3
NEWS_16736,3
NEWS_16737,3
NEWS_16738,4
NEWS_16739,4
NEWS_16740,4
NEWS_16741,3
NEWS_16742,4
NEWS_16743,4
NEWS_16744,2
NEWS_16745,3
NEWS_16746,4
NEWS_16747,3
NEWS_16748,3
NEWS_16749,1
NEWS_16750,0
NEWS_16751,3
NEWS_16752,2
NEWS_16753,2
NEWS_16754,4
NEWS_16755,4
NEWS_16756,4
NEWS_16757,4
NEWS_16758,3
NEWS_16759,4
NEWS_16760,3
NEWS_16761,2
NEWS_16762,2
NEWS_16763,1
NEWS_16764,4
NEWS_16765,1
NEWS_16766,1
NEWS_16767,4
NEWS_16768,3
NEWS_16769,4
NEWS_16770,2
NEWS_16771,4
NEWS_16772,2
NEWS_16773,4
NEWS_16774,3
NEWS_16775,2
NEWS_16776,1
NEWS_16777,0
NEWS_16778,0
NEWS_16779,3
NEWS_16780,0
NEWS_16781,5
NEWS_16782,2
NEWS_16783,1
NEWS_16784,1
NEWS_16785,1
NEWS_16786,4
NEWS_16787,4
NEWS_16788,3
NEWS_16789,2
NEWS_16790,0
NEWS_16791,3
NEWS_16792,4
NEWS_16793,4
NEWS_16794,3
NEWS_16795,4
NEWS_16796,4
NEWS_16797,4
NEWS_16798,1
NEWS_16799,3
NEWS_16800,1
NEWS_16801,3
NEWS_16802,5
NEWS_16803,2
NEWS_16804,5
NEWS_16805,4
NEWS_16806,1
NEWS_16807,4
NEWS_16808,3
NEWS_16809,4
NEWS_16810,4
NEWS_16811,5
NEWS_16812,4
NEWS_16813,5
NEWS_16814,5
NEWS_16815,4
NEWS_16816,2
NEWS_16817,4
NEWS_16818,4
NEWS_16819,3
NEWS_16820,1
NEWS_16821,4
NEWS_16822,3
NEWS_16823,5
NEWS_16824,1
NEWS_16825,5
NEWS_16826,0
NEWS_16827,1
NEWS_16828,3
NEWS_16829,4
NEWS_16830,3
NEWS_16831,0
NEWS_16832,4
NEWS_16833,4
NEWS_16834,3
NEWS_16835,1
NEWS_16836,1
NEWS_16837,4
NEWS_16838,2
NEWS_16839,4
NEWS_16840,2
NEWS_16841,4
NEWS_16842,4
NEWS_16843,2
NEWS_16844,4
NEWS_16845,1
NEWS_16846,1
NEWS_16847,4
NEWS_16848,2
NEWS_16849,3
NEWS_16850,1
NEWS_16851,2
NEWS_16852,4
NEWS_16853,4
NEWS_16854,5
NEWS_16855,4
NEWS_16856,3
NEWS_16857,3
NEWS_16858,4
NEWS_16859,4
NEWS_16860,1
NEWS_16861,5
NEWS_16862,4
NEWS_16863,5
NEWS_16864,5
NEWS_16865,3
NEWS_16866,3
NEWS_16867,3
NEWS_16868,5
NEWS_16869,4
NEWS_16870,0
NEWS_16871,2
NEWS_16872,4
NEWS_16873,0
NEWS_16874,4
NEWS_16875,4
NEWS_16876,2
NEWS_16877,3
NEWS_16878,5
NEWS_16879,5
NEWS_16880,3
NEWS_16881,3
NEWS_16882,1
NEWS_16883,1
NEWS_16884,0
NEWS_16885,2
NEWS_16886,3
NEWS_16887,5
NEWS_16888,4
NEWS_16889,4
NEWS_16890,4
NEWS_16891,1
NEWS_16892,4
NEWS_16893,2
NEWS_16894,4
NEWS_16895,4
NEWS_16896,1
NEWS_16897,4
NEWS_16898,4
NEWS_16899,4
NEWS_16900,1
NEWS_16901,3
NEWS_16902,3
NEWS_16903,4
NEWS_16904,2
NEWS_16905,0
NEWS_16906,4
NEWS_16907,3
NEWS_16908,4
NEWS_16909,2
NEWS_16910,4
NEWS_16911,4
NEWS_16912,5
NEWS_16913,2
NEWS_16914,4
NEWS_16915,4
NEWS_16916,1
NEWS_16917,2
NEWS_16918,1
NEWS_16919,4
NEWS_16920,2
NEWS_16921,4
NEWS_16922,0
NEWS_16923,5
NEWS_16924,3
NEWS_16925,1
NEWS_16926,4
NEWS_16927,5
NEWS_16928,5
NEWS_16929,4
NEWS_16930,3
NEWS_16931,0
NEWS_16932,4
NEWS_16933,5
NEWS_16934,4
NEWS_16935,1
NEWS_16936,5
NEWS_16937,4
NEWS_16938,2
NEWS_16939,3
NEWS_16940,5
NEWS_16941,4
NEWS_16942,4
NEWS_16943,5
NEWS_16944,0
NEWS_16945,1
NEWS_16946,4
NEWS_16947,4
NEWS_16948,3
NEWS_16949,5
NEWS_16950,4
NEWS_16951,5
NEWS_16952,1
NEWS_16953,1
NEWS_16954,1
NEWS_16955,4
NEWS_16956,2
NEWS_16957,3
NEWS_16958,5
NEWS_16959,4
NEWS_16960,1
NEWS_16961,4
NEWS_16962,2
NEWS_16963,5
NEWS_16964,5
NEWS_16965,1
NEWS_16966,5
NEWS_16967,0
NEWS_16968,1
NEWS_16969,5
NEWS_16970,0
NEWS_16971,3
NEWS_16972,1
NEWS_16973,4
NEWS_16974,2
NEWS_16975,3
NEWS_16976,4
NEWS_16977,4
NEWS_16978,0
NEWS_16979,1
NEWS_16980,4
NEWS_16981,1
NEWS_16982,4
NEWS_16983,3
NEWS_16984,5
NEWS_16985,1
NEWS_16986,2
NEWS_16987,0
NEWS_16988,2
NEWS_16989,3
NEWS_16990,4
NEWS_16991,1
NEWS_16992,3
NEWS_16993,4
NEWS_16994,5
NEWS_16995,2
NEWS_16996,4
NEWS_16997,1
NEWS_16998,3
NEWS_16999,1
NEWS_17000,1
NEWS_17001,2
NEWS_17002,4
NEWS_17003,1
NEWS_17004,4
NEWS_17005,5
NEWS_17006,3
NEWS_17007,4
NEWS_17008,4
NEWS_17009,4
NEWS_17010,1
NEWS_17011,1
NEWS_17012,5
NEWS_17013,4
NEWS_17014,3
NEWS_17015,4
NEWS_17016,1
NEWS_17017,4
NEWS_17018,3
NEWS_17019,1
NEWS_17020,5
NEWS_17021,1
NEWS_17022,1
NEWS_17023,4
NEWS_17024,5
NEWS_17025,3
NEWS_17026,3
NEWS_17027,5
NEWS_17028,4
NEWS_17029,2
NEWS_17030,1
NEWS_17031,4
NEWS_17032,5
NEWS_17033,5
NEWS_17034,1
NEWS_17035,4
NEWS_17036,1
NEWS_17037,1
NEWS_17038,4
NEWS_17039,0
NEWS_17040,2
NEWS_17041,2
NEWS_17042,1
NEWS_17043,5
NEWS_17044,5
NEWS_17045,3
NEWS_17046,3
NEWS_17047,2
NEWS_17048,4
NEWS_17049,5
NEWS_17050,5
NEWS_17051,5
NEWS_17052,3
NEWS_17053,3
NEWS_17054,2
NEWS_17055,4
NEWS_17056,2
NEWS_17057,4
NEWS_17058,3
NEWS_17059,2
NEWS_17060,3
NEWS_17061,5
NEWS_17062,3
NEWS_17063,3
NEWS_17064,3
NEWS_17065,4
NEWS_17066,5
NEWS_17067,2
NEWS_17068,2
NEWS_17069,2
NEWS_17070,2
NEWS_17071,3
NEWS_17072,4
NEWS_17073,4
NEWS_17074,3
NEWS_17075,3
NEWS_17076,1
NEWS_17077,3
NEWS_17078,5
NEWS_17079,1
NEWS_17080,1
NEWS_17081,1
NEWS_17082,1
NEWS_17083,3
NEWS_17084,2
NEWS_17085,4
NEWS_17086,3
NEWS_17087,4
NEWS_17088,5
NEWS_17089,4
NEWS_17090,5
NEWS_17091,4
NEWS_17092,4
NEWS_17093,4
NEWS_17094,3
NEWS_17095,1
NEWS_17096,4
NEWS_17097,2
NEWS_17098,5
NEWS_17099,4
NEWS_17100,3
NEWS_17101,3
NEWS_17102,2
NEWS_17103,3
NEWS_17104,5
NEWS_17105,4
NEWS_17106,4
NEWS_17107,4
NEWS_17108,3
NEWS_17109,3
NEWS_17110,2
NEWS_17111,2
NEWS_17112,3
NEWS_17113,4
NEWS_17114,5
NEWS_17115,5
NEWS_17116,4
NEWS_17117,3
NEWS_17118,4
NEWS_17119,4
NEWS_17120,4
NEWS_17121,1
NEWS_17122,5
NEWS_17123,3
NEWS_17124,4
NEWS_17125,4
NEWS_17126,2
NEWS_17127,5
NEWS_17128,3
NEWS_17129,1
NEWS_17130,3
NEWS_17131,4
NEWS_17132,3
NEWS_17133,2
NEWS_17134,4
NEWS_17135,3
NEWS_17136,4
NEWS_17137,4
NEWS_17138,2
NEWS_17139,4
NEWS_17140,2
NEWS_17141,2
NEWS_17142,4
NEWS_17143,3
NEWS_17144,5
NEWS_17145,3
NEWS_17146,1
NEWS_17147,4
NEWS_17148,3
NEWS_17149,3
NEWS_17150,3
NEWS_17151,3
NEWS_17152,3
NEWS_17153,4
NEWS_17154,5
NEWS_17155,4
NEWS_17156,2
NEWS_17157,3
NEWS_17158,4
NEWS_17159,4
NEWS_17160,5
NEWS_17161,3
NEWS_17162,1
NEWS_17163,3
NEWS_17164,0
NEWS_17165,4
NEWS_17166,1
NEWS_17167,1
NEWS_17168,2
NEWS_17169,3
NEWS_17170,2
NEWS_17171,2
NEWS_17172,4
NEWS_17173,1
NEWS_17174,3
NEWS_17175,3
NEWS_17176,4
NEWS_17177,1
NEWS_17178,4
NEWS_17179,4
NEWS_17180,1
NEWS_17181,1
NEWS_17182,1
NEWS_17183,3
NEWS_17184,1
NEWS_17185,4
NEWS_17186,4
NEWS_17187,5
NEWS_17188,4
NEWS_17189,2
NEWS_17190,4
NEWS_17191,2
NEWS_17192,4
NEWS_17193,4
NEWS_17194,2
NEWS_17195,2
NEWS_17196,2
NEWS_17197,4
NEWS_17198,1
NEWS_17199,1
NEWS_17200,5
NEWS_17201,4
NEWS_17202,1
NEWS_17203,1
NEWS_17204,4
NEWS_17205,3
NEWS_17206,1
NEWS_17207,5
NEWS_17208,1
NEWS_17209,4
NEWS_17210,1
NEWS_17211,4
NEWS_17212,4
NEWS_17213,2
NEWS_17214,1
NEWS_17215,5
NEWS_17216,5
NEWS_17217,3
NEWS_17218,4
NEWS_17219,2
NEWS_17220,3
NEWS_17221,5
NEWS_17222,4
NEWS_17223,4
NEWS_17224,4
NEWS_17225,1
NEWS_17226,5
NEWS_17227,4
NEWS_17228,3
NEWS_17229,2
NEWS_17230,3
NEWS_17231,1
NEWS_17232,4
NEWS_17233,3
NEWS_17234,4
NEWS_17235,4
NEWS_17236,2
NEWS_17237,5
NEWS_17238,1
NEWS_17239,5
NEWS_17240,5
NEWS_17241,3
NEWS_17242,1
NEWS_17243,5
NEWS_17244,4
NEWS_17245,4
NEWS_17246,0
NEWS_17247,4
NEWS_17248,4
NEWS_17249,4
NEWS_17250,4
NEWS_17251,0
NEWS_17252,3
NEWS_17253,2
NEWS_17254,2
NEWS_17255,5
NEWS_17256,4
NEWS_17257,3
NEWS_17258,1
NEWS_17259,4
NEWS_17260,4
NEWS_17261,3
NEWS_17262,5
NEWS_17263,1
NEWS_17264,5
NEWS_17265,3
NEWS_17266,4
NEWS_17267,1
NEWS_17268,3
NEWS_17269,0
NEWS_17270,3
NEWS_17271,2
NEWS_17272,0
NEWS_17273,3
NEWS_17274,5
NEWS_17275,1
NEWS_17276,5
NEWS_17277,4
NEWS_17278,3
NEWS_17279,3
NEWS_17280,5
NEWS_17281,1
NEWS_17282,1
NEWS_17283,4
NEWS_17284,4
NEWS_17285,5
NEWS_17286,3
NEWS_17287,3
NEWS_17288,3
NEWS_17289,4
NEWS_17290,2
NEWS_17291,3
NEWS_17292,1
NEWS_17293,1
NEWS_17294,4
NEWS_17295,3
NEWS_17296,3
NEWS_17297,4
NEWS_17298,3
NEWS_17299,0
NEWS_17300,2
NEWS_17301,3
NEWS_17302,4
NEWS_17303,4
NEWS_17304,4
NEWS_17305,1
NEWS_17306,1
NEWS_17307,4
NEWS_17308,4
NEWS_17309,3
NEWS_17310,4
NEWS_17311,0
NEWS_17312,5
NEWS_17313,3
NEWS_17314,4
NEWS_17315,2
NEWS_17316,2
NEWS_17317,4
NEWS_17318,5
NEWS_17319,5
NEWS_17320,1
NEWS_17321,3
NEWS_17322,3
NEWS_17323,2
NEWS_17324,3
NEWS_17325,4
NEWS_17326,0
NEWS_17327,4
NEWS_17328,4
NEWS_17329,2
NEWS_17330,4
NEWS_17331,4
NEWS_17332,4
NEWS_17333,3
NEWS_17334,2
NEWS_17335,2
NEWS_17336,4
NEWS_17337,1
NEWS_17338,2
NEWS_17339,5
NEWS_17340,2
NEWS_17341,1
NEWS_17342,2
NEWS_17343,1
NEWS_17344,3
NEWS_17345,3
NEWS_17346,4
NEWS_17347,3
NEWS_17348,4
NEWS_17349,2
NEWS_17350,4
NEWS_17351,4
NEWS_17352,3
NEWS_17353,1
NEWS_17354,1
NEWS_17355,3
NEWS_17356,1
NEWS_17357,1
NEWS_17358,1
NEWS_17359,4
NEWS_17360,2
NEWS_17361,2
NEWS_17362,5
NEWS_17363,4
NEWS_17364,4
NEWS_17365,0
NEWS_17366,5
NEWS_17367,3
NEWS_17368,2
NEWS_17369,1
NEWS_17370,4
NEWS_17371,3
NEWS_17372,4
NEWS_17373,4
NEWS_17374,5
NEWS_17375,4
NEWS_17376,3
NEWS_17377,5
NEWS_17378,1
NEWS_17379,4
NEWS_17380,1
NEWS_17381,4
NEWS_17382,1
NEWS_17383,5
NEWS_17384,3
NEWS_17385,1
NEWS_17386,4
NEWS_17387,4
NEWS_17388,1
NEWS_17389,4
NEWS_17390,3
NEWS_17391,0
NEWS_17392,1
NEWS_17393,4
NEWS_17394,0
NEWS_17395,1
NEWS_17396,4
NEWS_17397,5
NEWS_17398,4
NEWS_17399,4
NEWS_17400,5
NEWS_17401,1
NEWS_17402,4
NEWS_17403,4
NEWS_17404,3
NEWS_17405,3
NEWS_17406,4
NEWS_17407,5
NEWS_17408,5
NEWS_17409,0
NEWS_17410,4
NEWS_17411,4
NEWS_17412,4
NEWS_17413,5
NEWS_17414,4
NEWS_17415,4
NEWS_17416,5
NEWS_17417,4
NEWS_17418,2
NEWS_17419,1
NEWS_17420,3
NEWS_17421,5
NEWS_17422,4
NEWS_17423,4
NEWS_17424,3
NEWS_17425,3
NEWS_17426,1
NEWS_17427,5
NEWS_17428,4
NEWS_17429,3
NEWS_17430,3
NEWS_17431,4
NEWS_17432,1
NEWS_17433,5
NEWS_17434,4
NEWS_17435,2
NEWS_17436,0
NEWS_17437,4
NEWS_17438,2
NEWS_17439,5
NEWS_17440,5
NEWS_17441,1
NEWS_17442,2
NEWS_17443,1
NEWS_17444,5
NEWS_17445,5
NEWS_17446,1
NEWS_17447,5
NEWS_17448,1
NEWS_17449,3
NEWS_17450,3
NEWS_17451,5
NEWS_17452,5
NEWS_17453,4
NEWS_17454,5
NEWS_17455,3
NEWS_17456,3
NEWS_17457,1
NEWS_17458,1
NEWS_17459,4
NEWS_17460,5
NEWS_17461,4
NEWS_17462,3
NEWS_17463,3
NEWS_17464,1
NEWS_17465,4
NEWS_17466,3
NEWS_17467,2
NEWS_17468,1
NEWS_17469,3
NEWS_17470,4
NEWS_17471,1
NEWS_17472,0
NEWS_17473,3
NEWS_17474,5
NEWS_17475,4
NEWS_17476,4
NEWS_17477,1
NEWS_17478,0
NEWS_17479,3
NEWS_17480,4
NEWS_17481,4
NEWS_17482,5
NEWS_17483,5
NEWS_17484,5
NEWS_17485,5
NEWS_17486,3
NEWS_17487,1
NEWS_17488,1
NEWS_17489,5
NEWS_17490,3
NEWS_17491,1
NEWS_17492,1
NEWS_17493,4
NEWS_17494,5
NEWS_17495,3
NEWS_17496,4
NEWS_17497,2
NEWS_17498,1
NEWS_17499,2
NEWS_17500,4
NEWS_17501,4
NEWS_17502,5
NEWS_17503,4
NEWS_17504,4
NEWS_17505,5
NEWS_17506,5
NEWS_17507,4
NEWS_17508,5
NEWS_17509,1
NEWS_17510,5
NEWS_17511,2
NEWS_17512,3
NEWS_17513,5
NEWS_17514,4
NEWS_17515,1
NEWS_17516,3
NEWS_17517,4
NEWS_17518,2
NEWS_17519,2
NEWS_17520,3
NEWS_17521,4
NEWS_17522,4
NEWS_17523,4
NEWS_17524,3
NEWS_17525,3
NEWS_17526,4
NEWS_17527,1
NEWS_17528,2
NEWS_17529,3
NEWS_17530,2
NEWS_17531,4
NEWS_17532,3
NEWS_17533,1
NEWS_17534,4
NEWS_17535,1
NEWS_17536,1
NEWS_17537,4
NEWS_17538,4
NEWS_17539,4
NEWS_17540,5
NEWS_17541,0
NEWS_17542,4
NEWS_17543,1
NEWS_17544,1
NEWS_17545,1
NEWS_17546,3
NEWS_17547,1
NEWS_17548,1
NEWS_17549,3
NEWS_17550,5
NEWS_17551,1
NEWS_17552,5
NEWS_17553,4
NEWS_17554,1
NEWS_17555,4
NEWS_17556,3
NEWS_17557,2
NEWS_17558,1
NEWS_17559,3
NEWS_17560,2
NEWS_17561,5
NEWS_17562,3
NEWS_17563,2
NEWS_17564,3
NEWS_17565,5
NEWS_17566,1
NEWS_17567,5
NEWS_17568,1
NEWS_17569,2
NEWS_17570,3
NEWS_17571,1
NEWS_17572,4
NEWS_17573,5
NEWS_17574,2
NEWS_17575,3
NEWS_17576,1
NEWS_17577,4
NEWS_17578,4
NEWS_17579,2
NEWS_17580,1
NEWS_17581,4
NEWS_17582,3
NEWS_17583,2
NEWS_17584,4
NEWS_17585,2
NEWS_17586,5
NEWS_17587,4
NEWS_17588,1
NEWS_17589,5
NEWS_17590,2
NEWS_17591,2
NEWS_17592,0
NEWS_17593,3
NEWS_17594,5
NEWS_17595,1
NEWS_17596,2
NEWS_17597,1
NEWS_17598,4
NEWS_17599,1
NEWS_17600,5
NEWS_17601,0
NEWS_17602,1
NEWS_17603,1
NEWS_17604,3
NEWS_17605,4
NEWS_17606,1
NEWS_17607,2
NEWS_17608,1
NEWS_17609,5
NEWS_17610,3
NEWS_17611,1
NEWS_17612,1
NEWS_17613,4
NEWS_17614,5
NEWS_17615,4
NEWS_17616,4
NEWS_17617,1
NEWS_17618,4
NEWS_17619,4
NEWS_17620,2
NEWS_17621,3
NEWS_17622,5
NEWS_17623,2
NEWS_17624,0
NEWS_17625,0
NEWS_17626,5
NEWS_17627,2
NEWS_17628,3
NEWS_17629,4
NEWS_17630,3
NEWS_17631,3
NEWS_17632,2
NEWS_17633,4
NEWS_17634,4
NEWS_17635,5
NEWS_17636,4
NEWS_17637,4
NEWS_17638,1
NEWS_17639,1
NEWS_17640,3
NEWS_17641,5
NEWS_17642,4
NEWS_17643,3
NEWS_17644,2
NEWS_17645,4
NEWS_17646,4
NEWS_17647,2
NEWS_17648,3
NEWS_17649,4
NEWS_17650,4
NEWS_17651,4
NEWS_17652,4
NEWS_17653,3
NEWS_17654,4
NEWS_17655,4
NEWS_17656,4
NEWS_17657,4
NEWS_17658,0
NEWS_17659,5
NEWS_17660,2
NEWS_17661,2
NEWS_17662,1
NEWS_17663,5
NEWS_17664,4
NEWS_17665,2
NEWS_17666,2
NEWS_17667,3
NEWS_17668,4
NEWS_17669,5
NEWS_17670,5
NEWS_17671,4
NEWS_17672,1
NEWS_17673,1
NEWS_17674,4
NEWS_17675,5
NEWS_17676,1
NEWS_17677,5
NEWS_17678,2
NEWS_17679,5
NEWS_17680,4
NEWS_17681,4
NEWS_17682,4
NEWS_17683,3
NEWS_17684,4
NEWS_17685,2
NEWS_17686,4
NEWS_17687,5
NEWS_17688,1
NEWS_17689,1
NEWS_17690,5
NEWS_17691,1
NEWS_17692,0
NEWS_17693,3
NEWS_17694,1
NEWS_17695,0
NEWS_17696,5
NEWS_17697,4
NEWS_17698,4
NEWS_17699,4
NEWS_17700,5
NEWS_17701,4
NEWS_17702,5
NEWS_17703,0
NEWS_17704,2
NEWS_17705,1
NEWS_17706,3
NEWS_17707,2
NEWS_17708,4
NEWS_17709,2
NEWS_17710,5
NEWS_17711,2
NEWS_17712,1
NEWS_17713,2
NEWS_17714,4
NEWS_17715,5
NEWS_17716,4
NEWS_17717,2
NEWS_17718,4
NEWS_17719,3
NEWS_17720,0
NEWS_17721,5
NEWS_17722,1
NEWS_17723,4
NEWS_17724,5
NEWS_17725,1
NEWS_17726,2
NEWS_17727,3
NEWS_17728,1
NEWS_17729,1
NEWS_17730,4
NEWS_17731,4
NEWS_17732,3
NEWS_17733,4
NEWS_17734,4
NEWS_17735,3
NEWS_17736,4
NEWS_17737,4
NEWS_17738,4
NEWS_17739,3
NEWS_17740,2
NEWS_17741,2
NEWS_17742,3
NEWS_17743,3
NEWS_17744,2
NEWS_17745,0
NEWS_17746,4
NEWS_17747,4
NEWS_17748,2
NEWS_17749,3
NEWS_17750,5
NEWS_17751,5
NEWS_17752,1
NEWS_17753,4
NEWS_17754,5
NEWS_17755,1
NEWS_17756,1
NEWS_17757,5
NEWS_17758,4
NEWS_17759,3
NEWS_17760,0
NEWS_17761,5
NEWS_17762,3
NEWS_17763,5
NEWS_17764,3
NEWS_17765,3
NEWS_17766,3
NEWS_17767,4
NEWS_17768,2
NEWS_17769,3
NEWS_17770,2
NEWS_17771,1
NEWS_17772,5
NEWS_17773,1
NEWS_17774,4
NEWS_17775,4
NEWS_17776,4
NEWS_17777,5
NEWS_17778,1
NEWS_17779,2
NEWS_17780,1
NEWS_17781,0
NEWS_17782,5
NEWS_17783,1
NEWS_17784,2
NEWS_17785,2
NEWS_17786,1
NEWS_17787,0
NEWS_17788,3
NEWS_17789,4
NEWS_17790,3
NEWS_17791,4
NEWS_17792,3
NEWS_17793,4
NEWS_17794,4
NEWS_17795,5
NEWS_17796,2
NEWS_17797,3
NEWS_17798,4
NEWS_17799,4
NEWS_17800,3
NEWS_17801,4
NEWS_17802,1
NEWS_17803,4
NEWS_17804,1
NEWS_17805,4
NEWS_17806,5
NEWS_17807,1
NEWS_17808,4
NEWS_17809,4
NEWS_17810,2
NEWS_17811,2
NEWS_17812,2
NEWS_17813,1
NEWS_17814,4
NEWS_17815,4
NEWS_17816,1
NEWS_17817,3
NEWS_17818,4
NEWS_17819,3
NEWS_17820,4
NEWS_17821,4
NEWS_17822,0
NEWS_17823,3
NEWS_17824,2
NEWS_17825,3
NEWS_17826,4
NEWS_17827,4
NEWS_17828,2
NEWS_17829,2
NEWS_17830,1
NEWS_17831,4
NEWS_17832,0
NEWS_17833,5
NEWS_17834,5
NEWS_17835,4
NEWS_17836,4
NEWS_17837,5
NEWS_17838,3
NEWS_17839,1
NEWS_17840,5
NEWS_17841,5
NEWS_17842,4
NEWS_17843,3
NEWS_17844,0
NEWS_17845,5
NEWS_17846,1
NEWS_17847,5
NEWS_17848,4
NEWS_17849,1
NEWS_17850,4
NEWS_17851,2
NEWS_17852,4
NEWS_17853,3
NEWS_17854,2
NEWS_17855,4
NEWS_17856,4
NEWS_17857,4
NEWS_17858,4
NEWS_17859,2
NEWS_17860,4
NEWS_17861,1
NEWS_17862,1
NEWS_17863,4
NEWS_17864,3
NEWS_17865,4
NEWS_17866,4
NEWS_17867,0
NEWS_17868,0
NEWS_17869,3
NEWS_17870,1
NEWS_17871,1
NEWS_17872,3
NEWS_17873,3
NEWS_17874,2
NEWS_17875,4
NEWS_17876,4
NEWS_17877,4
NEWS_17878,5
NEWS_17879,4
NEWS_17880,0
NEWS_17881,4
NEWS_17882,3
NEWS_17883,5
NEWS_17884,1
NEWS_17885,1
NEWS_17886,1
NEWS_17887,5
NEWS_17888,3
NEWS_17889,2
NEWS_17890,5
NEWS_17891,5
NEWS_17892,4
NEWS_17893,5
NEWS_17894,4
NEWS_17895,5
NEWS_17896,4
NEWS_17897,4
NEWS_17898,0
NEWS_17899,3
NEWS_17900,5
NEWS_17901,4
NEWS_17902,5
NEWS_17903,5
NEWS_17904,4
NEWS_17905,4
NEWS_17906,5
NEWS_17907,5
NEWS_17908,5
NEWS_17909,3
NEWS_17910,2
NEWS_17911,2
NEWS_17912,1
NEWS_17913,4
NEWS_17914,5
NEWS_17915,1
NEWS_17916,3
NEWS_17917,0
NEWS_17918,1
NEWS_17919,4
NEWS_17920,3
NEWS_17921,4
NEWS_17922,1
NEWS_17923,3
NEWS_17924,0
NEWS_17925,5
NEWS_17926,4
NEWS_17927,4
NEWS_17928,4
NEWS_17929,2
NEWS_17930,3
NEWS_17931,3
NEWS_17932,5
NEWS_17933,2
NEWS_17934,3
NEWS_17935,4
NEWS_17936,5
NEWS_17937,1
NEWS_17938,2
NEWS_17939,4
NEWS_17940,1
NEWS_17941,5
NEWS_17942,1
NEWS_17943,1
NEWS_17944,0
NEWS_17945,2
NEWS_17946,1
NEWS_17947,2
NEWS_17948,0
NEWS_17949,4
NEWS_17950,3
NEWS_17951,4
NEWS_17952,2
NEWS_17953,3
NEWS_17954,4
NEWS_17955,1
NEWS_17956,2
NEWS_17957,0
NEWS_17958,0
NEWS_17959,4
NEWS_17960,3
NEWS_17961,3
NEWS_17962,4
NEWS_17963,1
NEWS_17964,0
NEWS_17965,4
NEWS_17966,3
NEWS_17967,1
NEWS_17968,4
NEWS_17969,5
NEWS_17970,3
NEWS_17971,1
NEWS_17972,5
NEWS_17973,1
NEWS_17974,4
NEWS_17975,4
NEWS_17976,4
NEWS_17977,3
NEWS_17978,2
NEWS_17979,5
NEWS_17980,1
NEWS_17981,4
NEWS_17982,0
NEWS_17983,3
NEWS_17984,1
NEWS_17985,4
NEWS_17986,4
NEWS_17987,2
NEWS_17988,4
NEWS_17989,4
NEWS_17990,4
NEWS_17991,1
NEWS_17992,1
NEWS_17993,1
NEWS_17994,3
NEWS_17995,5
NEWS_17996,4
NEWS_17997,3
NEWS_17998,4
NEWS_17999,3
NEWS_18000,5
NEWS_18001,4
NEWS_18002,5
NEWS_18003,5
NEWS_18004,3
NEWS_18005,4
NEWS_18006,2
NEWS_18007,3
NEWS_18008,3
NEWS_18009,5
NEWS_18010,1
NEWS_18011,4
NEWS_18012,1
NEWS_18013,1
NEWS_18014,2
NEWS_18015,5
NEWS_18016,4
NEWS_18017,1
NEWS_18018,3
NEWS_18019,2
NEWS_18020,2
NEWS_18021,5
NEWS_18022,2
NEWS_18023,1
NEWS_18024,1
NEWS_18025,4
NEWS_18026,4
NEWS_18027,5
NEWS_18028,4
NEWS_18029,3
NEWS_18030,4
NEWS_18031,1
NEWS_18032,2
NEWS_18033,4
NEWS_18034,1
NEWS_18035,1
NEWS_18036,5
NEWS_18037,4
NEWS_18038,4
NEWS_18039,2
NEWS_18040,5
NEWS_18041,0
NEWS_18042,1
NEWS_18043,5
NEWS_18044,3
NEWS_18045,2
NEWS_18046,0
NEWS_18047,2
NEWS_18048,1
NEWS_18049,5
NEWS_18050,5
NEWS_18051,0
NEWS_18052,4
NEWS_18053,5
NEWS_18054,4
NEWS_18055,3
NEWS_18056,5
NEWS_18057,2
NEWS_18058,5
NEWS_18059,3
NEWS_18060,3
NEWS_18061,3
NEWS_18062,4
NEWS_18063,4
NEWS_18064,2
NEWS_18065,4
NEWS_18066,5
NEWS_18067,1
NEWS_18068,1
NEWS_18069,4
NEWS_18070,5
NEWS_18071,2
NEWS_18072,4
NEWS_18073,4
NEWS_18074,4
NEWS_18075,5
NEWS_18076,5
NEWS_18077,4
NEWS_18078,4
NEWS_18079,1
NEWS_18080,0
NEWS_18081,4
NEWS_18082,4
NEWS_18083,5
NEWS_18084,1
NEWS_18085,1
NEWS_18086,3
NEWS_18087,3
NEWS_18088,4
NEWS_18089,4
NEWS_18090,5
NEWS_18091,2
NEWS_18092,5
NEWS_18093,3
NEWS_18094,2
NEWS_18095,2
NEWS_18096,4
NEWS_18097,3
NEWS_18098,4
NEWS_18099,3
NEWS_18100,4
NEWS_18101,3
NEWS_18102,3
NEWS_18103,0
NEWS_18104,3
NEWS_18105,5
NEWS_18106,5
NEWS_18107,4
NEWS_18108,1
NEWS_18109,4
NEWS_18110,3
NEWS_18111,2
NEWS_18112,1
NEWS_18113,4
NEWS_18114,2
NEWS_18115,1
NEWS_18116,4
NEWS_18117,4
NEWS_18118,1
NEWS_18119,1
NEWS_18120,5
NEWS_18121,3
NEWS_18122,2
NEWS_18123,2
NEWS_18124,3
NEWS_18125,3
NEWS_18126,3
NEWS_18127,1
NEWS_18128,3
NEWS_18129,5
NEWS_18130,3
NEWS_18131,2
NEWS_18132,4
NEWS_18133,3
NEWS_18134,0
NEWS_18135,2
NEWS_18136,3
NEWS_18137,5
NEWS_18138,1
NEWS_18139,4
NEWS_18140,4
NEWS_18141,3
NEWS_18142,3
NEWS_18143,2
NEWS_18144,4
NEWS_18145,4
NEWS_18146,1
NEWS_18147,1
NEWS_18148,4
NEWS_18149,4
NEWS_18150,2
NEWS_18151,2
NEWS_18152,1
NEWS_18153,2
NEWS_18154,1
NEWS_18155,3
NEWS_18156,4
NEWS_18157,4
NEWS_18158,0
NEWS_18159,5
NEWS_18160,1
NEWS_18161,4
NEWS_18162,1
NEWS_18163,5
NEWS_18164,2
NEWS_18165,2
NEWS_18166,3
NEWS_18167,1
NEWS_18168,4
NEWS_18169,5
NEWS_18170,2
NEWS_18171,1
NEWS_18172,4
NEWS_18173,1
NEWS_18174,0
NEWS_18175,4
NEWS_18176,2
NEWS_18177,5
NEWS_18178,3
NEWS_18179,5
NEWS_18180,4
NEWS_18181,5
NEWS_18182,2
NEWS_18183,2
NEWS_18184,2
NEWS_18185,5
NEWS_18186,4
NEWS_18187,0
NEWS_18188,4
NEWS_18189,4
NEWS_18190,5
NEWS_18191,1
NEWS_18192,1
NEWS_18193,4
NEWS_18194,4
NEWS_18195,1
NEWS_18196,4
NEWS_18197,4
NEWS_18198,4
NEWS_18199,4
NEWS_18200,1
NEWS_18201,2
NEWS_18202,3
NEWS_18203,3
NEWS_18204,3
NEWS_18205,4
NEWS_18206,5
NEWS_18207,5
NEWS_18208,3
NEWS_18209,2
NEWS_18210,4
NEWS_18211,1
NEWS_18212,3
NEWS_18213,4
NEWS_18214,1
NEWS_18215,4
NEWS_18216,5
NEWS_18217,5
NEWS_18218,3
NEWS_18219,4
NEWS_18220,4
NEWS_18221,5
NEWS_18222,1
NEWS_18223,4
NEWS_18224,5
NEWS_18225,2
NEWS_18226,4
NEWS_18227,3
NEWS_18228,4
NEWS_18229,5
NEWS_18230,1
NEWS_18231,4
NEWS_18232,1
NEWS_18233,0
NEWS_18234,3
NEWS_18235,5
NEWS_18236,5
NEWS_18237,4
NEWS_18238,4
NEWS_18239,5
NEWS_18240,3
NEWS_18241,1
NEWS_18242,4
NEWS_18243,4
NEWS_18244,1
NEWS_18245,4
NEWS_18246,1
NEWS_18247,4
NEWS_18248,1
NEWS_18249,4
NEWS_18250,5
NEWS_18251,5
NEWS_18252,1
NEWS_18253,2
NEWS_18254,2
NEWS_18255,5
NEWS_18256,4
NEWS_18257,5
NEWS_18258,3
NEWS_18259,4
NEWS_18260,3
NEWS_18261,4
NEWS_18262,1
NEWS_18263,4
NEWS_18264,5
NEWS_18265,4
NEWS_18266,4
NEWS_18267,5
NEWS_18268,4
NEWS_18269,5
NEWS_18270,1
NEWS_18271,2
NEWS_18272,0
NEWS_18273,3
NEWS_18274,1
NEWS_18275,3
NEWS_18276,1
NEWS_18277,5
NEWS_18278,2
NEWS_18279,5
NEWS_18280,1
NEWS_18281,0
NEWS_18282,4
NEWS_18283,3
NEWS_18284,4
NEWS_18285,1
NEWS_18286,1
NEWS_18287,4
NEWS_18288,4
NEWS_18289,4
NEWS_18290,4
NEWS_18291,0
NEWS_18292,5
NEWS_18293,1
NEWS_18294,4
NEWS_18295,0
NEWS_18296,3
NEWS_18297,3
NEWS_18298,3
NEWS_18299,3
NEWS_18300,2
NEWS_18301,4
NEWS_18302,0
NEWS_18303,3
NEWS_18304,1
NEWS_18305,5
NEWS_18306,3
NEWS_18307,4
NEWS_18308,3
NEWS_18309,2
NEWS_18310,5
NEWS_18311,4
NEWS_18312,4
NEWS_18313,0
NEWS_18314,4
NEWS_18315,1
NEWS_18316,4
NEWS_18317,0
NEWS_18318,2
NEWS_18319,2
NEWS_18320,4
NEWS_18321,2
NEWS_18322,4
NEWS_18323,1
NEWS_18324,3
NEWS_18325,5
NEWS_18326,1
NEWS_18327,4
NEWS_18328,0
NEWS_18329,4
NEWS_18330,4
NEWS_18331,1
NEWS_18332,4
NEWS_18333,4
NEWS_18334,2
NEWS_18335,1
NEWS_18336,1
NEWS_18337,1
NEWS_18338,3
NEWS_18339,5
NEWS_18340,2
NEWS_18341,2
NEWS_18342,4
NEWS_18343,1
NEWS_18344,1
NEWS_18345,2
NEWS_18346,2
NEWS_18347,5
NEWS_18348,3
NEWS_18349,4
NEWS_18350,4
NEWS_18351,3
NEWS_18352,2
NEWS_18353,5
NEWS_18354,2
NEWS_18355,4
NEWS_18356,4
NEWS_18357,4
NEWS_18358,3
NEWS_18359,3
NEWS_18360,3
NEWS_18361,5
NEWS_18362,2
NEWS_18363,4
NEWS_18364,1
NEWS_18365,2
NEWS_18366,2
NEWS_18367,5
NEWS_18368,3
NEWS_18369,5
NEWS_18370,1
NEWS_18371,1
NEWS_18372,3
NEWS_18373,2
NEWS_18374,4
NEWS_18375,4
NEWS_18376,5
NEWS_18377,1
NEWS_18378,1
NEWS_18379,3
NEWS_18380,1
NEWS_18381,1
NEWS_18382,4
NEWS_18383,3
NEWS_18384,2
NEWS_18385,4
NEWS_18386,4
NEWS_18387,3
NEWS_18388,0
NEWS_18389,5
NEWS_18390,4
NEWS_18391,3
NEWS_18392,4
NEWS_18393,4
NEWS_18394,1
NEWS_18395,1
NEWS_18396,0
NEWS_18397,4
NEWS_18398,4
NEWS_18399,1
NEWS_18400,3
NEWS_18401,2
NEWS_18402,1
NEWS_18403,4
NEWS_18404,1
NEWS_18405,3
NEWS_18406,4
NEWS_18407,1
NEWS_18408,1
NEWS_18409,4
NEWS_18410,5
NEWS_18411,4
NEWS_18412,1
NEWS_18413,4
NEWS_18414,0
NEWS_18415,5
NEWS_18416,1
NEWS_18417,3
NEWS_18418,1
NEWS_18419,3
NEWS_18420,1
NEWS_18421,4
NEWS_18422,3
NEWS_18423,2
NEWS_18424,5
NEWS_18425,4
NEWS_18426,2
NEWS_18427,5
NEWS_18428,4
NEWS_18429,3
NEWS_18430,3
NEWS_18431,4
NEWS_18432,1
NEWS_18433,4
NEWS_18434,4
NEWS_18435,4
NEWS_18436,4
NEWS_18437,4
NEWS_18438,3
NEWS_18439,5
NEWS_18440,3
NEWS_18441,4
NEWS_18442,4
NEWS_18443,2
NEWS_18444,1
NEWS_18445,4
NEWS_18446,3
NEWS_18447,4
NEWS_18448,0
NEWS_18449,3
NEWS_18450,5
NEWS_18451,3
NEWS_18452,4
NEWS_18453,4
NEWS_18454,3
NEWS_18455,2
NEWS_18456,2
NEWS_18457,4
NEWS_18458,4
NEWS_18459,2
NEWS_18460,1
NEWS_18461,4
NEWS_18462,0
NEWS_18463,5
NEWS_18464,3
NEWS_18465,1
NEWS_18466,3
NEWS_18467,4
NEWS_18468,4
NEWS_18469,4
NEWS_18470,2
NEWS_18471,3
NEWS_18472,4
NEWS_18473,5
NEWS_18474,4
NEWS_18475,4
NEWS_18476,2
NEWS_18477,2
NEWS_18478,4
NEWS_18479,3
NEWS_18480,2
NEWS_18481,5
NEWS_18482,2
NEWS_18483,1
NEWS_18484,5
NEWS_18485,4
NEWS_18486,3
NEWS_18487,1
NEWS_18488,5
NEWS_18489,1
NEWS_18490,3
NEWS_18491,5
NEWS_18492,1
NEWS_18493,4
NEWS_18494,5
NEWS_18495,4
NEWS_18496,0
NEWS_18497,4
NEWS_18498,5
NEWS_18499,3
NEWS_18500,4
NEWS_18501,2
NEWS_18502,0
NEWS_18503,4
NEWS_18504,4
NEWS_18505,3
NEWS_18506,2
NEWS_18507,3
NEWS_18508,4
NEWS_18509,2
NEWS_18510,2
NEWS_18511,3
NEWS_18512,5
NEWS_18513,0
NEWS_18514,2
NEWS_18515,1
NEWS_18516,4
NEWS_18517,5
NEWS_18518,1
NEWS_18519,1
NEWS_18520,2
NEWS_18521,4
NEWS_18522,1
NEWS_18523,1
NEWS_18524,1
NEWS_18525,4
NEWS_18526,4
NEWS_18527,4
NEWS_18528,1
NEWS_18529,1
NEWS_18530,5
NEWS_18531,1
NEWS_18532,4
NEWS_18533,3
NEWS_18534,1
NEWS_18535,4
NEWS_18536,3
NEWS_18537,3
NEWS_18538,1
NEWS_18539,4
NEWS_18540,2
NEWS_18541,4
NEWS_18542,3
NEWS_18543,1
NEWS_18544,1
NEWS_18545,0
NEWS_18546,4
NEWS_18547,4
NEWS_18548,4
NEWS_18549,3
NEWS_18550,4
NEWS_18551,3
NEWS_18552,3
NEWS_18553,1
NEWS_18554,2
NEWS_18555,4
NEWS_18556,1
NEWS_18557,4
NEWS_18558,4
NEWS_18559,3
NEWS_18560,4
NEWS_18561,3
NEWS_18562,1
NEWS_18563,4
NEWS_18564,1
NEWS_18565,2
NEWS_18566,3
NEWS_18567,1
NEWS_18568,4
NEWS_18569,1
NEWS_18570,4
NEWS_18571,1
NEWS_18572,3
NEWS_18573,1
NEWS_18574,1
NEWS_18575,5
NEWS_18576,2
NEWS_18577,2
NEWS_18578,4
NEWS_18579,3
NEWS_18580,0
NEWS_18581,4
NEWS_18582,5
NEWS_18583,4
NEWS_18584,5
NEWS_18585,1
NEWS_18586,1
NEWS_18587,2
NEWS_18588,4
NEWS_18589,4
NEWS_18590,4
NEWS_18591,1
NEWS_18592,3
NEWS_18593,2
NEWS_18594,0
NEWS_18595,4
NEWS_18596,1
NEWS_18597,2
NEWS_18598,4
NEWS_18599,5
NEWS_18600,3
NEWS_18601,1
NEWS_18602,2
NEWS_18603,5
NEWS_18604,4
NEWS_18605,4
NEWS_18606,3
NEWS_18607,4
NEWS_18608,4
NEWS_18609,1
NEWS_18610,1
NEWS_18611,2
NEWS_18612,4
NEWS_18613,3
NEWS_18614,3
NEWS_18615,2
NEWS_18616,4
NEWS_18617,3
NEWS_18618,4
NEWS_18619,1
NEWS_18620,3
NEWS_18621,4
NEWS_18622,2
NEWS_18623,5
NEWS_18624,4
NEWS_18625,4
NEWS_18626,2
NEWS_18627,3
NEWS_18628,5
NEWS_18629,5
NEWS_18630,4
NEWS_18631,2
NEWS_18632,5
NEWS_18633,4
NEWS_18634,2
NEWS_18635,5
NEWS_18636,4
NEWS_18637,3
NEWS_18638,3
NEWS_18639,1
NEWS_18640,4
NEWS_18641,1
NEWS_18642,0
NEWS_18643,3
NEWS_18644,3
NEWS_18645,5
NEWS_18646,3
NEWS_18647,5
NEWS_18648,4
NEWS_18649,3
NEWS_18650,1
NEWS_18651,3
NEWS_18652,4
NEWS_18653,2
NEWS_18654,3
NEWS_18655,3
NEWS_18656,1
NEWS_18657,5
NEWS_18658,3
NEWS_18659,5
NEWS_18660,3
NEWS_18661,3
NEWS_18662,1
NEWS_18663,4
NEWS_18664,2
NEWS_18665,4
NEWS_18666,5
NEWS_18667,5
NEWS_18668,4
NEWS_18669,2
NEWS_18670,5
NEWS_18671,3
NEWS_18672,3
NEWS_18673,3
NEWS_18674,3
NEWS_18675,5
NEWS_18676,3
NEWS_18677,2
NEWS_18678,4
NEWS_18679,3
NEWS_18680,4
NEWS_18681,1
NEWS_18682,4
NEWS_18683,3
NEWS_18684,1
NEWS_18685,4
NEWS_18686,4
NEWS_18687,1
NEWS_18688,4
NEWS_18689,4
NEWS_18690,1
NEWS_18691,4
NEWS_18692,5
NEWS_18693,4
NEWS_18694,5
NEWS_18695,1
NEWS_18696,2
NEWS_18697,4
NEWS_18698,2
NEWS_18699,2
NEWS_18700,5
NEWS_18701,2
NEWS_18702,1
NEWS_18703,1
NEWS_18704,3
NEWS_18705,4
NEWS_18706,5
NEWS_18707,1
NEWS_18708,1
NEWS_18709,2
NEWS_18710,1
NEWS_18711,1
NEWS_18712,1
NEWS_18713,2
NEWS_18714,4
NEWS_18715,5
NEWS_18716,0
NEWS_18717,1
NEWS_18718,5
NEWS_18719,3
NEWS_18720,0
NEWS_18721,1
NEWS_18722,5
NEWS_18723,1
NEWS_18724,3
NEWS_18725,2
NEWS_18726,0
NEWS_18727,3
NEWS_18728,3
NEWS_18729,1
NEWS_18730,1
NEWS_18731,4
NEWS_18732,1
NEWS_18733,5
NEWS_18734,5
NEWS_18735,3
NEWS_18736,1
NEWS_18737,4
NEWS_18738,5
NEWS_18739,5
NEWS_18740,4
NEWS_18741,2
NEWS_18742,4
NEWS_18743,5
NEWS_18744,5
NEWS_18745,5
NEWS_18746,3
NEWS_18747,3
NEWS_18748,4
NEWS_18749,1
NEWS_18750,5
NEWS_18751,2
NEWS_18752,1
NEWS_18753,4
NEWS_18754,3
NEWS_18755,0
NEWS_18756,4
NEWS_18757,4
NEWS_18758,4
NEWS_18759,3
NEWS_18760,4
NEWS_18761,4
NEWS_18762,3
NEWS_18763,3
NEWS_18764,4
NEWS_18765,0
NEWS_18766,2
NEWS_18767,4
NEWS_18768,4
NEWS_18769,5
NEWS_18770,4
NEWS_18771,2
NEWS_18772,3
NEWS_18773,4
NEWS_18774,4
NEWS_18775,1
NEWS_18776,4
NEWS_18777,3
NEWS_18778,4
NEWS_18779,5
NEWS_18780,1
NEWS_18781,4
NEWS_18782,4
NEWS_18783,1
NEWS_18784,1
NEWS_18785,4
NEWS_18786,1
NEWS_18787,2
NEWS_18788,3
NEWS_18789,5
NEWS_18790,1
NEWS_18791,3
NEWS_18792,1
NEWS_18793,3
NEWS_18794,4
NEWS_18795,3
NEWS_18796,4
NEWS_18797,5
NEWS_18798,1
NEWS_18799,4
NEWS_18800,1
NEWS_18801,5
NEWS_18802,1
NEWS_18803,1
NEWS_18804,1
NEWS_18805,1
NEWS_18806,3
NEWS_18807,5
NEWS_18808,1
NEWS_18809,4
NEWS_18810,4
NEWS_18811,4
NEWS_18812,5
NEWS_18813,5
NEWS_18814,4
NEWS_18815,1
NEWS_18816,1
NEWS_18817,4
NEWS_18818,4
NEWS_18819,3
NEWS_18820,4
NEWS_18821,3
NEWS_18822,4
NEWS_18823,5
NEWS_18824,4
NEWS_18825,3
NEWS_18826,2
NEWS_18827,4
NEWS_18828,5
NEWS_18829,5
NEWS_18830,4
NEWS_18831,4
NEWS_18832,0
NEWS_18833,2
NEWS_18834,4
NEWS_18835,4
NEWS_18836,2
NEWS_18837,2
NEWS_18838,2
NEWS_18839,4
NEWS_18840,3
NEWS_18841,1
NEWS_18842,2
NEWS_18843,4
NEWS_18844,3
NEWS_18845,3
NEWS_18846,4
NEWS_18847,3
NEWS_18848,2
NEWS_18849,3
NEWS_18850,2
NEWS_18851,1
NEWS_18852,2
NEWS_18853,0
NEWS_18854,3
NEWS_18855,5
NEWS_18856,3
NEWS_18857,5
NEWS_18858,4
NEWS_18859,5
NEWS_18860,4
NEWS_18861,4
NEWS_18862,4
NEWS_18863,4
NEWS_18864,3
NEWS_18865,5
NEWS_18866,4
NEWS_18867,4
NEWS_18868,5
NEWS_18869,4
NEWS_18870,0
NEWS_18871,1
NEWS_18872,3
NEWS_18873,4
NEWS_18874,2
NEWS_18875,1
NEWS_18876,2
NEWS_18877,5
NEWS_18878,3
NEWS_18879,5
NEWS_18880,3
NEWS_18881,3
NEWS_18882,4
NEWS_18883,4
NEWS_18884,3
NEWS_18885,3
NEWS_18886,3
NEWS_18887,4
NEWS_18888,4
NEWS_18889,1
NEWS_18890,4
NEWS_18891,4
NEWS_18892,4
NEWS_18893,5
NEWS_18894,1
NEWS_18895,2
NEWS_18896,2
NEWS_18897,2
NEWS_18898,5
NEWS_18899,4
NEWS_18900,4
NEWS_18901,4
NEWS_18902,3
NEWS_18903,3
NEWS_18904,4
NEWS_18905,1
NEWS_18906,1
NEWS_18907,1
NEWS_18908,4
NEWS_18909,1
NEWS_18910,1
NEWS_18911,4
NEWS_18912,4
NEWS_18913,4
NEWS_18914,3
NEWS_18915,1
NEWS_18916,4
NEWS_18917,4
NEWS_18918,1
NEWS_18919,4
NEWS_18920,1
NEWS_18921,1
NEWS_18922,4
NEWS_18923,5
NEWS_18924,4
NEWS_18925,4
NEWS_18926,4
NEWS_18927,2
NEWS_18928,4
NEWS_18929,2
NEWS_18930,4
NEWS_18931,4
NEWS_18932,1
NEWS_18933,4
NEWS_18934,5
NEWS_18935,1
NEWS_18936,2
NEWS_18937,1
NEWS_18938,4
NEWS_18939,4
NEWS_18940,5
NEWS_18941,3
NEWS_18942,5
NEWS_18943,1
NEWS_18944,3
NEWS_18945,4
NEWS_18946,4
NEWS_18947,3
NEWS_18948,1
NEWS_18949,4
NEWS_18950,5
NEWS_18951,4
NEWS_18952,1
NEWS_18953,3
NEWS_18954,0
NEWS_18955,1
NEWS_18956,1
NEWS_18957,4
NEWS_18958,4
NEWS_18959,1
NEWS_18960,3
NEWS_18961,5
NEWS_18962,3
NEWS_18963,2
NEWS_18964,4
NEWS_18965,4
NEWS_18966,4
NEWS_18967,4
NEWS_18968,3
NEWS_18969,4
NEWS_18970,3
NEWS_18971,3
NEWS_18972,4
NEWS_18973,4
NEWS_18974,4
NEWS_18975,1
NEWS_18976,3
NEWS_18977,1
NEWS_18978,1
NEWS_18979,4
NEWS_18980,3
NEWS_18981,2
NEWS_18982,4
NEWS_18983,5
NEWS_18984,2
NEWS_18985,5
NEWS_18986,1
NEWS_18987,4
NEWS_18988,1
NEWS_18989,1
NEWS_18990,4
NEWS_18991,4
NEWS_18992,1
NEWS_18993,2
NEWS_18994,3
NEWS_18995,4
NEWS_18996,3
NEWS_18997,1
NEWS_18998,0
NEWS_18999,5
NEWS_19000,4
NEWS_19001,2
NEWS_19002,5
NEWS_19003,4
NEWS_19004,5
NEWS_19005,5
NEWS_19006,5
NEWS_19007,3
NEWS_19008,4
NEWS_19009,5
NEWS_19010,2
NEWS_19011,5
NEWS_19012,1
NEWS_19013,0
NEWS_19014,2
NEWS_19015,1
NEWS_19016,3
NEWS_19017,3
NEWS_19018,1
NEWS_19019,0
NEWS_19020,3
NEWS_19021,4
NEWS_19022,3
NEWS_19023,4
NEWS_19024,4
NEWS_19025,4
NEWS_19026,5
NEWS_19027,3
NEWS_19028,4
NEWS_19029,2
NEWS_19030,1
NEWS_19031,3
NEWS_19032,1
NEWS_19033,1
NEWS_19034,4
NEWS_19035,0
NEWS_19036,3
NEWS_19037,5
NEWS_19038,5
NEWS_19039,1
NEWS_19040,3
NEWS_19041,4
NEWS_19042,4
NEWS_19043,3
NEWS_19044,1
NEWS_19045,4
NEWS_19046,1
NEWS_19047,5
NEWS_19048,5
NEWS_19049,1
NEWS_19050,1
NEWS_19051,2
NEWS_19052,1
NEWS_19053,4
NEWS_19054,2
NEWS_19055,1
NEWS_19056,2
NEWS_19057,2
NEWS_19058,4
NEWS_19059,4
NEWS_19060,4
NEWS_19061,2
NEWS_19062,4
NEWS_19063,1
NEWS_19064,2
NEWS_19065,5
NEWS_19066,3
NEWS_19067,5
NEWS_19068,4
NEWS_19069,5
NEWS_19070,2
NEWS_19071,3
NEWS_19072,3
NEWS_19073,2
NEWS_19074,4
NEWS_19075,2
NEWS_19076,5
NEWS_19077,3
NEWS_19078,4
NEWS_19079,1
NEWS_19080,1
NEWS_19081,2
NEWS_19082,1
NEWS_19083,3
NEWS_19084,5
NEWS_19085,4
NEWS_19086,4
NEWS_19087,3
NEWS_19088,1
NEWS_19089,4
NEWS_19090,3
NEWS_19091,4
NEWS_19092,1
NEWS_19093,5
NEWS_19094,3
NEWS_19095,3
NEWS_19096,4
NEWS_19097,1
NEWS_19098,4
NEWS_19099,5
NEWS_19100,1
NEWS_19101,4
NEWS_19102,1
NEWS_19103,0
NEWS_19104,0
NEWS_19105,4
NEWS_19106,2
NEWS_19107,4
NEWS_19108,2
NEWS_19109,5
NEWS_19110,4
NEWS_19111,0
NEWS_19112,3
NEWS_19113,1
NEWS_19114,4
NEWS_19115,2
NEWS_19116,3
NEWS_19117,5
NEWS_19118,3
NEWS_19119,2
NEWS_19120,1
NEWS_19121,3
NEWS_19122,1
NEWS_19123,2
NEWS_19124,1
NEWS_19125,3
NEWS_19126,1
NEWS_19127,4
NEWS_19128,4
NEWS_19129,2
NEWS_19130,4
NEWS_19131,1
NEWS_19132,1
NEWS_19133,4
NEWS_19134,3
NEWS_19135,4
NEWS_19136,5
NEWS_19137,4
NEWS_19138,2
NEWS_19139,1
NEWS_19140,4
NEWS_19141,2
NEWS_19142,2
NEWS_19143,3
NEWS_19144,3
NEWS_19145,1
NEWS_19146,5
NEWS_19147,4
NEWS_19148,3
NEWS_19149,5
NEWS_19150,5
NEWS_19151,4
NEWS_19152,3
NEWS_19153,1
NEWS_19154,1
NEWS_19155,4
NEWS_19156,0
NEWS_19157,4
NEWS_19158,1
NEWS_19159,3
NEWS_19160,4
NEWS_19161,5
NEWS_19162,2
NEWS_19163,1
NEWS_19164,4
NEWS_19165,3
NEWS_19166,1
NEWS_19167,3
NEWS_19168,5
NEWS_19169,1
NEWS_19170,5
NEWS_19171,5
NEWS_19172,4
NEWS_19173,3
NEWS_19174,1
NEWS_19175,5
NEWS_19176,4
NEWS_19177,5
NEWS_19178,3
NEWS_19179,4
NEWS_19180,5
NEWS_19181,4
NEWS_19182,3
NEWS_19183,3
NEWS_19184,3
NEWS_19185,1
NEWS_19186,4
NEWS_19187,1
NEWS_19188,3
NEWS_19189,0
NEWS_19190,5
NEWS_19191,5
NEWS_19192,0
NEWS_19193,1
NEWS_19194,4
NEWS_19195,1
NEWS_19196,5
NEWS_19197,5
NEWS_19198,1
NEWS_19199,2
NEWS_19200,1
NEWS_19201,5
NEWS_19202,4
NEWS_19203,2
NEWS_19204,4
NEWS_19205,0
NEWS_19206,3
NEWS_19207,1
NEWS_19208,1
NEWS_19209,4
NEWS_19210,4
NEWS_19211,5
NEWS_19212,3
NEWS_19213,4
NEWS_19214,4
NEWS_19215,4
NEWS_19216,5
NEWS_19217,4
NEWS_19218,5
NEWS_19219,3
NEWS_19220,1
NEWS_19221,4
NEWS_19222,4
NEWS_19223,5
NEWS_19224,4
NEWS_19225,4
NEWS_19226,3
NEWS_19227,4
NEWS_19228,2
NEWS_19229,4
NEWS_19230,3
NEWS_19231,0
NEWS_19232,2
NEWS_19233,5
NEWS_19234,4
NEWS_19235,2
NEWS_19236,4
NEWS_19237,4
NEWS_19238,3
NEWS_19239,2
NEWS_19240,5
NEWS_19241,2
NEWS_19242,5
NEWS_19243,1
NEWS_19244,5
NEWS_19245,4
NEWS_19246,2
NEWS_19247,4
NEWS_19248,4
NEWS_19249,3
NEWS_19250,2
NEWS_19251,3
NEWS_19252,5
NEWS_19253,1
NEWS_19254,4
NEWS_19255,4
NEWS_19256,5
NEWS_19257,4
NEWS_19258,1
NEWS_19259,5
NEWS_19260,3
NEWS_19261,1
NEWS_19262,1
NEWS_19263,0
NEWS_19264,4
NEWS_19265,1
NEWS_19266,3
NEWS_19267,2
NEWS_19268,1
NEWS_19269,5
NEWS_19270,4
NEWS_19271,2
NEWS_19272,1
NEWS_19273,4
NEWS_19274,5
NEWS_19275,5
NEWS_19276,5
NEWS_19277,5
NEWS_19278,4
NEWS_19279,5
NEWS_19280,0
NEWS_19281,4
NEWS_19282,3
NEWS_19283,2
NEWS_19284,1
NEWS_19285,0
NEWS_19286,1
NEWS_19287,3
NEWS_19288,1
NEWS_19289,1
NEWS_19290,4
NEWS_19291,1
NEWS_19292,4
NEWS_19293,3
NEWS_19294,3
NEWS_19295,1
NEWS_19296,4
NEWS_19297,2
NEWS_19298,4
NEWS_19299,4
NEWS_19300,3
NEWS_19301,5
NEWS_19302,4
NEWS_19303,4
NEWS_19304,1
NEWS_19305,4
NEWS_19306,2
NEWS_19307,2
NEWS_19308,4
NEWS_19309,4
NEWS_19310,2
NEWS_19311,3
NEWS_19312,2
NEWS_19313,4
NEWS_19314,0
NEWS_19315,3
NEWS_19316,5
NEWS_19317,2
NEWS_19318,5
NEWS_19319,0
NEWS_19320,4
NEWS_19321,4
NEWS_19322,2
NEWS_19323,0
NEWS_19324,5
NEWS_19325,4
NEWS_19326,2
NEWS_19327,5
NEWS_19328,5
NEWS_19329,1
NEWS_19330,3
NEWS_19331,0
NEWS_19332,5
NEWS_19333,5
NEWS_19334,1
NEWS_19335,4
NEWS_19336,2
NEWS_19337,3
NEWS_19338,5
NEWS_19339,0
NEWS_19340,1
NEWS_19341,2
NEWS_19342,2
NEWS_19343,5
NEWS_19344,4
NEWS_19345,1
NEWS_19346,3
NEWS_19347,3
NEWS_19348,2
NEWS_19349,4
NEWS_19350,5
NEWS_19351,1
NEWS_19352,1
NEWS_19353,5
NEWS_19354,4
NEWS_19355,1
NEWS_19356,5
NEWS_19357,4
NEWS_19358,5
NEWS_19359,1
NEWS_19360,0
NEWS_19361,3
NEWS_19362,2
NEWS_19363,1
NEWS_19364,1
NEWS_19365,0
NEWS_19366,4
NEWS_19367,1
NEWS_19368,3
NEWS_19369,1
NEWS_19370,1
NEWS_19371,5
NEWS_19372,4
NEWS_19373,4
NEWS_19374,4
NEWS_19375,5
NEWS_19376,5
NEWS_19377,3
NEWS_19378,1
NEWS_19379,4
NEWS_19380,5
NEWS_19381,5
NEWS_19382,1
NEWS_19383,1
NEWS_19384,4
NEWS_19385,4
NEWS_19386,5
NEWS_19387,3
NEWS_19388,4
NEWS_19389,4
NEWS_19390,2
NEWS_19391,1
NEWS_19392,4
NEWS_19393,4
NEWS_19394,3
NEWS_19395,3
NEWS_19396,1
NEWS_19397,5
NEWS_19398,5
NEWS_19399,1
NEWS_19400,5
NEWS_19401,4
NEWS_19402,5
NEWS_19403,5
NEWS_19404,0
NEWS_19405,4
NEWS_19406,3
NEWS_19407,4
NEWS_19408,1
NEWS_19409,2
NEWS_19410,4
NEWS_19411,0
NEWS_19412,4
NEWS_19413,3
NEWS_19414,5
NEWS_19415,0
NEWS_19416,4
NEWS_19417,2
NEWS_19418,4
NEWS_19419,4
NEWS_19420,4
NEWS_19421,4
NEWS_19422,5
NEWS_19423,2
NEWS_19424,4
NEWS_19425,3
NEWS_19426,1
NEWS_19427,2
NEWS_19428,4
NEWS_19429,4
NEWS_19430,2
NEWS_19431,5
NEWS_19432,5
NEWS_19433,5
NEWS_19434,4
NEWS_19435,2
NEWS_19436,3
NEWS_19437,3
NEWS_19438,2
NEWS_19439,3
NEWS_19440,1
NEWS_19441,4
NEWS_19442,4
NEWS_19443,1
NEWS_19444,1
NEWS_19445,5
NEWS_19446,0
NEWS_19447,5
NEWS_19448,3
NEWS_19449,2
NEWS_19450,4
NEWS_19451,1
NEWS_19452,1
NEWS_19453,1
NEWS_19454,4
NEWS_19455,4
NEWS_19456,4
NEWS_19457,5
NEWS_19458,4
NEWS_19459,2
NEWS_19460,5
NEWS_19461,4
NEWS_19462,2
NEWS_19463,3
NEWS_19464,3
NEWS_19465,3
NEWS_19466,5
NEWS_19467,1
NEWS_19468,1
NEWS_19469,3
NEWS_19470,3
NEWS_19471,4
NEWS_19472,2
NEWS_19473,3
NEWS_19474,2
NEWS_19475,4
NEWS_19476,2
NEWS_19477,1
NEWS_19478,3
NEWS_19479,3
NEWS_19480,3
NEWS_19481,2
NEWS_19482,2
NEWS_19483,4
NEWS_19484,1
NEWS_19485,1
NEWS_19486,3
NEWS_19487,1
NEWS_19488,3
NEWS_19489,3
NEWS_19490,1
NEWS_19491,4
NEWS_19492,4
NEWS_19493,3
NEWS_19494,1
NEWS_19495,1
NEWS_19496,4
NEWS_19497,2
NEWS_19498,1
NEWS_19499,2
NEWS_19500,4
NEWS_19501,5
NEWS_19502,5
NEWS_19503,2
NEWS_19504,4
NEWS_19505,4
NEWS_19506,4
NEWS_19507,3
NEWS_19508,1
NEWS_19509,1
NEWS_19510,1
NEWS_19511,2
NEWS_19512,4
NEWS_19513,3
NEWS_19514,2
NEWS_19515,3
NEWS_19516,1
NEWS_19517,4
NEWS_19518,5
NEWS_19519,5
NEWS_19520,1
NEWS_19521,4
NEWS_19522,1
NEWS_19523,1
NEWS_19524,4
NEWS_19525,4
NEWS_19526,5
NEWS_19527,3
NEWS_19528,5
NEWS_19529,3
NEWS_19530,5
NEWS_19531,1
NEWS_19532,2
NEWS_19533,4
NEWS_19534,5
NEWS_19535,0
NEWS_19536,5
NEWS_19537,1
NEWS_19538,5
NEWS_19539,4
NEWS_19540,3
NEWS_19541,1
NEWS_19542,4
NEWS_19543,3
NEWS_19544,2
NEWS_19545,5
NEWS_19546,4
NEWS_19547,4
NEWS_19548,3
NEWS_19549,3
NEWS_19550,4
NEWS_19551,4
NEWS_19552,2
NEWS_19553,5
NEWS_19554,1
NEWS_19555,3
NEWS_19556,0
NEWS_19557,3
NEWS_19558,5
NEWS_19559,2
NEWS_19560,3
NEWS_19561,1
NEWS_19562,4
NEWS_19563,4
NEWS_19564,1
NEWS_19565,5
NEWS_19566,4
NEWS_19567,4
NEWS_19568,2
NEWS_19569,1
NEWS_19570,1
NEWS_19571,3
NEWS_19572,5
NEWS_19573,1
NEWS_19574,2
NEWS_19575,1
NEWS_19576,0
NEWS_19577,1
NEWS_19578,3
NEWS_19579,4
NEWS_19580,3
NEWS_19581,5
NEWS_19582,4
NEWS_19583,1
NEWS_19584,4
NEWS_19585,4
NEWS_19586,4
NEWS_19587,3
NEWS_19588,1
NEWS_19589,4
NEWS_19590,3
NEWS_19591,4
NEWS_19592,3
NEWS_19593,2
NEWS_19594,3
NEWS_19595,4
NEWS_19596,3
NEWS_19597,2
NEWS_19598,1
NEWS_19599,2
NEWS_19600,5
NEWS_19601,1
NEWS_19602,3
NEWS_19603,1
NEWS_19604,4
NEWS_19605,5
NEWS_19606,4
NEWS_19607,1
NEWS_19608,2
NEWS_19609,2
NEWS_19610,4
NEWS_19611,0
NEWS_19612,4
NEWS_19613,3
NEWS_19614,1
NEWS_19615,4
NEWS_19616,4
NEWS_19617,4
NEWS_19618,3
NEWS_19619,4
NEWS_19620,0
NEWS_19621,2
NEWS_19622,4
NEWS_19623,4
NEWS_19624,3
NEWS_19625,0
NEWS_19626,1
NEWS_19627,2
NEWS_19628,5
NEWS_19629,1
NEWS_19630,1
NEWS_19631,4
NEWS_19632,1
NEWS_19633,4
NEWS_19634,4
NEWS_19635,1
NEWS_19636,3
NEWS_19637,2
NEWS_19638,3
NEWS_19639,1
NEWS_19640,3
NEWS_19641,3
NEWS_19642,4
NEWS_19643,2
NEWS_19644,4
NEWS_19645,4
NEWS_19646,5
NEWS_19647,5
NEWS_19648,5
NEWS_19649,5
NEWS_19650,2
NEWS_19651,5
NEWS_19652,4
NEWS_19653,4
NEWS_19654,1
NEWS_19655,5
NEWS_19656,4
NEWS_19657,3
NEWS_19658,3
NEWS_19659,3
NEWS_19660,1
NEWS_19661,4
NEWS_19662,1
NEWS_19663,5
NEWS_19664,4
NEWS_19665,4
NEWS_19666,2
NEWS_19667,2
NEWS_19668,2
NEWS_19669,4
NEWS_19670,5
NEWS_19671,5
NEWS_19672,5
NEWS_19673,2
NEWS_19674,4
NEWS_19675,2
NEWS_19676,1
NEWS_19677,5
NEWS_19678,4
NEWS_19679,4
NEWS_19680,4
NEWS_19681,3
NEWS_19682,3
NEWS_19683,3
NEWS_19684,3
NEWS_19685,5
NEWS_19686,5
NEWS_19687,5
NEWS_19688,2
NEWS_19689,2
NEWS_19690,2
NEWS_19691,5
NEWS_19692,2
NEWS_19693,0
NEWS_19694,3
NEWS_19695,4
NEWS_19696,4
NEWS_19697,1
NEWS_19698,1
NEWS_19699,4
NEWS_19700,5
NEWS_19701,4
NEWS_19702,5
NEWS_19703,1
NEWS_19704,4
NEWS_19705,1
NEWS_19706,1
NEWS_19707,3
NEWS_19708,1
NEWS_19709,1
NEWS_19710,1
NEWS_19711,1
NEWS_19712,2
NEWS_19713,3
NEWS_19714,3
NEWS_19715,1
NEWS_19716,5
NEWS_19717,5
NEWS_19718,2
NEWS_19719,2
NEWS_19720,3
NEWS_19721,4
NEWS_19722,2
NEWS_19723,4
NEWS_19724,5
NEWS_19725,3
NEWS_19726,3
NEWS_19727,4
NEWS_19728,3
NEWS_19729,4
NEWS_19730,3
NEWS_19731,3
NEWS_19732,2
NEWS_19733,3
NEWS_19734,2
NEWS_19735,4
NEWS_19736,4
NEWS_19737,4
NEWS_19738,3
NEWS_19739,4
NEWS_19740,1
NEWS_19741,4
NEWS_19742,4
NEWS_19743,2
NEWS_19744,2
NEWS_19745,4
NEWS_19746,4
NEWS_19747,2
NEWS_19748,4
NEWS_19749,4
NEWS_19750,4
NEWS_19751,4
NEWS_19752,4
NEWS_19753,4
NEWS_19754,2
NEWS_19755,1
NEWS_19756,4
NEWS_19757,1
NEWS_19758,1
NEWS_19759,4
NEWS_19760,1
NEWS_19761,4
NEWS_19762,5
NEWS_19763,3
NEWS_19764,4
NEWS_19765,2
NEWS_19766,3
NEWS_19767,3
NEWS_19768,2
NEWS_19769,3
NEWS_19770,4
NEWS_19771,2
NEWS_19772,4
NEWS_19773,4
NEWS_19774,4
NEWS_19775,4
NEWS_19776,2
NEWS_19777,2
NEWS_19778,1
NEWS_19779,4
NEWS_19780,5
NEWS_19781,3
NEWS_19782,1
NEWS_19783,2
NEWS_19784,2
NEWS_19785,4
NEWS_19786,5
NEWS_19787,4
NEWS_19788,1
NEWS_19789,5
NEWS_19790,0
NEWS_19791,5
NEWS_19792,3
NEWS_19793,5
NEWS_19794,1
NEWS_19795,1
NEWS_19796,3
NEWS_19797,0
NEWS_19798,1
NEWS_19799,4
NEWS_19800,5
NEWS_19801,5
NEWS_19802,1
NEWS_19803,4
NEWS_19804,2
NEWS_19805,5
NEWS_19806,5
NEWS_19807,0
NEWS_19808,4
NEWS_19809,2
NEWS_19810,4
NEWS_19811,0
NEWS_19812,5
NEWS_19813,4
NEWS_19814,5
NEWS_19815,5
NEWS_19816,3
NEWS_19817,3
NEWS_19818,3
NEWS_19819,5
NEWS_19820,5
NEWS_19821,5
NEWS_19822,0
NEWS_19823,1
NEWS_19824,4
NEWS_19825,5
NEWS_19826,4
NEWS_19827,4
NEWS_19828,1
NEWS_19829,5
NEWS_19830,4
NEWS_19831,4
NEWS_19832,1
NEWS_19833,4
NEWS_19834,3
NEWS_19835,3
NEWS_19836,1
NEWS_19837,5
NEWS_19838,3
NEWS_19839,4
NEWS_19840,2
NEWS_19841,3
NEWS_19842,1
NEWS_19843,1
NEWS_19844,1
NEWS_19845,2
NEWS_19846,2
NEWS_19847,4
NEWS_19848,1
NEWS_19849,1
NEWS_19850,5
NEWS_19851,1
NEWS_19852,2
NEWS_19853,2
NEWS_19854,1
NEWS_19855,2
NEWS_19856,4
NEWS_19857,4
NEWS_19858,3
NEWS_19859,1
NEWS_19860,1
NEWS_19861,1
NEWS_19862,3
NEWS_19863,0
NEWS_19864,4
NEWS_19865,4
NEWS_19866,4
NEWS_19867,3
NEWS_19868,4
NEWS_19869,2
NEWS_19870,2
NEWS_19871,5
NEWS_19872,3
NEWS_19873,2
NEWS_19874,4
NEWS_19875,3
NEWS_19876,5
NEWS_19877,4
NEWS_19878,2
NEWS_19879,5
NEWS_19880,1
NEWS_19881,4
NEWS_19882,4
NEWS_19883,4
NEWS_19884,4
NEWS_19885,3
NEWS_19886,4
NEWS_19887,4
NEWS_19888,2
NEWS_19889,5
NEWS_19890,4
NEWS_19891,5
NEWS_19892,1
NEWS_19893,4
NEWS_19894,3
NEWS_19895,4
NEWS_19896,5
NEWS_19897,4
NEWS_19898,1
NEWS_19899,2
NEWS_19900,2
NEWS_19901,1
NEWS_19902,3
NEWS_19903,5
NEWS_19904,5
NEWS_19905,5
NEWS_19906,1
NEWS_19907,5
NEWS_19908,1
NEWS_19909,5
NEWS_19910,4
NEWS_19911,1
NEWS_19912,5
NEWS_19913,4
NEWS_19914,4
NEWS_19915,5
NEWS_19916,3
NEWS_19917,0
NEWS_19918,1
NEWS_19919,5
NEWS_19920,5
NEWS_19921,5
NEWS_19922,5
NEWS_19923,5
NEWS_19924,3
NEWS_19925,1
NEWS_19926,3
NEWS_19927,4
NEWS_19928,5
NEWS_19929,5
NEWS_19930,0
NEWS_19931,2
NEWS_19932,4
NEWS_19933,3
NEWS_19934,3
NEWS_19935,4
NEWS_19936,0
NEWS_19937,1
NEWS_19938,2
NEWS_19939,1
NEWS_19940,0
NEWS_19941,1
NEWS_19942,4
NEWS_19943,4
NEWS_19944,4
NEWS_19945,4
NEWS_19946,4
NEWS_19947,1
NEWS_19948,0
NEWS_19949,3
NEWS_19950,3
NEWS_19951,1
NEWS_19952,4
NEWS_19953,5
NEWS_19954,3
NEWS_19955,1
NEWS_19956,4
NEWS_19957,5
NEWS_19958,3
NEWS_19959,3
NEWS_19960,4
NEWS_19961,2
NEWS_19962,1
NEWS_19963,5
NEWS_19964,1
NEWS_19965,2
NEWS_19966,5
NEWS_19967,0
NEWS_19968,4
NEWS_19969,5
NEWS_19970,4
NEWS_19971,4
NEWS_19972,2
NEWS_19973,3
NEWS_19974,1
NEWS_19975,4
NEWS_19976,1
NEWS_19977,0
NEWS_19978,4
NEWS_19979,1
NEWS_19980,3
NEWS_19981,2
NEWS_19982,3
NEWS_19983,5
NEWS_19984,4
NEWS_19985,4
NEWS_19986,1
NEWS_19987,1
NEWS_19988,0
NEWS_19989,5
NEWS_19990,4
NEWS_19991,1
NEWS_19992,5
NEWS_19993,2
NEWS_19994,2
NEWS_19995,4
NEWS_19996,3
NEWS_19997,3
NEWS_19998,4
NEWS_19999,4
NEWS_20000,3
NEWS_20001,4
NEWS_20002,0
NEWS_20003,3
NEWS_20004,5
NEWS_20005,4
NEWS_20006,3
NEWS_20007,5
NEWS_20008,4
NEWS_20009,4
NEWS_20010,5
NEWS_20011,3
NEWS_20012,3
NEWS_20013,1
NEWS_20014,1
NEWS_20015,4
NEWS_20016,3
NEWS_20017,5
NEWS_20018,1
NEWS_20019,1
NEWS_20020,3
NEWS_20021,4
NEWS_20022,1
NEWS_20023,4
NEWS_20024,5
NEWS_20025,4
NEWS_20026,4
NEWS_20027,1
NEWS_20028,4
NEWS_20029,3
NEWS_20030,4
NEWS_20031,4
NEWS_20032,1
NEWS_20033,3
NEWS_20034,3
NEWS_20035,4
NEWS_20036,5
NEWS_20037,2
NEWS_20038,3
NEWS_20039,2
NEWS_20040,3
NEWS_20041,1
NEWS_20042,4
NEWS_20043,3
NEWS_20044,4
NEWS_20045,4
NEWS_20046,4
NEWS_20047,4
NEWS_20048,0
NEWS_20049,5
NEWS_20050,2
NEWS_20051,1
NEWS_20052,5
NEWS_20053,0
NEWS_20054,3
NEWS_20055,1
NEWS_20056,4
NEWS_20057,3
NEWS_20058,2
NEWS_20059,3
NEWS_20060,4
NEWS_20061,5
NEWS_20062,3
NEWS_20063,2
NEWS_20064,3
NEWS_20065,3
NEWS_20066,2
NEWS_20067,4
NEWS_20068,3
NEWS_20069,4
NEWS_20070,3
NEWS_20071,1
NEWS_20072,0
NEWS_20073,4
NEWS_20074,5
NEWS_20075,2
NEWS_20076,2
NEWS_20077,4
NEWS_20078,5
NEWS_20079,3
NEWS_20080,0
NEWS_20081,5
NEWS_20082,5
NEWS_20083,1
NEWS_20084,2
NEWS_20085,3
NEWS_20086,1
NEWS_20087,3
NEWS_20088,4
NEWS_20089,5
NEWS_20090,4
NEWS_20091,5
NEWS_20092,5
NEWS_20093,1
NEWS_20094,2
NEWS_20095,1
NEWS_20096,4
NEWS_20097,2
NEWS_20098,4
NEWS_20099,4
NEWS_20100,4
NEWS_20101,2
NEWS_20102,4
NEWS_20103,3
NEWS_20104,0
NEWS_20105,4
NEWS_20106,4
NEWS_20107,1
NEWS_20108,3
NEWS_20109,4
NEWS_20110,3
NEWS_20111,4
NEWS_20112,1
NEWS_20113,3
NEWS_20114,5
NEWS_20115,0
NEWS_20116,4
NEWS_20117,3
NEWS_20118,4
NEWS_20119,4
NEWS_20120,4
NEWS_20121,4
NEWS_20122,1
NEWS_20123,1
NEWS_20124,2
NEWS_20125,3
NEWS_20126,4
NEWS_20127,3
NEWS_20128,0
NEWS_20129,2
NEWS_20130,2
NEWS_20131,4
NEWS_20132,5
NEWS_20133,2
NEWS_20134,5
NEWS_20135,4
NEWS_20136,2
NEWS_20137,1
NEWS_20138,1
NEWS_20139,0
NEWS_20140,2
NEWS_20141,4
NEWS_20142,2
NEWS_20143,3
NEWS_20144,4
NEWS_20145,5
NEWS_20146,3
NEWS_20147,4
NEWS_20148,1
NEWS_20149,5
NEWS_20150,5
NEWS_20151,0
NEWS_20152,1
NEWS_20153,1
NEWS_20154,5
NEWS_20155,3
NEWS_20156,1
NEWS_20157,4
NEWS_20158,5
NEWS_20159,3
NEWS_20160,3
NEWS_20161,5
NEWS_20162,0
NEWS_20163,1
NEWS_20164,4
NEWS_20165,1
NEWS_20166,4
NEWS_20167,2
NEWS_20168,4
NEWS_20169,4
NEWS_20170,5
NEWS_20171,1
NEWS_20172,5
NEWS_20173,5
NEWS_20174,1
NEWS_20175,4
NEWS_20176,4
NEWS_20177,5
NEWS_20178,3
NEWS_20179,5
NEWS_20180,4
NEWS_20181,1
NEWS_20182,4
NEWS_20183,4
NEWS_20184,3
NEWS_20185,3
NEWS_20186,4
NEWS_20187,1
NEWS_20188,0
NEWS_20189,4
NEWS_20190,4
NEWS_20191,3
NEWS_20192,4
NEWS_20193,3
NEWS_20194,2
NEWS_20195,1
NEWS_20196,1
NEWS_20197,3
NEWS_20198,4
NEWS_20199,1
NEWS_20200,1
NEWS_20201,4
NEWS_20202,2
NEWS_20203,5
NEWS_20204,3
NEWS_20205,5
NEWS_20206,3
NEWS_20207,5
NEWS_20208,4
NEWS_20209,4
NEWS_20210,2
NEWS_20211,1
NEWS_20212,5
NEWS_20213,4
NEWS_20214,1
NEWS_20215,3
NEWS_20216,1
NEWS_20217,4
NEWS_20218,1
NEWS_20219,1
NEWS_20220,4
NEWS_20221,2
NEWS_20222,1
NEWS_20223,3
NEWS_20224,1
NEWS_20225,5
NEWS_20226,4
NEWS_20227,1
NEWS_20228,5
NEWS_20229,5
NEWS_20230,5
NEWS_20231,4
NEWS_20232,2
NEWS_20233,1
NEWS_20234,2
NEWS_20235,5
NEWS_20236,4
NEWS_20237,1
NEWS_20238,3
NEWS_20239,1
NEWS_20240,3
NEWS_20241,3
NEWS_20242,4
NEWS_20243,3
NEWS_20244,1
NEWS_20245,1
NEWS_20246,4
NEWS_20247,1
NEWS_20248,5
NEWS_20249,2
NEWS_20250,2
NEWS_20251,3
NEWS_20252,3
NEWS_20253,3
NEWS_20254,5
NEWS_20255,4
NEWS_20256,3
NEWS_20257,2
NEWS_20258,1
NEWS_20259,4
NEWS_20260,2
NEWS_20261,2
NEWS_20262,4
NEWS_20263,4
NEWS_20264,0
NEWS_20265,2
NEWS_20266,3
NEWS_20267,4
NEWS_20268,4
NEWS_20269,2
NEWS_20270,5
NEWS_20271,1
NEWS_20272,4
NEWS_20273,5
NEWS_20274,2
NEWS_20275,1
NEWS_20276,2
NEWS_20277,1
NEWS_20278,3
NEWS_20279,5
NEWS_20280,0
NEWS_20281,4
NEWS_20282,4
NEWS_20283,4
NEWS_20284,4
NEWS_20285,5
NEWS_20286,4
NEWS_20287,4
NEWS_20288,2
NEWS_20289,4
NEWS_20290,5
NEWS_20291,4
NEWS_20292,1
NEWS_20293,3
NEWS_20294,5
NEWS_20295,2
NEWS_20296,4
NEWS_20297,2
NEWS_20298,1
NEWS_20299,1
NEWS_20300,5
NEWS_20301,1
NEWS_20302,4
NEWS_20303,4
NEWS_20304,4
NEWS_20305,4
NEWS_20306,4
NEWS_20307,4
NEWS_20308,1
NEWS_20309,4
NEWS_20310,0
NEWS_20311,3
NEWS_20312,1
NEWS_20313,1
NEWS_20314,4
NEWS_20315,5
NEWS_20316,4
NEWS_20317,3
NEWS_20318,3
NEWS_20319,4
NEWS_20320,1
NEWS_20321,4
NEWS_20322,3
NEWS_20323,3
NEWS_20324,2
NEWS_20325,1
NEWS_20326,1
NEWS_20327,5
NEWS_20328,3
NEWS_20329,4
NEWS_20330,2
NEWS_20331,5
NEWS_20332,0
NEWS_20333,2
NEWS_20334,2
NEWS_20335,4
NEWS_20336,2
NEWS_20337,3
NEWS_20338,1
NEWS_20339,5
NEWS_20340,1
NEWS_20341,0
NEWS_20342,5
NEWS_20343,4
NEWS_20344,4
NEWS_20345,4
NEWS_20346,4
NEWS_20347,3
NEWS_20348,4
NEWS_20349,1
NEWS_20350,4
NEWS_20351,1
NEWS_20352,5
NEWS_20353,5
NEWS_20354,5
NEWS_20355,1
NEWS_20356,4
NEWS_20357,3
NEWS_20358,1
NEWS_20359,3
NEWS_20360,3
NEWS_20361,3
NEWS_20362,2
NEWS_20363,1
NEWS_20364,2
NEWS_20365,3
NEWS_20366,3
NEWS_20367,3
NEWS_20368,3
NEWS_20369,5
NEWS_20370,5
NEWS_20371,1
NEWS_20372,4
NEWS_20373,1
NEWS_20374,3
NEWS_20375,0
NEWS_20376,3
NEWS_20377,3
NEWS_20378,1
NEWS_20379,3
NEWS_20380,2
NEWS_20381,1
NEWS_20382,5
NEWS_20383,3
NEWS_20384,2
NEWS_20385,5
NEWS_20386,3
NEWS_20387,3
NEWS_20388,0
NEWS_20389,4
NEWS_20390,4
NEWS_20391,1
NEWS_20392,5
NEWS_20393,2
NEWS_20394,1
NEWS_20395,2
NEWS_20396,4
NEWS_20397,3
NEWS_20398,2
NEWS_20399,2
NEWS_20400,4
NEWS_20401,5
NEWS_20402,3
NEWS_20403,1
NEWS_20404,0
NEWS_20405,4
NEWS_20406,3
NEWS_20407,4
NEWS_20408,2
NEWS_20409,1
NEWS_20410,2
NEWS_20411,5
NEWS_20412,1
NEWS_20413,3
NEWS_20414,2
NEWS_20415,4
NEWS_20416,4
NEWS_20417,5
NEWS_20418,1
NEWS_20419,1
NEWS_20420,1
NEWS_20421,0
NEWS_20422,4
NEWS_20423,1
NEWS_20424,4
NEWS_20425,4
NEWS_20426,3
NEWS_20427,4
NEWS_20428,3
NEWS_20429,3
NEWS_20430,2
NEWS_20431,5
NEWS_20432,4
NEWS_20433,1
NEWS_20434,1
NEWS_20435,3
NEWS_20436,4
NEWS_20437,2
NEWS_20438,3
NEWS_20439,4
NEWS_20440,2
NEWS_20441,3
NEWS_20442,3
NEWS_20443,3
NEWS_20444,3
NEWS_20445,1
NEWS_20446,4
NEWS_20447,3
NEWS_20448,2
NEWS_20449,4
NEWS_20450,1
NEWS_20451,4
NEWS_20452,5
NEWS_20453,4
NEWS_20454,1
NEWS_20455,4
NEWS_20456,3
NEWS_20457,0
NEWS_20458,2
NEWS_20459,3
NEWS_20460,4
NEWS_20461,4
NEWS_20462,4
NEWS_20463,2
NEWS_20464,2
NEWS_20465,4
NEWS_20466,4
NEWS_20467,2
NEWS_20468,3
NEWS_20469,1
NEWS_20470,5
NEWS_20471,3
NEWS_20472,5
NEWS_20473,3
NEWS_20474,2
NEWS_20475,0
NEWS_20476,4
NEWS_20477,2
NEWS_20478,4
NEWS_20479,3
NEWS_20480,1
NEWS_20481,2
NEWS_20482,4
NEWS_20483,5
NEWS_20484,5
NEWS_20485,2
NEWS_20486,5
NEWS_20487,2
NEWS_20488,3
NEWS_20489,4
NEWS_20490,3
NEWS_20491,4
NEWS_20492,4
NEWS_20493,0
NEWS_20494,4
NEWS_20495,1
NEWS_20496,4
NEWS_20497,0
NEWS_20498,4
NEWS_20499,1
NEWS_20500,1
NEWS_20501,4
NEWS_20502,3
NEWS_20503,4
NEWS_20504,4
NEWS_20505,0
NEWS_20506,4
NEWS_20507,2
NEWS_20508,0
NEWS_20509,4
NEWS_20510,1
NEWS_20511,1
NEWS_20512,5
NEWS_20513,5
NEWS_20514,1
NEWS_20515,1
NEWS_20516,3
NEWS_20517,3
NEWS_20518,1
NEWS_20519,4
NEWS_20520,4
NEWS_20521,4
NEWS_20522,5
NEWS_20523,3
NEWS_20524,5
NEWS_20525,3
NEWS_20526,1
NEWS_20527,0
NEWS_20528,2
NEWS_20529,3
NEWS_20530,5
NEWS_20531,2
NEWS_20532,1
NEWS_20533,1
NEWS_20534,1
NEWS_20535,2
NEWS_20536,4
NEWS_20537,1
NEWS_20538,5
NEWS_20539,5
NEWS_20540,2
NEWS_20541,0
NEWS_20542,0
NEWS_20543,4
NEWS_20544,0
NEWS_20545,2
NEWS_20546,5
NEWS_20547,4
NEWS_20548,5
NEWS_20549,2
NEWS_20550,5
NEWS_20551,4
NEWS_20552,4
NEWS_20553,4
NEWS_20554,1
NEWS_20555,4
NEWS_20556,1
NEWS_20557,3
NEWS_20558,3
NEWS_20559,4
NEWS_20560,4
NEWS_20561,2
NEWS_20562,4
NEWS_20563,4
NEWS_20564,5
NEWS_20565,3
NEWS_20566,2
NEWS_20567,1
NEWS_20568,0
NEWS_20569,0
NEWS_20570,2
NEWS_20571,1
NEWS_20572,3
NEWS_20573,3
NEWS_20574,2
NEWS_20575,5
NEWS_20576,1
NEWS_20577,1
NEWS_20578,3
NEWS_20579,5
NEWS_20580,4
NEWS_20581,3
NEWS_20582,1
NEWS_20583,4
NEWS_20584,1
NEWS_20585,1
NEWS_20586,4
NEWS_20587,1
NEWS_20588,2
NEWS_20589,3
NEWS_20590,4
NEWS_20591,5
NEWS_20592,5
NEWS_20593,5
NEWS_20594,5
NEWS_20595,3
NEWS_20596,4
NEWS_20597,4
NEWS_20598,1
NEWS_20599,3
NEWS_20600,3
NEWS_20601,3
NEWS_20602,5
NEWS_20603,4
NEWS_20604,4
NEWS_20605,5
NEWS_20606,5
NEWS_20607,3
NEWS_20608,3
NEWS_20609,3
NEWS_20610,1
NEWS_20611,4
NEWS_20612,4
NEWS_20613,1
NEWS_20614,2
NEWS_20615,1
NEWS_20616,2
NEWS_20617,0
NEWS_20618,2
NEWS_20619,1
NEWS_20620,1
NEWS_20621,5
NEWS_20622,0
NEWS_20623,3
NEWS_20624,4
NEWS_20625,5
NEWS_20626,4
NEWS_20627,2
NEWS_20628,3
NEWS_20629,2
NEWS_20630,3
NEWS_20631,3
NEWS_20632,4
NEWS_20633,1
NEWS_20634,4
NEWS_20635,4
NEWS_20636,5
NEWS_20637,4
NEWS_20638,4
NEWS_20639,1
NEWS_20640,1
NEWS_20641,4
NEWS_20642,3
NEWS_20643,1
NEWS_20644,1
NEWS_20645,3
NEWS_20646,3
NEWS_20647,3
NEWS_20648,5
NEWS_20649,3
NEWS_20650,2
NEWS_20651,4
NEWS_20652,3
NEWS_20653,4
NEWS_20654,4
NEWS_20655,4
NEWS_20656,4
NEWS_20657,1
NEWS_20658,4
NEWS_20659,3
NEWS_20660,5
NEWS_20661,2
NEWS_20662,5
NEWS_20663,3
NEWS_20664,0
NEWS_20665,1
NEWS_20666,5
NEWS_20667,1
NEWS_20668,4
NEWS_20669,5
NEWS_20670,1
NEWS_20671,4
NEWS_20672,5
NEWS_20673,4
NEWS_20674,4
NEWS_20675,3
NEWS_20676,4
NEWS_20677,5
NEWS_20678,1
NEWS_20679,4
NEWS_20680,2
NEWS_20681,3
NEWS_20682,4
NEWS_20683,4
NEWS_20684,1
NEWS_20685,3
NEWS_20686,4
NEWS_20687,5
NEWS_20688,1
NEWS_20689,3
NEWS_20690,2
NEWS_20691,2
NEWS_20692,2
NEWS_20693,4
NEWS_20694,1
NEWS_20695,4
NEWS_20696,0
NEWS_20697,5
NEWS_20698,1
NEWS_20699,4
NEWS_20700,4
NEWS_20701,5
NEWS_20702,4
NEWS_20703,4
NEWS_20704,4
NEWS_20705,1
NEWS_20706,5
NEWS_20707,4
NEWS_20708,4
NEWS_20709,4
NEWS_20710,4
NEWS_20711,3
NEWS_20712,1
NEWS_20713,4
NEWS_20714,1
NEWS_20715,4
NEWS_20716,5
NEWS_20717,1
NEWS_20718,5
NEWS_20719,3
NEWS_20720,2
NEWS_20721,1
NEWS_20722,4
NEWS_20723,3
NEWS_20724,4
NEWS_20725,4
NEWS_20726,5
NEWS_20727,3
NEWS_20728,2
NEWS_20729,1
NEWS_20730,5
NEWS_20731,2
NEWS_20732,1
NEWS_20733,4
NEWS_20734,3
NEWS_20735,2
NEWS_20736,2
NEWS_20737,2
NEWS_20738,5
NEWS_20739,4
NEWS_20740,2
NEWS_20741,1
NEWS_20742,2
NEWS_20743,2
NEWS_20744,1
NEWS_20745,1
NEWS_20746,4
NEWS_20747,4
NEWS_20748,1
NEWS_20749,4
NEWS_20750,3
NEWS_20751,5
NEWS_20752,4
NEWS_20753,2
NEWS_20754,4
NEWS_20755,1
NEWS_20756,3
NEWS_20757,4
NEWS_20758,4
NEWS_20759,1
NEWS_20760,4
NEWS_20761,1
NEWS_20762,3
NEWS_20763,4
NEWS_20764,1
NEWS_20765,5
NEWS_20766,2
NEWS_20767,1
NEWS_20768,1
NEWS_20769,0
NEWS_20770,4
NEWS_20771,4
NEWS_20772,3
NEWS_20773,5
NEWS_20774,5
NEWS_20775,4
NEWS_20776,4
NEWS_20777,3
NEWS_20778,5
NEWS_20779,1
NEWS_20780,3
NEWS_20781,4
NEWS_20782,1
NEWS_20783,4
NEWS_20784,3
NEWS_20785,2
NEWS_20786,5
NEWS_20787,1
NEWS_20788,5
NEWS_20789,4
NEWS_20790,1
NEWS_20791,4
NEWS_20792,5
NEWS_20793,1
NEWS_20794,4
NEWS_20795,1
NEWS_20796,3
NEWS_20797,5
NEWS_20798,4
NEWS_20799,1
NEWS_20800,4
NEWS_20801,3
NEWS_20802,1
NEWS_20803,4
NEWS_20804,5
NEWS_20805,4
NEWS_20806,4
NEWS_20807,5
NEWS_20808,1
NEWS_20809,1
NEWS_20810,4
NEWS_20811,1
NEWS_20812,5
NEWS_20813,1
NEWS_20814,4
NEWS_20815,2
NEWS_20816,5
NEWS_20817,1
NEWS_20818,4
NEWS_20819,3
NEWS_20820,2
NEWS_20821,1
NEWS_20822,0
NEWS_20823,5
NEWS_20824,5
NEWS_20825,1
NEWS_20826,2
NEWS_20827,3
NEWS_20828,0
NEWS_20829,1
NEWS_20830,4
NEWS_20831,2
NEWS_20832,4
NEWS_20833,2
NEWS_20834,0
NEWS_20835,4
NEWS_20836,3
NEWS_20837,1
NEWS_20838,4
NEWS_20839,5
NEWS_20840,5
NEWS_20841,4
NEWS_20842,5
NEWS_20843,1
NEWS_20844,5
NEWS_20845,5
NEWS_20846,1
NEWS_20847,4
NEWS_20848,3
NEWS_20849,3
NEWS_20850,3
NEWS_20851,3
NEWS_20852,1
NEWS_20853,0
NEWS_20854,1
NEWS_20855,4
NEWS_20856,4
NEWS_20857,4
NEWS_20858,2
NEWS_20859,1
NEWS_20860,2
NEWS_20861,5
NEWS_20862,1
NEWS_20863,1
NEWS_20864,4
NEWS_20865,5
NEWS_20866,5
NEWS_20867,5
NEWS_20868,1
NEWS_20869,5
NEWS_20870,4
NEWS_20871,4
NEWS_20872,2
NEWS_20873,1
NEWS_20874,2
NEWS_20875,1
NEWS_20876,4
NEWS_20877,2
NEWS_20878,1
NEWS_20879,5
NEWS_20880,3
NEWS_20881,2
NEWS_20882,1
NEWS_20883,2
NEWS_20884,5
NEWS_20885,2
NEWS_20886,5
NEWS_20887,3
NEWS_20888,2
NEWS_20889,3
NEWS_20890,0
NEWS_20891,0
NEWS_20892,1
NEWS_20893,3
NEWS_20894,2
NEWS_20895,1
NEWS_20896,1
NEWS_20897,2
NEWS_20898,5
NEWS_20899,3
NEWS_20900,4
NEWS_20901,4
NEWS_20902,3
NEWS_20903,4
NEWS_20904,3
NEWS_20905,3
NEWS_20906,3
NEWS_20907,5
NEWS_20908,1
NEWS_20909,2
NEWS_20910,4
NEWS_20911,4
NEWS_20912,3
NEWS_20913,0
NEWS_20914,4
NEWS_20915,0
NEWS_20916,3
NEWS_20917,2
NEWS_20918,3
NEWS_20919,5
NEWS_20920,2
NEWS_20921,1
NEWS_20922,2
NEWS_20923,1
NEWS_20924,4
NEWS_20925,4
NEWS_20926,1
NEWS_20927,5
NEWS_20928,2
NEWS_20929,4
NEWS_20930,5
NEWS_20931,4
NEWS_20932,1
NEWS_20933,1
NEWS_20934,5
NEWS_20935,5
NEWS_20936,1
NEWS_20937,2
NEWS_20938,1
NEWS_20939,1
NEWS_20940,4
NEWS_20941,4
NEWS_20942,4
NEWS_20943,5
NEWS_20944,5
NEWS_20945,2
NEWS_20946,4
NEWS_20947,2
NEWS_20948,3
NEWS_20949,1
NEWS_20950,5
NEWS_20951,1
NEWS_20952,2
NEWS_20953,5
NEWS_20954,4
NEWS_20955,4
NEWS_20956,3
NEWS_20957,2
NEWS_20958,4
NEWS_20959,4
NEWS_20960,2
NEWS_20961,5
NEWS_20962,4
NEWS_20963,5
NEWS_20964,4
NEWS_20965,4
NEWS_20966,5
NEWS_20967,4
NEWS_20968,3
NEWS_20969,2
NEWS_20970,0
NEWS_20971,3
NEWS_20972,3
NEWS_20973,3
NEWS_20974,4
NEWS_20975,3
NEWS_20976,3
NEWS_20977,4
NEWS_20978,1
NEWS_20979,2
NEWS_20980,0
NEWS_20981,2
NEWS_20982,4
NEWS_20983,3
NEWS_20984,3
NEWS_20985,4
NEWS_20986,1
NEWS_20987,1
NEWS_20988,2
NEWS_20989,1
NEWS_20990,5
NEWS_20991,1
NEWS_20992,2
NEWS_20993,4
NEWS_20994,2
NEWS_20995,1
NEWS_20996,3
NEWS_20997,2
NEWS_20998,2
NEWS_20999,5
NEWS_21000,2
NEWS_21001,4
NEWS_21002,3
NEWS_21003,4
NEWS_21004,2
NEWS_21005,3
NEWS_21006,3
NEWS_21007,2
NEWS_21008,2
NEWS_21009,4
NEWS_21010,4
NEWS_21011,5
NEWS_21012,2
NEWS_21013,1
NEWS_21014,2
NEWS_21015,2
NEWS_21016,1
NEWS_21017,0
NEWS_21018,3
NEWS_21019,3
NEWS_21020,4
NEWS_21021,0
NEWS_21022,4
NEWS_21023,4
NEWS_21024,3
NEWS_21025,5
NEWS_21026,5
NEWS_21027,0
NEWS_21028,1
NEWS_21029,4
NEWS_21030,4
NEWS_21031,0
NEWS_21032,5
NEWS_21033,3
NEWS_21034,2
NEWS_21035,5
NEWS_21036,0
NEWS_21037,4
NEWS_21038,5
NEWS_21039,4
NEWS_21040,3
NEWS_21041,4
NEWS_21042,4
NEWS_21043,4
NEWS_21044,4
NEWS_21045,4
NEWS_21046,1
NEWS_21047,5
NEWS_21048,3
NEWS_21049,2
NEWS_21050,2
NEWS_21051,1
NEWS_21052,0
NEWS_21053,3
NEWS_21054,4
NEWS_21055,5
NEWS_21056,1
NEWS_21057,1
NEWS_21058,1
NEWS_21059,2
NEWS_21060,4
NEWS_21061,4
NEWS_21062,3
NEWS_21063,1
NEWS_21064,1
NEWS_21065,1
NEWS_21066,1
NEWS_21067,2
NEWS_21068,4
NEWS_21069,5
NEWS_21070,5
NEWS_21071,4
NEWS_21072,2
NEWS_21073,4
NEWS_21074,4
NEWS_21075,2
NEWS_21076,4
NEWS_21077,3
NEWS_21078,0
NEWS_21079,2
NEWS_21080,3
NEWS_21081,4
NEWS_21082,4
NEWS_21083,4
NEWS_21084,2
NEWS_21085,5
NEWS_21086,5
NEWS_21087,3
NEWS_21088,4
NEWS_21089,0
NEWS_21090,1
NEWS_21091,2
NEWS_21092,4
NEWS_21093,4
NEWS_21094,1
NEWS_21095,0
NEWS_21096,2
NEWS_21097,0
NEWS_21098,5
NEWS_21099,5
NEWS_21100,2
NEWS_21101,4
NEWS_21102,4
NEWS_21103,1
NEWS_21104,0
NEWS_21105,1
NEWS_21106,2
NEWS_21107,0
NEWS_21108,0
NEWS_21109,3
NEWS_21110,4
NEWS_21111,0
NEWS_21112,5
NEWS_21113,5
NEWS_21114,3
NEWS_21115,3
NEWS_21116,3
NEWS_21117,2
NEWS_21118,4
NEWS_21119,4
NEWS_21120,2
NEWS_21121,3
NEWS_21122,2
NEWS_21123,1
NEWS_21124,4
NEWS_21125,4
NEWS_21126,3
NEWS_21127,3
NEWS_21128,4
NEWS_21129,4
NEWS_21130,3
NEWS_21131,4
NEWS_21132,0
NEWS_21133,2
NEWS_21134,5
NEWS_21135,5
NEWS_21136,5
NEWS_21137,3
NEWS_21138,4
NEWS_21139,1
NEWS_21140,1
NEWS_21141,2
NEWS_21142,4
NEWS_21143,1
NEWS_21144,3
NEWS_21145,5
NEWS_21146,4
NEWS_21147,1
NEWS_21148,1
NEWS_21149,4
NEWS_21150,4
NEWS_21151,0
NEWS_21152,5
NEWS_21153,1
NEWS_21154,5
NEWS_21155,1
NEWS_21156,2
NEWS_21157,1
NEWS_21158,4
NEWS_21159,2
NEWS_21160,3
NEWS_21161,4
NEWS_21162,4
NEWS_21163,4
NEWS_21164,0
NEWS_21165,4
NEWS_21166,3
NEWS_21167,4
NEWS_21168,4
NEWS_21169,4
NEWS_21170,1
NEWS_21171,4
NEWS_21172,3
NEWS_21173,4
NEWS_21174,4
NEWS_21175,3
NEWS_21176,4
NEWS_21177,1
NEWS_21178,4
NEWS_21179,1
NEWS_21180,1
NEWS_21181,3
NEWS_21182,5
NEWS_21183,4
NEWS_21184,1
NEWS_21185,2
NEWS_21186,4
NEWS_21187,2
NEWS_21188,4
NEWS_21189,1
NEWS_21190,4
NEWS_21191,5
NEWS_21192,1
NEWS_21193,4
NEWS_21194,5
NEWS_21195,1
NEWS_21196,4
NEWS_21197,1
NEWS_21198,2
NEWS_21199,1
NEWS_21200,5
NEWS_21201,0
NEWS_21202,3
NEWS_21203,1
NEWS_21204,4
NEWS_21205,0
NEWS_21206,4
NEWS_21207,1
NEWS_21208,1
NEWS_21209,2
NEWS_21210,1
NEWS_21211,1
NEWS_21212,5
NEWS_21213,3
NEWS_21214,4
NEWS_21215,4
NEWS_21216,2
NEWS_21217,3
NEWS_21218,5
NEWS_21219,0
NEWS_21220,1
NEWS_21221,2
NEWS_21222,3
NEWS_21223,4
NEWS_21224,2
NEWS_21225,3
NEWS_21226,1
NEWS_21227,3
NEWS_21228,3
NEWS_21229,4
NEWS_21230,4
NEWS_21231,4
NEWS_21232,4
NEWS_21233,3
NEWS_21234,3
NEWS_21235,3
NEWS_21236,3
NEWS_21237,3
NEWS_21238,3
NEWS_21239,3
NEWS_21240,4
NEWS_21241,1
NEWS_21242,2
NEWS_21243,4
NEWS_21244,3
NEWS_21245,2
NEWS_21246,4
NEWS_21247,2
NEWS_21248,4
NEWS_21249,5
NEWS_21250,2
NEWS_21251,4
NEWS_21252,1
NEWS_21253,1
NEWS_21254,3
NEWS_21255,4
NEWS_21256,0
NEWS_21257,1
NEWS_21258,4
NEWS_21259,4
NEWS_21260,5
NEWS_21261,3
NEWS_21262,2
NEWS_21263,5
NEWS_21264,2
NEWS_21265,2
NEWS_21266,3
NEWS_21267,0
NEWS_21268,3
NEWS_21269,4
NEWS_21270,2
NEWS_21271,2
NEWS_21272,1
NEWS_21273,5
NEWS_21274,3
NEWS_21275,1
NEWS_21276,0
NEWS_21277,4
NEWS_21278,1
NEWS_21279,4
NEWS_21280,4
NEWS_21281,2
NEWS_21282,5
NEWS_21283,4
NEWS_21284,4
NEWS_21285,4
NEWS_21286,3
NEWS_21287,2
NEWS_21288,4
NEWS_21289,3
NEWS_21290,2
NEWS_21291,2
NEWS_21292,2
NEWS_21293,3
NEWS_21294,0
NEWS_21295,2
NEWS_21296,3
NEWS_21297,3
NEWS_21298,1
NEWS_21299,4
NEWS_21300,1
NEWS_21301,3
NEWS_21302,2
NEWS_21303,1
NEWS_21304,3
NEWS_21305,3
NEWS_21306,3
NEWS_21307,5
NEWS_21308,0
NEWS_21309,3
NEWS_21310,4
NEWS_21311,3
NEWS_21312,1
NEWS_21313,5
NEWS_21314,1
NEWS_21315,3
NEWS_21316,2
NEWS_21317,4
NEWS_21318,3
NEWS_21319,4
NEWS_21320,4
NEWS_21321,4
NEWS_21322,1
NEWS_21323,5
NEWS_21324,3
NEWS_21325,5
NEWS_21326,3
NEWS_21327,4
NEWS_21328,3
NEWS_21329,3
NEWS_21330,4
NEWS_21331,1
NEWS_21332,3
NEWS_21333,3
NEWS_21334,4
NEWS_21335,3
NEWS_21336,4
NEWS_21337,4
NEWS_21338,0
NEWS_21339,1
NEWS_21340,5
NEWS_21341,4
NEWS_21342,1
NEWS_21343,1
NEWS_21344,5
NEWS_21345,0
NEWS_21346,3
NEWS_21347,2
NEWS_21348,3
NEWS_21349,4
NEWS_21350,3
NEWS_21351,4
NEWS_21352,5
NEWS_21353,1
NEWS_21354,0
NEWS_21355,4
NEWS_21356,2
NEWS_21357,5
NEWS_21358,2
NEWS_21359,4
NEWS_21360,4
NEWS_21361,0
NEWS_21362,1
NEWS_21363,4
NEWS_21364,5
NEWS_21365,4
NEWS_21366,2
NEWS_21367,3
NEWS_21368,4
NEWS_21369,5
NEWS_21370,4
NEWS_21371,2
NEWS_21372,3
NEWS_21373,3
NEWS_21374,1
NEWS_21375,4
NEWS_21376,3
NEWS_21377,2
NEWS_21378,1
NEWS_21379,4
NEWS_21380,4
NEWS_21381,1
NEWS_21382,4
NEWS_21383,4
NEWS_21384,0
NEWS_21385,0
NEWS_21386,1
NEWS_21387,4
NEWS_21388,4
NEWS_21389,4
NEWS_21390,2
NEWS_21391,1
NEWS_21392,1
NEWS_21393,3
NEWS_21394,4
NEWS_21395,3
NEWS_21396,5
NEWS_21397,5
NEWS_21398,5
NEWS_21399,0
NEWS_21400,1
NEWS_21401,2
NEWS_21402,1
NEWS_21403,1
NEWS_21404,2
NEWS_21405,3
NEWS_21406,4
NEWS_21407,4
NEWS_21408,4
NEWS_21409,4
NEWS_21410,1
NEWS_21411,3
NEWS_21412,1
NEWS_21413,4
NEWS_21414,5
NEWS_21415,5
NEWS_21416,1
NEWS_21417,1
NEWS_21418,3
NEWS_21419,4
NEWS_21420,2
NEWS_21421,4
NEWS_21422,0
NEWS_21423,3
NEWS_21424,2
NEWS_21425,1
NEWS_21426,4
NEWS_21427,1
NEWS_21428,3
NEWS_21429,2
NEWS_21430,1
NEWS_21431,3
NEWS_21432,5
NEWS_21433,1
NEWS_21434,4
NEWS_21435,4
NEWS_21436,4
NEWS_21437,1
NEWS_21438,5
NEWS_21439,4
NEWS_21440,2
NEWS_21441,1
NEWS_21442,3
NEWS_21443,0
NEWS_21444,2
NEWS_21445,5
NEWS_21446,5
NEWS_21447,3
NEWS_21448,3
NEWS_21449,5
NEWS_21450,4
NEWS_21451,3
NEWS_21452,4
NEWS_21453,5
NEWS_21454,5
NEWS_21455,3
NEWS_21456,1
NEWS_21457,0
NEWS_21458,4
NEWS_21459,3
NEWS_21460,1
NEWS_21461,3
NEWS_21462,3
NEWS_21463,4
NEWS_21464,4
NEWS_21465,4
NEWS_21466,2
NEWS_21467,1
NEWS_21468,1
NEWS_21469,1
NEWS_21470,1
NEWS_21471,4
NEWS_21472,1
NEWS_21473,3
NEWS_21474,4
NEWS_21475,3
NEWS_21476,4
NEWS_21477,5
NEWS_21478,1
NEWS_21479,4
NEWS_21480,1
NEWS_21481,2
NEWS_21482,4
NEWS_21483,5
NEWS_21484,4
NEWS_21485,4
NEWS_21486,3
NEWS_21487,3
NEWS_21488,4
NEWS_21489,5
NEWS_21490,4
NEWS_21491,1
NEWS_21492,1
NEWS_21493,1
NEWS_21494,0
NEWS_21495,4
NEWS_21496,3
NEWS_21497,4
NEWS_21498,5
NEWS_21499,1
NEWS_21500,4
NEWS_21501,1
NEWS_21502,3
NEWS_21503,1
NEWS_21504,4
NEWS_21505,5
NEWS_21506,1
NEWS_21507,2
NEWS_21508,1
NEWS_21509,0
NEWS_21510,4
NEWS_21511,2
NEWS_21512,2
NEWS_21513,3
NEWS_21514,1
NEWS_21515,5
NEWS_21516,1
NEWS_21517,3
NEWS_21518,4
NEWS_21519,4
NEWS_21520,3
NEWS_21521,4
NEWS_21522,2
NEWS_21523,5
NEWS_21524,1
NEWS_21525,5
NEWS_21526,3
NEWS_21527,4
NEWS_21528,2
NEWS_21529,1
NEWS_21530,2
NEWS_21531,3
NEWS_21532,0
NEWS_21533,4
NEWS_21534,5
NEWS_21535,2
NEWS_21536,5
NEWS_21537,4
NEWS_21538,3
NEWS_21539,3
NEWS_21540,5
NEWS_21541,1
NEWS_21542,4
NEWS_21543,5
NEWS_21544,4
NEWS_21545,0
NEWS_21546,1
NEWS_21547,4
NEWS_21548,3
NEWS_21549,5
NEWS_21550,3
NEWS_21551,1
NEWS_21552,5
NEWS_21553,2
NEWS_21554,2
NEWS_21555,3
NEWS_21556,1
NEWS_21557,3
NEWS_21558,4
NEWS_21559,3
NEWS_21560,5
NEWS_21561,1
NEWS_21562,1
NEWS_21563,0
NEWS_21564,4
NEWS_21565,2
NEWS_21566,1
NEWS_21567,1
NEWS_21568,1
NEWS_21569,3
NEWS_21570,3
NEWS_21571,4
NEWS_21572,4
NEWS_21573,3
NEWS_21574,0
NEWS_21575,4
NEWS_21576,3
NEWS_21577,2
NEWS_21578,3
NEWS_21579,3
NEWS_21580,1
NEWS_21581,4
NEWS_21582,2
NEWS_21583,2
NEWS_21584,1
NEWS_21585,4
NEWS_21586,2
NEWS_21587,4
NEWS_21588,2
NEWS_21589,1
NEWS_21590,4
NEWS_21591,3
NEWS_21592,2
NEWS_21593,4
NEWS_21594,5
NEWS_21595,4
NEWS_21596,2
NEWS_21597,3
NEWS_21598,3
NEWS_21599,3
NEWS_21600,2
NEWS_21601,3
NEWS_21602,1
NEWS_21603,1
NEWS_21604,4
NEWS_21605,4
NEWS_21606,5
NEWS_21607,4
NEWS_21608,3
NEWS_21609,2
NEWS_21610,5
NEWS_21611,5
NEWS_21612,5
NEWS_21613,1
NEWS_21614,3
NEWS_21615,4
NEWS_21616,3
NEWS_21617,2
NEWS_21618,3
NEWS_21619,4
NEWS_21620,4
NEWS_21621,4
NEWS_21622,2
NEWS_21623,2
NEWS_21624,4
NEWS_21625,2
NEWS_21626,2
NEWS_21627,1
NEWS_21628,0
NEWS_21629,2
NEWS_21630,0
NEWS_21631,1
NEWS_21632,4
NEWS_21633,5
NEWS_21634,3
NEWS_21635,4
NEWS_21636,3
NEWS_21637,1
NEWS_21638,3
NEWS_21639,4
NEWS_21640,5
NEWS_21641,1
NEWS_21642,2
NEWS_21643,1
NEWS_21644,4
NEWS_21645,4
NEWS_21646,2
NEWS_21647,4
NEWS_21648,4
NEWS_21649,4
NEWS_21650,2
NEWS_21651,4
NEWS_21652,3
NEWS_21653,1
NEWS_21654,4
NEWS_21655,1
NEWS_21656,4
NEWS_21657,4
NEWS_21658,1
NEWS_21659,4
NEWS_21660,4
NEWS_21661,4
NEWS_21662,5
NEWS_21663,3
NEWS_21664,3
NEWS_21665,5
NEWS_21666,4
NEWS_21667,5
NEWS_21668,5
NEWS_21669,4
NEWS_21670,4
NEWS_21671,4
NEWS_21672,2
NEWS_21673,4
NEWS_21674,4
NEWS_21675,5
NEWS_21676,4
NEWS_21677,4
NEWS_21678,4
NEWS_21679,1
NEWS_21680,0
NEWS_21681,4
NEWS_21682,5
NEWS_21683,5
NEWS_21684,5
NEWS_21685,4
NEWS_21686,2
NEWS_21687,5
NEWS_21688,3
NEWS_21689,3
NEWS_21690,5
NEWS_21691,3
NEWS_21692,3
NEWS_21693,1
NEWS_21694,1
NEWS_21695,1
NEWS_21696,4
NEWS_21697,4
NEWS_21698,1
NEWS_21699,4
NEWS_21700,3
NEWS_21701,2
NEWS_21702,3
NEWS_21703,5
NEWS_21704,4
NEWS_21705,3
NEWS_21706,5
NEWS_21707,2
NEWS_21708,4
NEWS_21709,5
NEWS_21710,4
NEWS_21711,2
NEWS_21712,3
NEWS_21713,1
NEWS_21714,3
NEWS_21715,1
NEWS_21716,4
NEWS_21717,4
NEWS_21718,4
NEWS_21719,1
NEWS_21720,1
NEWS_21721,4
NEWS_21722,3
NEWS_21723,2
NEWS_21724,3
NEWS_21725,2
NEWS_21726,3
NEWS_21727,1
NEWS_21728,3
NEWS_21729,5
NEWS_21730,5
NEWS_21731,2
NEWS_21732,3
NEWS_21733,4
NEWS_21734,5
NEWS_21735,3
NEWS_21736,4
NEWS_21737,2
NEWS_21738,0
NEWS_21739,0
NEWS_21740,5
NEWS_21741,3
NEWS_21742,0
NEWS_21743,3
NEWS_21744,1
NEWS_21745,2
NEWS_21746,4
NEWS_21747,1
NEWS_21748,3
NEWS_21749,4
NEWS_21750,4
NEWS_21751,5
NEWS_21752,5
NEWS_21753,4
NEWS_21754,1
NEWS_21755,2
NEWS_21756,4
NEWS_21757,4
NEWS_21758,1
NEWS_21759,4
NEWS_21760,3
NEWS_21761,2
NEWS_21762,1
NEWS_21763,3
NEWS_21764,4
NEWS_21765,5
NEWS_21766,4
NEWS_21767,2
NEWS_21768,1
NEWS_21769,3
NEWS_21770,2
NEWS_21771,4
NEWS_21772,4
NEWS_21773,2
NEWS_21774,5
NEWS_21775,3
NEWS_21776,0
NEWS_21777,4
NEWS_21778,3
NEWS_21779,4
NEWS_21780,1
NEWS_21781,4
NEWS_21782,1
NEWS_21783,5
NEWS_21784,1
NEWS_21785,4
NEWS_21786,2
NEWS_21787,5
NEWS_21788,2
NEWS_21789,2
NEWS_21790,5
NEWS_21791,4
NEWS_21792,3
NEWS_21793,4
NEWS_21794,4
NEWS_21795,0
NEWS_21796,4
NEWS_21797,1
NEWS_21798,4
NEWS_21799,0
NEWS_21800,4
NEWS_21801,4
NEWS_21802,5
NEWS_21803,4
NEWS_21804,1
NEWS_21805,1
NEWS_21806,1
NEWS_21807,5
NEWS_21808,4
NEWS_21809,0
NEWS_21810,1
NEWS_21811,1
NEWS_21812,3
NEWS_21813,2
NEWS_21814,4
NEWS_21815,3
NEWS_21816,1
NEWS_21817,1
NEWS_21818,3
NEWS_21819,4
NEWS_21820,1
NEWS_21821,3
NEWS_21822,1
NEWS_21823,3
NEWS_21824,4
NEWS_21825,0
NEWS_21826,1
NEWS_21827,3
NEWS_21828,1
NEWS_21829,5
NEWS_21830,4
NEWS_21831,1
NEWS_21832,3
NEWS_21833,5
NEWS_21834,1
NEWS_21835,5
NEWS_21836,3
NEWS_21837,4
NEWS_21838,3
NEWS_21839,5
NEWS_21840,1
NEWS_21841,4
NEWS_21842,1
NEWS_21843,5
NEWS_21844,1
NEWS_21845,4
NEWS_21846,1
NEWS_21847,2
NEWS_21848,4
NEWS_21849,4
NEWS_21850,5
NEWS_21851,5
NEWS_21852,4
NEWS_21853,3
NEWS_21854,1
NEWS_21855,2
NEWS_21856,4
NEWS_21857,0
NEWS_21858,4
NEWS_21859,3
NEWS_21860,2
NEWS_21861,4
NEWS_21862,4
NEWS_21863,3
NEWS_21864,1
NEWS_21865,5
NEWS_21866,4
NEWS_21867,1
NEWS_21868,1
NEWS_21869,4
NEWS_21870,1
NEWS_21871,2
NEWS_21872,4
NEWS_21873,3
NEWS_21874,5
NEWS_21875,1
NEWS_21876,1
NEWS_21877,3
NEWS_21878,4
NEWS_21879,5
NEWS_21880,4
NEWS_21881,3
NEWS_21882,4
NEWS_21883,5
NEWS_21884,4
NEWS_21885,5
NEWS_21886,0
NEWS_21887,1
NEWS_21888,4
NEWS_21889,4
NEWS_21890,0
NEWS_21891,4
NEWS_21892,3
NEWS_21893,3
NEWS_21894,5
NEWS_21895,5
NEWS_21896,2
NEWS_21897,1
NEWS_21898,3
NEWS_21899,1
NEWS_21900,2
NEWS_21901,3
NEWS_21902,5
NEWS_21903,4
NEWS_21904,2
NEWS_21905,2
NEWS_21906,1
NEWS_21907,1
NEWS_21908,3
NEWS_21909,1
NEWS_21910,4
NEWS_21911,1
NEWS_21912,4
NEWS_21913,1
NEWS_21914,1
NEWS_21915,4
NEWS_21916,2
NEWS_21917,3
NEWS_21918,3
NEWS_21919,3
NEWS_21920,3
NEWS_21921,2
NEWS_21922,5
NEWS_21923,1
NEWS_21924,2
NEWS_21925,4
NEWS_21926,2
NEWS_21927,1
NEWS_21928,0
NEWS_21929,3
NEWS_21930,4
NEWS_21931,1
NEWS_21932,1
NEWS_21933,2
NEWS_21934,1
NEWS_21935,1
NEWS_21936,4
NEWS_21937,3
NEWS_21938,1
NEWS_21939,3
NEWS_21940,4
NEWS_21941,0
NEWS_21942,4
NEWS_21943,5
NEWS_21944,4
NEWS_21945,1
NEWS_21946,1
NEWS_21947,5
NEWS_21948,4
NEWS_21949,4
NEWS_21950,3
NEWS_21951,4
NEWS_21952,4
NEWS_21953,5
NEWS_21954,5
NEWS_21955,4
NEWS_21956,1
NEWS_21957,4
NEWS_21958,5
NEWS_21959,3
NEWS_21960,1
NEWS_21961,4
NEWS_21962,5
NEWS_21963,4
NEWS_21964,3
NEWS_21965,1
NEWS_21966,1
NEWS_21967,0
NEWS_21968,4
NEWS_21969,5
NEWS_21970,4
NEWS_21971,4
NEWS_21972,1
NEWS_21973,2
NEWS_21974,3
NEWS_21975,4
NEWS_21976,3
NEWS_21977,4
NEWS_21978,5
NEWS_21979,1
NEWS_21980,4
NEWS_21981,0
NEWS_21982,1
NEWS_21983,4
NEWS_21984,4
NEWS_21985,3
NEWS_21986,4
NEWS_21987,5
NEWS_21988,4
NEWS_21989,4
NEWS_21990,4
NEWS_21991,2
NEWS_21992,3
NEWS_21993,1
NEWS_21994,1
NEWS_21995,4
NEWS_21996,3
NEWS_21997,3
NEWS_21998,4
NEWS_21999,3
NEWS_22000,3
NEWS_22001,1
NEWS_22002,4
NEWS_22003,3
NEWS_22004,2
NEWS_22005,1
NEWS_22006,4
NEWS_22007,4
NEWS_22008,4
NEWS_22009,1
NEWS_22010,4
NEWS_22011,3
NEWS_22012,2
NEWS_22013,4
NEWS_22014,3
NEWS_22015,2
NEWS_22016,5
NEWS_22017,4
NEWS_22018,2
NEWS_22019,4
NEWS_22020,5
NEWS_22021,4
NEWS_22022,5
NEWS_22023,1
NEWS_22024,4
NEWS_22025,4
NEWS_22026,5
NEWS_22027,1
NEWS_22028,3
NEWS_22029,5
NEWS_22030,3
NEWS_22031,5
NEWS_22032,5
NEWS_22033,5
NEWS_22034,3
NEWS_22035,4
NEWS_22036,4
NEWS_22037,4
NEWS_22038,5
NEWS_22039,4
NEWS_22040,5
NEWS_22041,0
NEWS_22042,1
NEWS_22043,1
NEWS_22044,1
NEWS_22045,1
NEWS_22046,3
NEWS_22047,1
NEWS_22048,0
NEWS_22049,1
NEWS_22050,1
NEWS_22051,4
NEWS_22052,2
NEWS_22053,4
NEWS_22054,4
NEWS_22055,1
NEWS_22056,4
NEWS_22057,4
NEWS_22058,5
NEWS_22059,1
NEWS_22060,1
NEWS_22061,1
NEWS_22062,2
NEWS_22063,5
NEWS_22064,4
NEWS_22065,4
NEWS_22066,3
NEWS_22067,5
NEWS_22068,1
NEWS_22069,4
NEWS_22070,5
NEWS_22071,5
NEWS_22072,5
NEWS_22073,1
NEWS_22074,1
NEWS_22075,5
NEWS_22076,2
NEWS_22077,5
NEWS_22078,1
NEWS_22079,1
NEWS_22080,4
NEWS_22081,3
NEWS_22082,4
NEWS_22083,1
NEWS_22084,4
NEWS_22085,5
NEWS_22086,1
NEWS_22087,4
NEWS_22088,1
NEWS_22089,4
NEWS_22090,4
NEWS_22091,3
NEWS_22092,1
NEWS_22093,4
NEWS_22094,4
NEWS_22095,0
NEWS_22096,4
NEWS_22097,2
NEWS_22098,4
NEWS_22099,5
NEWS_22100,1
NEWS_22101,4
NEWS_22102,1
NEWS_22103,3
NEWS_22104,1
NEWS_22105,1
NEWS_22106,5
NEWS_22107,3
NEWS_22108,1
NEWS_22109,2
NEWS_22110,2
NEWS_22111,5
NEWS_22112,5
NEWS_22113,4
NEWS_22114,3
NEWS_22115,4
NEWS_22116,1
NEWS_22117,4
NEWS_22118,1
NEWS_22119,3
NEWS_22120,4
NEWS_22121,3
NEWS_22122,2
NEWS_22123,4
NEWS_22124,0
NEWS_22125,1
NEWS_22126,4
NEWS_22127,1
NEWS_22128,3
NEWS_22129,2
NEWS_22130,2
NEWS_22131,3
NEWS_22132,4
NEWS_22133,1
NEWS_22134,2
NEWS_22135,1
NEWS_22136,4
NEWS_22137,1
NEWS_22138,5
NEWS_22139,5
NEWS_22140,4
NEWS_22141,4
NEWS_22142,4
NEWS_22143,2
NEWS_22144,3
NEWS_22145,4
NEWS_22146,1
NEWS_22147,4
NEWS_22148,3
NEWS_22149,5
NEWS_22150,4
NEWS_22151,5
NEWS_22152,4
NEWS_22153,4
NEWS_22154,1
NEWS_22155,4
NEWS_22156,4
NEWS_22157,4
NEWS_22158,3
NEWS_22159,1
NEWS_22160,1
NEWS_22161,3
NEWS_22162,5
NEWS_22163,4
NEWS_22164,3
NEWS_22165,4
NEWS_22166,0
NEWS_22167,1
NEWS_22168,2
NEWS_22169,3
NEWS_22170,4
NEWS_22171,1
NEWS_22172,2
NEWS_22173,1
NEWS_22174,5
NEWS_22175,2
NEWS_22176,1
NEWS_22177,0
NEWS_22178,3
NEWS_22179,2
NEWS_22180,4
NEWS_22181,4
NEWS_22182,5
NEWS_22183,3
NEWS_22184,2
NEWS_22185,5
NEWS_22186,5
NEWS_22187,5
NEWS_22188,1
NEWS_22189,3
NEWS_22190,4
NEWS_22191,2
NEWS_22192,3
NEWS_22193,1
NEWS_22194,1
NEWS_22195,3
NEWS_22196,3
NEWS_22197,4
NEWS_22198,4
NEWS_22199,5
NEWS_22200,3
NEWS_22201,5
NEWS_22202,4
NEWS_22203,1
NEWS_22204,4
NEWS_22205,4
NEWS_22206,0
NEWS_22207,3
NEWS_22208,1
NEWS_22209,2
NEWS_22210,4
NEWS_22211,2
NEWS_22212,5
NEWS_22213,4
NEWS_22214,5
NEWS_22215,4
NEWS_22216,2
NEWS_22217,1
NEWS_22218,4
NEWS_22219,5
NEWS_22220,4
NEWS_22221,5
NEWS_22222,4
NEWS_22223,5
NEWS_22224,4
NEWS_22225,4
NEWS_22226,3
NEWS_22227,1
NEWS_22228,1
NEWS_22229,4
NEWS_22230,4
NEWS_22231,3
NEWS_22232,5
NEWS_22233,5
NEWS_22234,1
NEWS_22235,0
NEWS_22236,5
NEWS_22237,2
NEWS_22238,1
NEWS_22239,4
NEWS_22240,1
NEWS_22241,2
NEWS_22242,4
NEWS_22243,4
NEWS_22244,3
NEWS_22245,3
NEWS_22246,5
NEWS_22247,4
NEWS_22248,2
NEWS_22249,2
NEWS_22250,4
NEWS_22251,5
NEWS_22252,1
NEWS_22253,1
NEWS_22254,1
NEWS_22255,3
NEWS_22256,2
NEWS_22257,4
NEWS_22258,5
NEWS_22259,1
NEWS_22260,5
NEWS_22261,1
NEWS_22262,4
NEWS_22263,5
NEWS_22264,2
NEWS_22265,1
NEWS_22266,3
NEWS_22267,2
NEWS_22268,1
NEWS_22269,0
NEWS_22270,5
NEWS_22271,5
NEWS_22272,0
NEWS_22273,2
NEWS_22274,1
NEWS_22275,3
NEWS_22276,2
NEWS_22277,3
NEWS_22278,4
NEWS_22279,4
NEWS_22280,0
NEWS_22281,5
NEWS_22282,3
NEWS_22283,4
NEWS_22284,5
NEWS_22285,3
NEWS_22286,5
NEWS_22287,1
NEWS_22288,3
NEWS_22289,3
NEWS_22290,3
NEWS_22291,4
NEWS_22292,4
NEWS_22293,4
NEWS_22294,2
NEWS_22295,4
NEWS_22296,4
NEWS_22297,0
NEWS_22298,3
NEWS_22299,4
NEWS_22300,4
NEWS_22301,4
NEWS_22302,0
NEWS_22303,5
NEWS_22304,4
NEWS_22305,2
NEWS_22306,3
NEWS_22307,4
NEWS_22308,4
NEWS_22309,1
NEWS_22310,4
NEWS_22311,0
NEWS_22312,1
NEWS_22313,2
NEWS_22314,0
NEWS_22315,4
NEWS_22316,1
NEWS_22317,3
NEWS_22318,2
NEWS_22319,1
NEWS_22320,1
NEWS_22321,2
NEWS_22322,3
NEWS_22323,3
NEWS_22324,4
NEWS_22325,0
NEWS_22326,4
NEWS_22327,3
NEWS_22328,1
NEWS_22329,1
NEWS_22330,2
NEWS_22331,3
NEWS_22332,2
NEWS_22333,5
NEWS_22334,1
NEWS_22335,3
NEWS_22336,1
NEWS_22337,2
NEWS_22338,0
NEWS_22339,4
NEWS_22340,4
NEWS_22341,1
NEWS_22342,4
NEWS_22343,5
NEWS_22344,1
NEWS_22345,5
NEWS_22346,5
NEWS_22347,2
NEWS_22348,2
NEWS_22349,4
NEWS_22350,5
NEWS_22351,4
NEWS_22352,4
NEWS_22353,0
NEWS_22354,5
NEWS_22355,2
NEWS_22356,5
NEWS_22357,1
NEWS_22358,4
NEWS_22359,1
NEWS_22360,2
NEWS_22361,4
NEWS_22362,2
NEWS_22363,2
NEWS_22364,1
NEWS_22365,2
NEWS_22366,4
NEWS_22367,4
NEWS_22368,3
NEWS_22369,0
NEWS_22370,2
NEWS_22371,4
NEWS_22372,0
NEWS_22373,4
NEWS_22374,4
NEWS_22375,1
NEWS_22376,5
NEWS_22377,4
NEWS_22378,3
NEWS_22379,5
NEWS_22380,4
NEWS_22381,2
NEWS_22382,3
NEWS_22383,3
NEWS_22384,2
NEWS_22385,1
NEWS_22386,5
NEWS_22387,4
NEWS_22388,1
NEWS_22389,4
NEWS_22390,0
NEWS_22391,2
NEWS_22392,1
NEWS_22393,1
NEWS_22394,4
NEWS_22395,4
NEWS_22396,4
NEWS_22397,4
NEWS_22398,4
NEWS_22399,1
NEWS_22400,0
NEWS_22401,1
NEWS_22402,4
NEWS_22403,2
NEWS_22404,4
NEWS_22405,1
NEWS_22406,4
NEWS_22407,4
NEWS_22408,4
NEWS_22409,1
NEWS_22410,4
NEWS_22411,4
NEWS_22412,4
NEWS_22413,2
NEWS_22414,1
NEWS_22415,4
NEWS_22416,1
NEWS_22417,3
NEWS_22418,2
NEWS_22419,0
NEWS_22420,1
NEWS_22421,1
NEWS_22422,1
NEWS_22423,2
NEWS_22424,5
NEWS_22425,5
NEWS_22426,4
NEWS_22427,3
NEWS_22428,3
NEWS_22429,3
NEWS_22430,1
NEWS_22431,3
NEWS_22432,4
NEWS_22433,2
NEWS_22434,0
NEWS_22435,4
NEWS_22436,2
NEWS_22437,1
NEWS_22438,3
NEWS_22439,4
NEWS_22440,4
NEWS_22441,1
NEWS_22442,5
NEWS_22443,3
NEWS_22444,2
NEWS_22445,5
NEWS_22446,4
NEWS_22447,2
NEWS_22448,1
NEWS_22449,2
NEWS_22450,3
NEWS_22451,4
NEWS_22452,5
NEWS_22453,5
NEWS_22454,1
NEWS_22455,1
NEWS_22456,1
NEWS_22457,1
NEWS_22458,4
NEWS_22459,3
NEWS_22460,1
NEWS_22461,2
NEWS_22462,4
NEWS_22463,1
NEWS_22464,4
NEWS_22465,4
NEWS_22466,3
NEWS_22467,4
NEWS_22468,0
NEWS_22469,4
NEWS_22470,1
NEWS_22471,2
NEWS_22472,4
NEWS_22473,4
NEWS_22474,4
NEWS_22475,4
NEWS_22476,2
NEWS_22477,2
NEWS_22478,4
NEWS_22479,4
NEWS_22480,3
NEWS_22481,2
NEWS_22482,4
NEWS_22483,5
NEWS_22484,3
NEWS_22485,1
NEWS_22486,4
NEWS_22487,4
NEWS_22488,5
NEWS_22489,3
NEWS_22490,3
NEWS_22491,2
NEWS_22492,1
NEWS_22493,2
NEWS_22494,4
NEWS_22495,3
NEWS_22496,4
NEWS_22497,1
NEWS_22498,1
NEWS_22499,2
NEWS_22500,4
NEWS_22501,1
NEWS_22502,3
NEWS_22503,1
NEWS_22504,1
NEWS_22505,3
NEWS_22506,1
NEWS_22507,3
NEWS_22508,1
NEWS_22509,3
NEWS_22510,2
NEWS_22511,1
NEWS_22512,3
NEWS_22513,4
NEWS_22514,5
NEWS_22515,2
NEWS_22516,3
NEWS_22517,4
NEWS_22518,1
NEWS_22519,3
NEWS_22520,3
NEWS_22521,3
NEWS_22522,2
NEWS_22523,5
NEWS_22524,3
NEWS_22525,2
NEWS_22526,5
NEWS_22527,1
NEWS_22528,4
NEWS_22529,3
NEWS_22530,1
NEWS_22531,1
NEWS_22532,3
NEWS_22533,2
NEWS_22534,4
NEWS_22535,2
NEWS_22536,0
NEWS_22537,0
NEWS_22538,1
NEWS_22539,3
NEWS_22540,1
NEWS_22541,4
NEWS_22542,3
NEWS_22543,5
NEWS_22544,4
NEWS_22545,3
NEWS_22546,5
NEWS_22547,4
NEWS_22548,1
NEWS_22549,1
NEWS_22550,5
NEWS_22551,4
NEWS_22552,1
NEWS_22553,4
NEWS_22554,3
NEWS_22555,5
NEWS_22556,2
NEWS_22557,5
NEWS_22558,5
NEWS_22559,3
NEWS_22560,3
NEWS_22561,4
NEWS_22562,1
NEWS_22563,5
NEWS_22564,1
NEWS_22565,4
NEWS_22566,5
NEWS_22567,5
NEWS_22568,2
NEWS_22569,5
NEWS_22570,3
NEWS_22571,4
NEWS_22572,2
NEWS_22573,2
NEWS_22574,4
NEWS_22575,4
NEWS_22576,5
NEWS_22577,1
NEWS_22578,1
NEWS_22579,1
NEWS_22580,1
NEWS_22581,2
NEWS_22582,1
NEWS_22583,4
NEWS_22584,4
NEWS_22585,2
NEWS_22586,4
NEWS_22587,3
NEWS_22588,4
NEWS_22589,4
NEWS_22590,4
NEWS_22591,5
NEWS_22592,1
NEWS_22593,2
NEWS_22594,2
NEWS_22595,0
NEWS_22596,5
NEWS_22597,1
NEWS_22598,4
NEWS_22599,2
NEWS_22600,5
NEWS_22601,3
NEWS_22602,3
NEWS_22603,2
NEWS_22604,1
NEWS_22605,1
NEWS_22606,2
NEWS_22607,4
NEWS_22608,4
NEWS_22609,0
NEWS_22610,4
NEWS_22611,3
NEWS_22612,4
NEWS_22613,4
NEWS_22614,1
NEWS_22615,5
NEWS_22616,0
NEWS_22617,5
NEWS_22618,1
NEWS_22619,4
NEWS_22620,2
NEWS_22621,0
NEWS_22622,3
NEWS_22623,4
NEWS_22624,3
NEWS_22625,2
NEWS_22626,4
NEWS_22627,1
NEWS_22628,4
NEWS_22629,5
NEWS_22630,5
NEWS_22631,4
NEWS_22632,2
NEWS_22633,1
NEWS_22634,1
NEWS_22635,2
NEWS_22636,4
NEWS_22637,4
NEWS_22638,1
NEWS_22639,5
NEWS_22640,4
NEWS_22641,4
NEWS_22642,4
NEWS_22643,4
NEWS_22644,4
NEWS_22645,1
NEWS_22646,5
NEWS_22647,3
NEWS_22648,5
NEWS_22649,4
NEWS_22650,1
NEWS_22651,1
NEWS_22652,2
NEWS_22653,4
NEWS_22654,3
NEWS_22655,2
NEWS_22656,5
NEWS_22657,4
NEWS_22658,2
NEWS_22659,4
NEWS_22660,3
NEWS_22661,4
NEWS_22662,2
NEWS_22663,4
NEWS_22664,4
NEWS_22665,4
NEWS_22666,4
NEWS_22667,1
NEWS_22668,2
NEWS_22669,5
NEWS_22670,3
NEWS_22671,1
NEWS_22672,3
NEWS_22673,2
NEWS_22674,3
NEWS_22675,1
NEWS_22676,1
NEWS_22677,2
NEWS_22678,3
NEWS_22679,2
NEWS_22680,2
NEWS_22681,4
NEWS_22682,2
NEWS_22683,4
NEWS_22684,4
NEWS_22685,0
NEWS_22686,1
NEWS_22687,2
NEWS_22688,0
NEWS_22689,1
NEWS_22690,3
NEWS_22691,4
NEWS_22692,5
NEWS_22693,1
NEWS_22694,4
NEWS_22695,1
NEWS_22696,4
NEWS_22697,1
NEWS_22698,4
NEWS_22699,1
NEWS_22700,4
NEWS_22701,1
NEWS_22702,1
NEWS_22703,3
NEWS_22704,4
NEWS_22705,3
NEWS_22706,1
NEWS_22707,3
NEWS_22708,4
NEWS_22709,4
NEWS_22710,2
NEWS_22711,4
NEWS_22712,4
NEWS_22713,0
NEWS_22714,4
NEWS_22715,3
NEWS_22716,3
NEWS_22717,2
NEWS_22718,2
NEWS_22719,1
NEWS_22720,1
NEWS_22721,4
NEWS_22722,5
NEWS_22723,4
NEWS_22724,1
NEWS_22725,2
NEWS_22726,3
NEWS_22727,2
NEWS_22728,4
NEWS_22729,2
NEWS_22730,3
NEWS_22731,2
NEWS_22732,3
NEWS_22733,2
NEWS_22734,3
NEWS_22735,2
NEWS_22736,0
NEWS_22737,3
NEWS_22738,1
NEWS_22739,2
NEWS_22740,3
NEWS_22741,1
NEWS_22742,1
NEWS_22743,5
NEWS_22744,2
NEWS_22745,4
NEWS_22746,4
NEWS_22747,4
NEWS_22748,1
NEWS_22749,4
NEWS_22750,3
NEWS_22751,5
NEWS_22752,1
NEWS_22753,3
NEWS_22754,5
NEWS_22755,4
NEWS_22756,3
NEWS_22757,5
NEWS_22758,4
NEWS_22759,5
NEWS_22760,4
NEWS_22761,3
NEWS_22762,5
NEWS_22763,3
NEWS_22764,4
NEWS_22765,4
NEWS_22766,1
NEWS_22767,5
NEWS_22768,1
NEWS_22769,3
NEWS_22770,4
NEWS_22771,5
NEWS_22772,4
NEWS_22773,5
NEWS_22774,2
NEWS_22775,4
NEWS_22776,4
NEWS_22777,3
NEWS_22778,5
NEWS_22779,0
NEWS_22780,4
NEWS_22781,5
NEWS_22782,3
NEWS_22783,4
NEWS_22784,5
NEWS_22785,4
NEWS_22786,2
NEWS_22787,5
NEWS_22788,5
NEWS_22789,1
NEWS_22790,5
NEWS_22791,2
NEWS_22792,4
NEWS_22793,1
NEWS_22794,2
NEWS_22795,1
NEWS_22796,4
NEWS_22797,1
NEWS_22798,4
NEWS_22799,1
NEWS_22800,3
NEWS_22801,4
NEWS_22802,3
NEWS_22803,4
NEWS_22804,4
NEWS_22805,4
NEWS_22806,3
NEWS_22807,5
NEWS_22808,4
NEWS_22809,5
NEWS_22810,3
NEWS_22811,2
NEWS_22812,1
NEWS_22813,3
NEWS_22814,1
NEWS_22815,3
NEWS_22816,2
NEWS_22817,4
NEWS_22818,1
NEWS_22819,1
NEWS_22820,4
NEWS_22821,2
NEWS_22822,2
NEWS_22823,4
NEWS_22824,1
NEWS_22825,1
NEWS_22826,1
NEWS_22827,1
NEWS_22828,1
NEWS_22829,4
NEWS_22830,4
NEWS_22831,1
NEWS_22832,5
NEWS_22833,2
NEWS_22834,2
NEWS_22835,4
NEWS_22836,1
NEWS_22837,3
NEWS_22838,1
NEWS_22839,1
NEWS_22840,2
NEWS_22841,2
NEWS_22842,5
NEWS_22843,4
NEWS_22844,3
NEWS_22845,4
NEWS_22846,5
NEWS_22847,1
NEWS_22848,4
NEWS_22849,4
NEWS_22850,1
NEWS_22851,5
NEWS_22852,3
NEWS_22853,5
NEWS_22854,5
NEWS_22855,1
NEWS_22856,1
NEWS_22857,0
NEWS_22858,4
NEWS_22859,2
NEWS_22860,2
NEWS_22861,4
NEWS_22862,4
NEWS_22863,4
NEWS_22864,3
NEWS_22865,4
NEWS_22866,5
NEWS_22867,0
NEWS_22868,1
NEWS_22869,3
NEWS_22870,3
NEWS_22871,5
NEWS_22872,2
NEWS_22873,3
NEWS_22874,3
NEWS_22875,4
NEWS_22876,2
NEWS_22877,3
NEWS_22878,3
NEWS_22879,3
NEWS_22880,4
NEWS_22881,5
NEWS_22882,3
NEWS_22883,2
NEWS_22884,3
NEWS_22885,4
NEWS_22886,0
NEWS_22887,1
NEWS_22888,5
NEWS_22889,1
NEWS_22890,0
NEWS_22891,5
NEWS_22892,4
NEWS_22893,4
NEWS_22894,4
NEWS_22895,3
NEWS_22896,5
NEWS_22897,4
NEWS_22898,1
NEWS_22899,4
NEWS_22900,1
NEWS_22901,1
NEWS_22902,4
NEWS_22903,2
NEWS_22904,1
NEWS_22905,0
NEWS_22906,4
NEWS_22907,5
NEWS_22908,3
NEWS_22909,4
NEWS_22910,2
NEWS_22911,1
NEWS_22912,4
NEWS_22913,3
NEWS_22914,2
NEWS_22915,0
NEWS_22916,3
NEWS_22917,5
NEWS_22918,4
NEWS_22919,4
NEWS_22920,2
NEWS_22921,2
NEWS_22922,4
NEWS_22923,4
NEWS_22924,4
NEWS_22925,1
NEWS_22926,4
NEWS_22927,2
NEWS_22928,4
NEWS_22929,1
NEWS_22930,3
NEWS_22931,2
NEWS_22932,2
NEWS_22933,4
NEWS_22934,4
NEWS_22935,4
NEWS_22936,4
NEWS_22937,1
NEWS_22938,2
NEWS_22939,2
NEWS_22940,5
NEWS_22941,3
NEWS_22942,3
NEWS_22943,1
NEWS_22944,3
NEWS_22945,4
NEWS_22946,1
NEWS_22947,1
NEWS_22948,5
NEWS_22949,2
NEWS_22950,4
NEWS_22951,3
NEWS_22952,1
NEWS_22953,4
NEWS_22954,3
NEWS_22955,5
NEWS_22956,3
NEWS_22957,3
NEWS_22958,4
NEWS_22959,4
NEWS_22960,4
NEWS_22961,5
NEWS_22962,4
NEWS_22963,4
NEWS_22964,4
NEWS_22965,4
NEWS_22966,4
NEWS_22967,3
NEWS_22968,3
NEWS_22969,1
NEWS_22970,1
NEWS_22971,4
NEWS_22972,4
NEWS_22973,2
NEWS_22974,5
NEWS_22975,3
NEWS_22976,3
NEWS_22977,4
NEWS_22978,4
NEWS_22979,5
NEWS_22980,4
NEWS_22981,3
NEWS_22982,5
NEWS_22983,3
NEWS_22984,4
NEWS_22985,1
NEWS_22986,4
NEWS_22987,4
NEWS_22988,3
NEWS_22989,3
NEWS_22990,5
NEWS_22991,5
NEWS_22992,4
NEWS_22993,3
NEWS_22994,2
NEWS_22995,5
NEWS_22996,1
NEWS_22997,3
NEWS_22998,4
NEWS_22999,4
NEWS_23000,2
NEWS_23001,1
NEWS_23002,3
NEWS_23003,5
NEWS_23004,2
NEWS_23005,1
NEWS_23006,2
NEWS_23007,1
NEWS_23008,2
NEWS_23009,3
NEWS_23010,4
NEWS_23011,2
NEWS_23012,1
NEWS_23013,3
NEWS_23014,5
NEWS_23015,3
NEWS_23016,5
NEWS_23017,2
NEWS_23018,2
NEWS_23019,4
NEWS_23020,0
NEWS_23021,2
NEWS_23022,4
NEWS_23023,2
NEWS_23024,2
NEWS_23025,5
NEWS_23026,5
NEWS_23027,3
NEWS_23028,4
NEWS_23029,3
NEWS_23030,4
NEWS_23031,3
NEWS_23032,2
NEWS_23033,4
NEWS_23034,4
NEWS_23035,4
NEWS_23036,1
NEWS_23037,2
NEWS_23038,4
NEWS_23039,2
NEWS_23040,4
NEWS_23041,0
NEWS_23042,2
NEWS_23043,5
NEWS_23044,5
NEWS_23045,1
NEWS_23046,3
NEWS_23047,5
NEWS_23048,4
NEWS_23049,2
NEWS_23050,5
NEWS_23051,5
NEWS_23052,1
NEWS_23053,4
NEWS_23054,3
NEWS_23055,4
NEWS_23056,1
NEWS_23057,3
NEWS_23058,4
NEWS_23059,4
NEWS_23060,4
NEWS_23061,2
NEWS_23062,4
NEWS_23063,4
NEWS_23064,4
NEWS_23065,5
NEWS_23066,3
NEWS_23067,4
NEWS_23068,4
NEWS_23069,5
NEWS_23070,1
NEWS_23071,5
NEWS_23072,4
NEWS_23073,3
NEWS_23074,2
NEWS_23075,5
NEWS_23076,3
NEWS_23077,1
NEWS_23078,4
NEWS_23079,3
NEWS_23080,3
NEWS_23081,3
NEWS_23082,4
NEWS_23083,2
NEWS_23084,1
NEWS_23085,1
NEWS_23086,0
NEWS_23087,2
NEWS_23088,2
NEWS_23089,0
NEWS_23090,5
NEWS_23091,4
NEWS_23092,5
NEWS_23093,1
NEWS_23094,5
NEWS_23095,1
NEWS_23096,1
NEWS_23097,3
NEWS_23098,4
NEWS_23099,1
NEWS_23100,3
NEWS_23101,3
NEWS_23102,4
NEWS_23103,0
NEWS_23104,5
NEWS_23105,0
NEWS_23106,5
NEWS_23107,3
NEWS_23108,4
NEWS_23109,1
NEWS_23110,4
NEWS_23111,4
NEWS_23112,1
NEWS_23113,0
NEWS_23114,2
NEWS_23115,5
NEWS_23116,2
NEWS_23117,5
NEWS_23118,2
NEWS_23119,5
NEWS_23120,1
NEWS_23121,2
NEWS_23122,2
NEWS_23123,3
NEWS_23124,3
NEWS_23125,4
NEWS_23126,1
NEWS_23127,4
NEWS_23128,3
NEWS_23129,2
NEWS_23130,5
NEWS_23131,4
NEWS_23132,5
NEWS_23133,4
NEWS_23134,1
NEWS_23135,5
NEWS_23136,1
NEWS_23137,3
NEWS_23138,2
NEWS_23139,3
NEWS_23140,4
NEWS_23141,2
NEWS_23142,3
NEWS_23143,3
NEWS_23144,4
NEWS_23145,3
NEWS_23146,4
NEWS_23147,0
NEWS_23148,5
NEWS_23149,5
NEWS_23150,2
NEWS_23151,3
NEWS_23152,1
NEWS_23153,4
NEWS_23154,3
NEWS_23155,2
NEWS_23156,4
NEWS_23157,4
NEWS_23158,4
NEWS_23159,4
NEWS_23160,3
NEWS_23161,3
NEWS_23162,5
NEWS_23163,5
NEWS_23164,3
NEWS_23165,4
NEWS_23166,3
NEWS_23167,4
NEWS_23168,5
NEWS_23169,4
NEWS_23170,3
NEWS_23171,3
NEWS_23172,1
NEWS_23173,5
NEWS_23174,1
NEWS_23175,3
NEWS_23176,4
NEWS_23177,3
NEWS_23178,1
NEWS_23179,0
NEWS_23180,1
NEWS_23181,1
NEWS_23182,1
NEWS_23183,3
NEWS_23184,3
NEWS_23185,3
NEWS_23186,4
NEWS_23187,4
NEWS_23188,4
NEWS_23189,5
NEWS_23190,4
NEWS_23191,1
NEWS_23192,4
NEWS_23193,4
NEWS_23194,4
NEWS_23195,1
NEWS_23196,3
NEWS_23197,4
NEWS_23198,5
NEWS_23199,4
NEWS_23200,4
NEWS_23201,2
NEWS_23202,5
NEWS_23203,4
NEWS_23204,5
NEWS_23205,2
NEWS_23206,2
NEWS_23207,1
NEWS_23208,0
NEWS_23209,2
NEWS_23210,5
NEWS_23211,4
NEWS_23212,3
NEWS_23213,0
NEWS_23214,4
NEWS_23215,3
NEWS_23216,4
NEWS_23217,5
NEWS_23218,3
NEWS_23219,4
NEWS_23220,5
NEWS_23221,1
NEWS_23222,2
NEWS_23223,3
NEWS_23224,5
NEWS_23225,0
NEWS_23226,3
NEWS_23227,2
NEWS_23228,2
NEWS_23229,1
NEWS_23230,2
NEWS_23231,4
NEWS_23232,5
NEWS_23233,2
NEWS_23234,5
NEWS_23235,2
NEWS_23236,4
NEWS_23237,5
NEWS_23238,1
NEWS_23239,1
NEWS_23240,0
NEWS_23241,4
NEWS_23242,3
NEWS_23243,3
NEWS_23244,4
NEWS_23245,5
NEWS_23246,1
NEWS_23247,5
NEWS_23248,5
NEWS_23249,4
NEWS_23250,4
NEWS_23251,1
NEWS_23252,2
NEWS_23253,4
NEWS_23254,5
NEWS_23255,1
NEWS_23256,3
NEWS_23257,4
NEWS_23258,4
NEWS_23259,4
NEWS_23260,3
NEWS_23261,4
NEWS_23262,4
NEWS_23263,5
NEWS_23264,2
NEWS_23265,0
NEWS_23266,4
NEWS_23267,0
NEWS_23268,4
NEWS_23269,3
NEWS_23270,1
NEWS_23271,3
NEWS_23272,2
NEWS_23273,0
NEWS_23274,4
NEWS_23275,4
NEWS_23276,4
NEWS_23277,2
NEWS_23278,3
NEWS_23279,4
NEWS_23280,4
NEWS_23281,5
NEWS_23282,5
NEWS_23283,5
NEWS_23284,4
NEWS_23285,4
NEWS_23286,5
NEWS_23287,1
NEWS_23288,3
NEWS_23289,2
NEWS_23290,3
NEWS_23291,4
NEWS_23292,3
NEWS_23293,2
NEWS_23294,1
NEWS_23295,3
NEWS_23296,3
NEWS_23297,3
NEWS_23298,1
NEWS_23299,3
NEWS_23300,4
NEWS_23301,4
NEWS_23302,1
NEWS_23303,5
NEWS_23304,3
NEWS_23305,1
NEWS_23306,1
NEWS_23307,3
NEWS_23308,2
NEWS_23309,2
NEWS_23310,1
NEWS_23311,3
NEWS_23312,3
NEWS_23313,1
NEWS_23314,2
NEWS_23315,4
NEWS_23316,5
NEWS_23317,1
NEWS_23318,0
NEWS_23319,3
NEWS_23320,3
NEWS_23321,4
NEWS_23322,2
NEWS_23323,3
NEWS_23324,3
NEWS_23325,4
NEWS_23326,1
NEWS_23327,3
NEWS_23328,2
NEWS_23329,2
NEWS_23330,4
NEWS_23331,4
NEWS_23332,3
NEWS_23333,5
NEWS_23334,5
NEWS_23335,4
NEWS_23336,1
NEWS_23337,3
NEWS_23338,5
NEWS_23339,3
NEWS_23340,3
NEWS_23341,4
NEWS_23342,2
NEWS_23343,3
NEWS_23344,1
NEWS_23345,2
NEWS_23346,4
NEWS_23347,4
NEWS_23348,1
NEWS_23349,4
NEWS_23350,3
NEWS_23351,4
NEWS_23352,1
NEWS_23353,1
NEWS_23354,4
NEWS_23355,1
NEWS_23356,5
NEWS_23357,4
NEWS_23358,1
NEWS_23359,3
NEWS_23360,4
NEWS_23361,2
NEWS_23362,2
NEWS_23363,3
NEWS_23364,5
NEWS_23365,5
NEWS_23366,4
NEWS_23367,2
NEWS_23368,5
NEWS_23369,0
NEWS_23370,3
NEWS_23371,0
NEWS_23372,3
NEWS_23373,5
NEWS_23374,1
NEWS_23375,3
NEWS_23376,3
NEWS_23377,1
NEWS_23378,1
NEWS_23379,2
NEWS_23380,4
NEWS_23381,1
NEWS_23382,4
NEWS_23383,4
NEWS_23384,3
NEWS_23385,3
NEWS_23386,4
NEWS_23387,1
NEWS_23388,1
NEWS_23389,3
NEWS_23390,4
NEWS_23391,1
NEWS_23392,1
NEWS_23393,3
NEWS_23394,5
NEWS_23395,3
NEWS_23396,3
NEWS_23397,4
NEWS_23398,4
NEWS_23399,4
NEWS_23400,4
NEWS_23401,3
NEWS_23402,4
NEWS_23403,4
NEWS_23404,4
NEWS_23405,3
NEWS_23406,4
NEWS_23407,1
NEWS_23408,3
NEWS_23409,3
NEWS_23410,4
NEWS_23411,1
NEWS_23412,3
NEWS_23413,4
NEWS_23414,2
NEWS_23415,2
NEWS_23416,2
NEWS_23417,4
NEWS_23418,1
NEWS_23419,5
NEWS_23420,2
NEWS_23421,1
NEWS_23422,1
NEWS_23423,2
NEWS_23424,2
NEWS_23425,4
NEWS_23426,3
NEWS_23427,4
NEWS_23428,1
NEWS_23429,4
NEWS_23430,2
NEWS_23431,3
NEWS_23432,1
NEWS_23433,4
NEWS_23434,4
NEWS_23435,4
NEWS_23436,1
NEWS_23437,0
NEWS_23438,1
NEWS_23439,4
NEWS_23440,2
NEWS_23441,4
NEWS_23442,2
NEWS_23443,5
NEWS_23444,3
NEWS_23445,5
NEWS_23446,4
NEWS_23447,1
NEWS_23448,5
NEWS_23449,5
NEWS_23450,5
NEWS_23451,1
NEWS_23452,1
NEWS_23453,1
NEWS_23454,4
NEWS_23455,4
NEWS_23456,4
NEWS_23457,4
NEWS_23458,5
NEWS_23459,0
NEWS_23460,1
NEWS_23461,2
NEWS_23462,4
NEWS_23463,5
NEWS_23464,5
NEWS_23465,5
NEWS_23466,4
NEWS_23467,2
NEWS_23468,2
NEWS_23469,1
NEWS_23470,3
NEWS_23471,4
NEWS_23472,1
NEWS_23473,4
NEWS_23474,1
NEWS_23475,0
NEWS_23476,3
NEWS_23477,4
NEWS_23478,4
NEWS_23479,3
NEWS_23480,1
NEWS_23481,4
NEWS_23482,2
NEWS_23483,3
NEWS_23484,2
NEWS_23485,2
NEWS_23486,4
NEWS_23487,5
NEWS_23488,4
NEWS_23489,5
NEWS_23490,5
NEWS_23491,1
NEWS_23492,1
NEWS_23493,0
NEWS_23494,3
NEWS_23495,1
NEWS_23496,3
NEWS_23497,4
NEWS_23498,5
NEWS_23499,3
NEWS_23500,3
NEWS_23501,1
NEWS_23502,3
NEWS_23503,4
NEWS_23504,1
NEWS_23505,5
NEWS_23506,5
NEWS_23507,2
NEWS_23508,3
NEWS_23509,4
NEWS_23510,5
NEWS_23511,4
NEWS_23512,4
NEWS_23513,1
NEWS_23514,5
NEWS_23515,4
NEWS_23516,4
NEWS_23517,4
NEWS_23518,1
NEWS_23519,5
NEWS_23520,5
NEWS_23521,1
NEWS_23522,3
NEWS_23523,0
NEWS_23524,4
NEWS_23525,4
NEWS_23526,3
NEWS_23527,5
NEWS_23528,1
NEWS_23529,1
NEWS_23530,3
NEWS_23531,4
NEWS_23532,0
NEWS_23533,4
NEWS_23534,1
NEWS_23535,2
NEWS_23536,1
NEWS_23537,2
NEWS_23538,4
NEWS_23539,5
NEWS_23540,0
NEWS_23541,3
NEWS_23542,3
NEWS_23543,0
NEWS_23544,3
NEWS_23545,0
NEWS_23546,4
NEWS_23547,5
NEWS_23548,5
NEWS_23549,2
NEWS_23550,4
NEWS_23551,5
NEWS_23552,4
NEWS_23553,5
NEWS_23554,2
NEWS_23555,4
NEWS_23556,4
NEWS_23557,4
NEWS_23558,5
NEWS_23559,1
NEWS_23560,4
NEWS_23561,4
NEWS_23562,0
NEWS_23563,1
NEWS_23564,2
NEWS_23565,3
NEWS_23566,4
NEWS_23567,1
NEWS_23568,2
NEWS_23569,0
NEWS_23570,4
NEWS_23571,4
NEWS_23572,2
NEWS_23573,5
NEWS_23574,1
NEWS_23575,2
NEWS_23576,1
NEWS_23577,0
NEWS_23578,1
NEWS_23579,1
NEWS_23580,1
NEWS_23581,4
NEWS_23582,2
NEWS_23583,2
NEWS_23584,4
NEWS_23585,5
NEWS_23586,0
NEWS_23587,4
NEWS_23588,5
NEWS_23589,1
NEWS_23590,2
NEWS_23591,2
NEWS_23592,1
NEWS_23593,0
NEWS_23594,1
NEWS_23595,4
NEWS_23596,4
NEWS_23597,2
NEWS_23598,5
NEWS_23599,3
NEWS_23600,4
NEWS_23601,3
NEWS_23602,1
NEWS_23603,1
NEWS_23604,1
NEWS_23605,4
NEWS_23606,4
NEWS_23607,5
NEWS_23608,4
NEWS_23609,4
NEWS_23610,1
NEWS_23611,4
NEWS_23612,4
NEWS_23613,1
NEWS_23614,3
NEWS_23615,4
NEWS_23616,1
NEWS_23617,5
NEWS_23618,3
NEWS_23619,2
NEWS_23620,3
NEWS_23621,1
NEWS_23622,3
NEWS_23623,5
NEWS_23624,5
NEWS_23625,3
NEWS_23626,4
NEWS_23627,1
NEWS_23628,2
NEWS_23629,5
NEWS_23630,3
NEWS_23631,1
NEWS_23632,5
NEWS_23633,3
NEWS_23634,1
NEWS_23635,1
NEWS_23636,3
NEWS_23637,1
NEWS_23638,5
NEWS_23639,2
NEWS_23640,4
NEWS_23641,4
NEWS_23642,4
NEWS_23643,1
NEWS_23644,3
NEWS_23645,2
NEWS_23646,4
NEWS_23647,5
NEWS_23648,4
NEWS_23649,4
NEWS_23650,5
NEWS_23651,2
NEWS_23652,2
NEWS_23653,5
NEWS_23654,0
NEWS_23655,4
NEWS_23656,0
NEWS_23657,4
NEWS_23658,5
NEWS_23659,4
NEWS_23660,2
NEWS_23661,4
NEWS_23662,5
NEWS_23663,1
NEWS_23664,5
NEWS_23665,1
NEWS_23666,4
NEWS_23667,3
NEWS_23668,2
NEWS_23669,3
NEWS_23670,0
NEWS_23671,4
NEWS_23672,1
NEWS_23673,1
NEWS_23674,0
NEWS_23675,5
NEWS_23676,1
NEWS_23677,1
NEWS_23678,3
NEWS_23679,5
NEWS_23680,1
NEWS_23681,3
NEWS_23682,1
NEWS_23683,1
NEWS_23684,1
NEWS_23685,4
NEWS_23686,0
NEWS_23687,4
NEWS_23688,2
NEWS_23689,4
NEWS_23690,5
NEWS_23691,4
NEWS_23692,4
NEWS_23693,0
NEWS_23694,3
NEWS_23695,5
NEWS_23696,2
NEWS_23697,4
NEWS_23698,4
NEWS_23699,4
NEWS_23700,2
NEWS_23701,1
NEWS_23702,1
NEWS_23703,3
NEWS_23704,2
NEWS_23705,4
NEWS_23706,3
NEWS_23707,3
NEWS_23708,4
NEWS_23709,4
NEWS_23710,0
NEWS_23711,0
NEWS_23712,1
NEWS_23713,3
NEWS_23714,4
NEWS_23715,2
NEWS_23716,4
NEWS_23717,4
NEWS_23718,5
NEWS_23719,3
NEWS_23720,3
NEWS_23721,3
NEWS_23722,0
NEWS_23723,1
NEWS_23724,3
NEWS_23725,4
NEWS_23726,1
NEWS_23727,4
NEWS_23728,1
NEWS_23729,4
NEWS_23730,2
NEWS_23731,0
NEWS_23732,5
NEWS_23733,1
NEWS_23734,5
NEWS_23735,4
NEWS_23736,5
NEWS_23737,3
NEWS_23738,5
NEWS_23739,4
NEWS_23740,5
NEWS_23741,1
NEWS_23742,4
NEWS_23743,4
NEWS_23744,4
NEWS_23745,1
NEWS_23746,4
NEWS_23747,5
NEWS_23748,2
NEWS_23749,1
NEWS_23750,5
NEWS_23751,3
NEWS_23752,2
NEWS_23753,1
NEWS_23754,5
NEWS_23755,5
NEWS_23756,5
NEWS_23757,5
NEWS_23758,4
NEWS_23759,3
NEWS_23760,4
NEWS_23761,5
NEWS_23762,4
NEWS_23763,4
NEWS_23764,1
NEWS_23765,3
NEWS_23766,3
NEWS_23767,5
NEWS_23768,4
NEWS_23769,2
NEWS_23770,5
NEWS_23771,3
NEWS_23772,4
NEWS_23773,0
NEWS_23774,3
NEWS_23775,3
NEWS_23776,5
NEWS_23777,5
NEWS_23778,1
NEWS_23779,4
NEWS_23780,4
NEWS_23781,3
NEWS_23782,4
NEWS_23783,4
NEWS_23784,1
NEWS_23785,4
NEWS_23786,5
NEWS_23787,4
NEWS_23788,5
NEWS_23789,2
NEWS_23790,4
NEWS_23791,4
NEWS_23792,4
NEWS_23793,2
NEWS_23794,2
NEWS_23795,5
NEWS_23796,2
NEWS_23797,4
NEWS_23798,0
NEWS_23799,3
NEWS_23800,2
NEWS_23801,4
NEWS_23802,4
NEWS_23803,5
NEWS_23804,2
NEWS_23805,5
NEWS_23806,5
NEWS_23807,5
NEWS_23808,4
NEWS_23809,4
NEWS_23810,3
NEWS_23811,4
NEWS_23812,1
NEWS_23813,1
NEWS_23814,2
NEWS_23815,3
NEWS_23816,0
NEWS_23817,1
NEWS_23818,4
NEWS_23819,4
NEWS_23820,3
NEWS_23821,1
NEWS_23822,4
NEWS_23823,4
NEWS_23824,2
NEWS_23825,4
NEWS_23826,2
NEWS_23827,3
NEWS_23828,4
NEWS_23829,3
NEWS_23830,4
NEWS_23831,2
NEWS_23832,1
NEWS_23833,3
NEWS_23834,0
NEWS_23835,4
NEWS_23836,4
NEWS_23837,4
NEWS_23838,4
NEWS_23839,4
NEWS_23840,2
NEWS_23841,1
NEWS_23842,4
NEWS_23843,3
NEWS_23844,4
NEWS_23845,3
NEWS_23846,5
NEWS_23847,2
NEWS_23848,4
NEWS_23849,4
NEWS_23850,2
NEWS_23851,3
NEWS_23852,2
NEWS_23853,3
NEWS_23854,0
NEWS_23855,2
NEWS_23856,3
NEWS_23857,4
NEWS_23858,2
NEWS_23859,4
NEWS_23860,0
NEWS_23861,4
NEWS_23862,4
NEWS_23863,4
NEWS_23864,2
NEWS_23865,3
NEWS_23866,1
NEWS_23867,4
NEWS_23868,1
NEWS_23869,3
NEWS_23870,3
NEWS_23871,2
NEWS_23872,4
NEWS_23873,2
NEWS_23874,1
NEWS_23875,3
NEWS_23876,3
NEWS_23877,3
NEWS_23878,4
NEWS_23879,0
NEWS_23880,4
NEWS_23881,4
NEWS_23882,3
NEWS_23883,2
NEWS_23884,4
NEWS_23885,5
NEWS_23886,5
NEWS_23887,1
NEWS_23888,3
NEWS_23889,5
NEWS_23890,3
NEWS_23891,3
NEWS_23892,5
NEWS_23893,5
NEWS_23894,0
NEWS_23895,3
NEWS_23896,4
NEWS_23897,5
NEWS_23898,0
NEWS_23899,5
NEWS_23900,3
NEWS_23901,4
NEWS_23902,3
NEWS_23903,2
NEWS_23904,3
NEWS_23905,4
NEWS_23906,4
NEWS_23907,4
NEWS_23908,5
NEWS_23909,4
NEWS_23910,1
NEWS_23911,4
NEWS_23912,4
NEWS_23913,4
NEWS_23914,2
NEWS_23915,1
NEWS_23916,3
NEWS_23917,3
NEWS_23918,1
NEWS_23919,5
NEWS_23920,0
NEWS_23921,1
NEWS_23922,4
NEWS_23923,2
NEWS_23924,3
NEWS_23925,0
NEWS_23926,4
NEWS_23927,4
NEWS_23928,3
NEWS_23929,4
NEWS_23930,2
NEWS_23931,1
NEWS_23932,2
NEWS_23933,4
NEWS_23934,1
NEWS_23935,2
NEWS_23936,5
NEWS_23937,1
NEWS_23938,1
NEWS_23939,5
NEWS_23940,4
NEWS_23941,5
NEWS_23942,1
NEWS_23943,3
NEWS_23944,5
NEWS_23945,2
NEWS_23946,4
NEWS_23947,3
NEWS_23948,5
NEWS_23949,3
NEWS_23950,4
NEWS_23951,4
NEWS_23952,5
NEWS_23953,1
NEWS_23954,3
NEWS_23955,3
NEWS_23956,1
NEWS_23957,4
NEWS_23958,5
NEWS_23959,3
NEWS_23960,1
NEWS_23961,4
NEWS_23962,1
NEWS_23963,5
NEWS_23964,1
NEWS_23965,5
NEWS_23966,5
NEWS_23967,3
NEWS_23968,2
NEWS_23969,5
NEWS_23970,4
NEWS_23971,4
NEWS_23972,5
NEWS_23973,4
NEWS_23974,0
NEWS_23975,4
NEWS_23976,1
NEWS_23977,4
NEWS_23978,4
NEWS_23979,1
NEWS_23980,4
NEWS_23981,3
NEWS_23982,3
NEWS_23983,1
NEWS_23984,4
NEWS_23985,3
NEWS_23986,4
NEWS_23987,2
NEWS_23988,2
NEWS_23989,4
NEWS_23990,5
NEWS_23991,3
NEWS_23992,5
NEWS_23993,0
NEWS_23994,1
NEWS_23995,2
NEWS_23996,4
NEWS_23997,2
NEWS_23998,4
NEWS_23999,2
NEWS_24000,5
NEWS_24001,4
NEWS_24002,5
NEWS_24003,1
NEWS_24004,5
NEWS_24005,3
NEWS_24006,4
NEWS_24007,2
NEWS_24008,4
NEWS_24009,5
NEWS_24010,4
NEWS_24011,3
NEWS_24012,0
NEWS_24013,3
NEWS_24014,1
NEWS_24015,4
NEWS_24016,2
NEWS_24017,1
NEWS_24018,5
NEWS_24019,4
NEWS_24020,1
NEWS_24021,4
NEWS_24022,3
NEWS_24023,4
NEWS_24024,0
NEWS_24025,5
NEWS_24026,1
NEWS_24027,4
NEWS_24028,0
NEWS_24029,0
NEWS_24030,3
NEWS_24031,2
NEWS_24032,5
NEWS_24033,4
NEWS_24034,1
NEWS_24035,4
NEWS_24036,4
NEWS_24037,0
NEWS_24038,1
NEWS_24039,4
NEWS_24040,1
NEWS_24041,4
NEWS_24042,2
NEWS_24043,1
NEWS_24044,0
NEWS_24045,5
NEWS_24046,3
NEWS_24047,1
NEWS_24048,0
NEWS_24049,4
NEWS_24050,3
NEWS_24051,5
NEWS_24052,1
NEWS_24053,4
NEWS_24054,2
NEWS_24055,4
NEWS_24056,3
NEWS_24057,3
NEWS_24058,3
NEWS_24059,1
NEWS_24060,3
NEWS_24061,1
NEWS_24062,4
NEWS_24063,3
NEWS_24064,4
NEWS_24065,3
NEWS_24066,1
NEWS_24067,4
NEWS_24068,2
NEWS_24069,2
NEWS_24070,0
NEWS_24071,1
NEWS_24072,4
NEWS_24073,3
NEWS_24074,1
NEWS_24075,1
NEWS_24076,4
NEWS_24077,4
NEWS_24078,1
NEWS_24079,4
NEWS_24080,3
NEWS_24081,3
NEWS_24082,4
NEWS_24083,4
NEWS_24084,3
NEWS_24085,4
NEWS_24086,0
NEWS_24087,4
NEWS_24088,2
NEWS_24089,1
NEWS_24090,4
NEWS_24091,2
NEWS_24092,5
NEWS_24093,3
NEWS_24094,5
NEWS_24095,4
NEWS_24096,1
NEWS_24097,4
NEWS_24098,4
NEWS_24099,3
NEWS_24100,0
NEWS_24101,3
NEWS_24102,3
NEWS_24103,2
NEWS_24104,3
NEWS_24105,1
NEWS_24106,5
NEWS_24107,0
NEWS_24108,0
NEWS_24109,4
NEWS_24110,3
NEWS_24111,5
NEWS_24112,1
NEWS_24113,4
NEWS_24114,5
NEWS_24115,4
NEWS_24116,3
NEWS_24117,5
NEWS_24118,4
NEWS_24119,1
NEWS_24120,1
NEWS_24121,1
NEWS_24122,4
NEWS_24123,0
NEWS_24124,3
NEWS_24125,1
NEWS_24126,3
NEWS_24127,4
NEWS_24128,3
NEWS_24129,5
NEWS_24130,3
NEWS_24131,2
NEWS_24132,4
NEWS_24133,3
NEWS_24134,3
NEWS_24135,4
NEWS_24136,4
NEWS_24137,2
NEWS_24138,0
NEWS_24139,2
NEWS_24140,5
NEWS_24141,1
NEWS_24142,2
NEWS_24143,1
NEWS_24144,2
NEWS_24145,2
NEWS_24146,5
NEWS_24147,1
NEWS_24148,5
NEWS_24149,5
NEWS_24150,3
NEWS_24151,5
NEWS_24152,1
NEWS_24153,0
NEWS_24154,3
NEWS_24155,2
NEWS_24156,1
NEWS_24157,4
NEWS_24158,2
NEWS_24159,4
NEWS_24160,4
NEWS_24161,4
NEWS_24162,1
NEWS_24163,5
NEWS_24164,4
NEWS_24165,2
NEWS_24166,1
NEWS_24167,4
NEWS_24168,1
NEWS_24169,2
NEWS_24170,1
NEWS_24171,1
NEWS_24172,1
NEWS_24173,4
NEWS_24174,4
NEWS_24175,4
NEWS_24176,5
NEWS_24177,4
NEWS_24178,1
NEWS_24179,0
NEWS_24180,1
NEWS_24181,1
NEWS_24182,4
NEWS_24183,3
NEWS_24184,2
NEWS_24185,4
NEWS_24186,5
NEWS_24187,3
NEWS_24188,1
NEWS_24189,2
NEWS_24190,4
NEWS_24191,4
NEWS_24192,3
NEWS_24193,3
NEWS_24194,0
NEWS_24195,5
NEWS_24196,4
NEWS_24197,2
NEWS_24198,2
NEWS_24199,4
NEWS_24200,2
NEWS_24201,0
NEWS_24202,4
NEWS_24203,4
NEWS_24204,1
NEWS_24205,2
NEWS_24206,5
NEWS_24207,5
NEWS_24208,1
NEWS_24209,4
NEWS_24210,1
NEWS_24211,4
NEWS_24212,3
NEWS_24213,1
NEWS_24214,2
NEWS_24215,1
NEWS_24216,4
NEWS_24217,3
NEWS_24218,1
NEWS_24219,1
NEWS_24220,0
NEWS_24221,5
NEWS_24222,2
NEWS_24223,5
NEWS_24224,2
NEWS_24225,5
NEWS_24226,5
NEWS_24227,0
NEWS_24228,3
NEWS_24229,2
NEWS_24230,5
NEWS_24231,4
NEWS_24232,3
NEWS_24233,2
NEWS_24234,3
NEWS_24235,4
NEWS_24236,4
NEWS_24237,1
NEWS_24238,3
NEWS_24239,3
NEWS_24240,4
NEWS_24241,4
NEWS_24242,4
NEWS_24243,4
NEWS_24244,4
NEWS_24245,1
NEWS_24246,3
NEWS_24247,5
NEWS_24248,3
NEWS_24249,1
NEWS_24250,4
NEWS_24251,4
NEWS_24252,4
NEWS_24253,4
NEWS_24254,5
NEWS_24255,1
NEWS_24256,2
NEWS_24257,1
NEWS_24258,4
NEWS_24259,3
NEWS_24260,4
NEWS_24261,2
NEWS_24262,1
NEWS_24263,3
NEWS_24264,1
NEWS_24265,4
NEWS_24266,5
NEWS_24267,5
NEWS_24268,0
NEWS_24269,1
NEWS_24270,1
NEWS_24271,5
NEWS_24272,0
NEWS_24273,3
NEWS_24274,2
NEWS_24275,4
NEWS_24276,4
NEWS_24277,2
NEWS_24278,4
NEWS_24279,2
NEWS_24280,5
NEWS_24281,2
NEWS_24282,2
NEWS_24283,4
NEWS_24284,4
NEWS_24285,3
NEWS_24286,4
NEWS_24287,1
NEWS_24288,5
NEWS_24289,4
NEWS_24290,1
NEWS_24291,5
NEWS_24292,0
NEWS_24293,5
NEWS_24294,4
NEWS_24295,4
NEWS_24296,0
NEWS_24297,1
NEWS_24298,1
NEWS_24299,1
NEWS_24300,4
NEWS_24301,4
NEWS_24302,2
NEWS_24303,3
NEWS_24304,4
NEWS_24305,4
NEWS_24306,3
NEWS_24307,4
NEWS_24308,3
NEWS_24309,1
NEWS_24310,2
NEWS_24311,5
NEWS_24312,2
NEWS_24313,1
NEWS_24314,4
NEWS_24315,5
NEWS_24316,5
NEWS_24317,4
NEWS_24318,2
NEWS_24319,4
NEWS_24320,2
NEWS_24321,4
NEWS_24322,3
NEWS_24323,3
NEWS_24324,3
NEWS_24325,5
NEWS_24326,1
NEWS_24327,1
NEWS_24328,4
NEWS_24329,4
NEWS_24330,5
NEWS_24331,5
NEWS_24332,4
NEWS_24333,5
NEWS_24334,4
NEWS_24335,3
NEWS_24336,3
NEWS_24337,4
NEWS_24338,3
NEWS_24339,3
NEWS_24340,4
NEWS_24341,3
NEWS_24342,1
NEWS_24343,2
NEWS_24344,2
NEWS_24345,2
NEWS_24346,0
NEWS_24347,3
NEWS_24348,5
NEWS_24349,1
NEWS_24350,5
NEWS_24351,4
NEWS_24352,3
NEWS_24353,4
NEWS_24354,5
NEWS_24355,5
NEWS_24356,4
NEWS_24357,2
NEWS_24358,1
NEWS_24359,0
NEWS_24360,4
NEWS_24361,0
NEWS_24362,1
NEWS_24363,1
NEWS_24364,5
NEWS_24365,5
NEWS_24366,2
NEWS_24367,4
NEWS_24368,1
NEWS_24369,2
NEWS_24370,4
NEWS_24371,4
NEWS_24372,4
NEWS_24373,4
NEWS_24374,1
NEWS_24375,1
NEWS_24376,4
NEWS_24377,4
NEWS_24378,5
NEWS_24379,3
NEWS_24380,4
NEWS_24381,1
NEWS_24382,0
NEWS_24383,5
NEWS_24384,1
NEWS_24385,4
NEWS_24386,4
NEWS_24387,4
NEWS_24388,5
NEWS_24389,2
NEWS_24390,5
NEWS_24391,4
NEWS_24392,4
NEWS_24393,4
NEWS_24394,4
NEWS_24395,4
NEWS_24396,1
NEWS_24397,4
NEWS_24398,4
NEWS_24399,1
NEWS_24400,1
NEWS_24401,1
NEWS_24402,5
NEWS_24403,4
NEWS_24404,5
NEWS_24405,2
NEWS_24406,1
NEWS_24407,3
NEWS_24408,1
NEWS_24409,4
NEWS_24410,5
NEWS_24411,2
NEWS_24412,4
NEWS_24413,4
NEWS_24414,5
NEWS_24415,1
NEWS_24416,1
NEWS_24417,5
NEWS_24418,3
NEWS_24419,0
NEWS_24420,4
NEWS_24421,4
NEWS_24422,3
NEWS_24423,4
NEWS_24424,3
NEWS_24425,1
NEWS_24426,0
NEWS_24427,1
NEWS_24428,3
NEWS_24429,5
NEWS_24430,3
NEWS_24431,2
NEWS_24432,3
NEWS_24433,5
NEWS_24434,4
NEWS_24435,4
NEWS_24436,0
NEWS_24437,4
NEWS_24438,4
NEWS_24439,0
NEWS_24440,1
NEWS_24441,2
NEWS_24442,1
NEWS_24443,3
NEWS_24444,3
NEWS_24445,0
NEWS_24446,1
NEWS_24447,1
NEWS_24448,4
NEWS_24449,4
NEWS_24450,5
NEWS_24451,3
NEWS_24452,4
NEWS_24453,5
NEWS_24454,2
NEWS_24455,4
NEWS_24456,5
NEWS_24457,3
NEWS_24458,3
NEWS_24459,4
NEWS_24460,2
NEWS_24461,4
NEWS_24462,4
NEWS_24463,3
NEWS_24464,5
NEWS_24465,0
NEWS_24466,5
NEWS_24467,5
NEWS_24468,5
NEWS_24469,3
NEWS_24470,5
NEWS_24471,4
NEWS_24472,2
NEWS_24473,3
NEWS_24474,3
NEWS_24475,4
NEWS_24476,5
NEWS_24477,3
NEWS_24478,4
NEWS_24479,1
NEWS_24480,4
NEWS_24481,1
NEWS_24482,4
NEWS_24483,1
NEWS_24484,5
NEWS_24485,3
NEWS_24486,5
NEWS_24487,4
NEWS_24488,5
NEWS_24489,1
NEWS_24490,4
NEWS_24491,3
NEWS_24492,3
NEWS_24493,4
NEWS_24494,5
NEWS_24495,3
NEWS_24496,5
NEWS_24497,4
NEWS_24498,2
NEWS_24499,3
NEWS_24500,5
NEWS_24501,1
NEWS_24502,1
NEWS_24503,1
NEWS_24504,2
NEWS_24505,2
NEWS_24506,1
NEWS_24507,4
NEWS_24508,5
NEWS_24509,4
NEWS_24510,3
NEWS_24511,4
NEWS_24512,3
NEWS_24513,2
NEWS_24514,4
NEWS_24515,0
NEWS_24516,2
NEWS_24517,5
NEWS_24518,5
NEWS_24519,4
NEWS_24520,5
NEWS_24521,2
NEWS_24522,5
NEWS_24523,4
NEWS_24524,5
NEWS_24525,4
NEWS_24526,3
NEWS_24527,2
NEWS_24528,1
NEWS_24529,4
NEWS_24530,4
NEWS_24531,5
NEWS_24532,1
NEWS_24533,4
NEWS_24534,1
NEWS_24535,1
NEWS_24536,1
NEWS_24537,4
NEWS_24538,3
NEWS_24539,5
NEWS_24540,2
NEWS_24541,3
NEWS_24542,1
NEWS_24543,3
NEWS_24544,1
NEWS_24545,4
NEWS_24546,2
NEWS_24547,2
NEWS_24548,1
NEWS_24549,5
NEWS_24550,5
NEWS_24551,4
NEWS_24552,3
NEWS_24553,3
NEWS_24554,3
NEWS_24555,1
NEWS_24556,3
NEWS_24557,4
NEWS_24558,2
NEWS_24559,5
NEWS_24560,2
NEWS_24561,2
NEWS_24562,1
NEWS_24563,5
NEWS_24564,2
NEWS_24565,1
NEWS_24566,2
NEWS_24567,1
NEWS_24568,1
NEWS_24569,4
NEWS_24570,3
NEWS_24571,4
NEWS_24572,5
NEWS_24573,5
NEWS_24574,1
NEWS_24575,3
NEWS_24576,4
NEWS_24577,4
NEWS_24578,2
NEWS_24579,1
NEWS_24580,5
NEWS_24581,0
NEWS_24582,3
NEWS_24583,1
NEWS_24584,4
NEWS_24585,4
NEWS_24586,4
NEWS_24587,3
NEWS_24588,2
NEWS_24589,1
NEWS_24590,0
NEWS_24591,1
NEWS_24592,3
NEWS_24593,3
NEWS_24594,4
NEWS_24595,1
NEWS_24596,3
NEWS_24597,1
NEWS_24598,4
NEWS_24599,3
NEWS_24600,3
NEWS_24601,1
NEWS_24602,4
NEWS_24603,2
NEWS_24604,4
NEWS_24605,4
NEWS_24606,2
NEWS_24607,4
NEWS_24608,3
NEWS_24609,1
NEWS_24610,1
NEWS_24611,2
NEWS_24612,4
NEWS_24613,5
NEWS_24614,5
NEWS_24615,4
NEWS_24616,3
NEWS_24617,2
NEWS_24618,2
NEWS_24619,4
NEWS_24620,1
NEWS_24621,4
NEWS_24622,1
NEWS_24623,3
NEWS_24624,4
NEWS_24625,0
NEWS_24626,5
NEWS_24627,2
NEWS_24628,4
NEWS_24629,4
NEWS_24630,4
NEWS_24631,5
NEWS_24632,1
NEWS_24633,2
NEWS_24634,5
NEWS_24635,4
NEWS_24636,4
NEWS_24637,4
NEWS_24638,4
NEWS_24639,2
NEWS_24640,4
NEWS_24641,4
NEWS_24642,4
NEWS_24643,2
NEWS_24644,3
NEWS_24645,5
NEWS_24646,4
NEWS_24647,2
NEWS_24648,1
NEWS_24649,0
NEWS_24650,3
NEWS_24651,2
NEWS_24652,4
NEWS_24653,1
NEWS_24654,2
NEWS_24655,1
NEWS_24656,3
NEWS_24657,4
NEWS_24658,1
NEWS_24659,5
NEWS_24660,1
NEWS_24661,3
NEWS_24662,2
NEWS_24663,1
NEWS_24664,3
NEWS_24665,0
NEWS_24666,1
NEWS_24667,3
NEWS_24668,1
NEWS_24669,2
NEWS_24670,5
NEWS_24671,1
NEWS_24672,5
NEWS_24673,1
NEWS_24674,3
NEWS_24675,5
NEWS_24676,1
NEWS_24677,3
NEWS_24678,5
NEWS_24679,1
NEWS_24680,1
NEWS_24681,4
NEWS_24682,2
NEWS_24683,1
NEWS_24684,4
NEWS_24685,4
NEWS_24686,4
NEWS_24687,4
NEWS_24688,3
NEWS_24689,3
NEWS_24690,1
NEWS_24691,0
NEWS_24692,4
NEWS_24693,5
NEWS_24694,2
NEWS_24695,4
NEWS_24696,3
NEWS_24697,1
NEWS_24698,5
NEWS_24699,5
NEWS_24700,4
NEWS_24701,2
NEWS_24702,4
NEWS_24703,1
NEWS_24704,3
NEWS_24705,1
NEWS_24706,4
NEWS_24707,5
NEWS_24708,1
NEWS_24709,4
NEWS_24710,0
NEWS_24711,3
NEWS_24712,3
NEWS_24713,5
NEWS_24714,3
NEWS_24715,4
NEWS_24716,3
NEWS_24717,5
NEWS_24718,2
NEWS_24719,3
NEWS_24720,1
NEWS_24721,2
NEWS_24722,1
NEWS_24723,3
NEWS_24724,3
NEWS_24725,5
NEWS_24726,4
NEWS_24727,3
NEWS_24728,4
NEWS_24729,4
NEWS_24730,5
NEWS_24731,3
NEWS_24732,2
NEWS_24733,4
NEWS_24734,0
NEWS_24735,3
NEWS_24736,3
NEWS_24737,1
NEWS_24738,3
NEWS_24739,4
NEWS_24740,4
NEWS_24741,5
NEWS_24742,4
NEWS_24743,4
NEWS_24744,0
NEWS_24745,2
NEWS_24746,5
NEWS_24747,4
NEWS_24748,3
NEWS_24749,4
NEWS_24750,2
NEWS_24751,5
NEWS_24752,4
NEWS_24753,4
NEWS_24754,5
NEWS_24755,4
NEWS_24756,1
NEWS_24757,4
NEWS_24758,5
NEWS_24759,4
NEWS_24760,3
NEWS_24761,4
NEWS_24762,3
NEWS_24763,2
NEWS_24764,0
NEWS_24765,4
NEWS_24766,3
NEWS_24767,2
NEWS_24768,2
NEWS_24769,4
NEWS_24770,1
NEWS_24771,2
NEWS_24772,0
NEWS_24773,4
NEWS_24774,3
NEWS_24775,5
NEWS_24776,1
NEWS_24777,3
NEWS_24778,4
NEWS_24779,5
NEWS_24780,1
NEWS_24781,2
NEWS_24782,3
NEWS_24783,1
NEWS_24784,4
NEWS_24785,3
NEWS_24786,5
NEWS_24787,0
NEWS_24788,5
NEWS_24789,4
NEWS_24790,4
NEWS_24791,1
NEWS_24792,2
NEWS_24793,4
NEWS_24794,3
NEWS_24795,2
NEWS_24796,2
NEWS_24797,0
NEWS_24798,5
NEWS_24799,5
NEWS_24800,3
NEWS_24801,2
NEWS_24802,2
NEWS_24803,1
NEWS_24804,1
NEWS_24805,1
NEWS_24806,1
NEWS_24807,3
NEWS_24808,4
NEWS_24809,5
NEWS_24810,4
NEWS_24811,4
NEWS_24812,1
NEWS_24813,4
NEWS_24814,2
NEWS_24815,1
NEWS_24816,4
NEWS_24817,3
NEWS_24818,2
NEWS_24819,2
NEWS_24820,4
NEWS_24821,3
NEWS_24822,2
NEWS_24823,3
NEWS_24824,4
NEWS_24825,3
NEWS_24826,1
NEWS_24827,1
NEWS_24828,4
NEWS_24829,4
NEWS_24830,4
NEWS_24831,3
NEWS_24832,4
NEWS_24833,4
NEWS_24834,1
NEWS_24835,3
NEWS_24836,2
NEWS_24837,3
NEWS_24838,1
NEWS_24839,3
NEWS_24840,4
NEWS_24841,5
NEWS_24842,4
NEWS_24843,2
NEWS_24844,4
NEWS_24845,2
NEWS_24846,1
NEWS_24847,1
NEWS_24848,2
NEWS_24849,1
NEWS_24850,1
NEWS_24851,3
NEWS_24852,2
NEWS_24853,5
NEWS_24854,1
NEWS_24855,4
NEWS_24856,4
NEWS_24857,3
NEWS_24858,2
NEWS_24859,3
NEWS_24860,2
NEWS_24861,4
NEWS_24862,4
NEWS_24863,1
NEWS_24864,4
NEWS_24865,4
NEWS_24866,2
NEWS_24867,4
NEWS_24868,0
NEWS_24869,5
NEWS_24870,5
NEWS_24871,3
NEWS_24872,4
NEWS_24873,1
NEWS_24874,4
NEWS_24875,5
NEWS_24876,3
NEWS_24877,5
NEWS_24878,4
NEWS_24879,2
NEWS_24880,4
NEWS_24881,2
NEWS_24882,3
NEWS_24883,4
NEWS_24884,3
NEWS_24885,3
NEWS_24886,3
NEWS_24887,2
NEWS_24888,3
NEWS_24889,2
NEWS_24890,3
NEWS_24891,5
NEWS_24892,1
NEWS_24893,4
NEWS_24894,0
NEWS_24895,4
NEWS_24896,1
NEWS_24897,4
NEWS_24898,4
NEWS_24899,2
NEWS_24900,4
NEWS_24901,2
NEWS_24902,1
NEWS_24903,4
NEWS_24904,2
NEWS_24905,1
NEWS_24906,3
NEWS_24907,3
NEWS_24908,1
NEWS_24909,4
NEWS_24910,4
NEWS_24911,4
NEWS_24912,4
NEWS_24913,1
NEWS_24914,1
NEWS_24915,3
NEWS_24916,5
NEWS_24917,1
NEWS_24918,1
NEWS_24919,3
NEWS_24920,2
NEWS_24921,4
NEWS_24922,1
NEWS_24923,5
NEWS_24924,1
NEWS_24925,1
NEWS_24926,4
NEWS_24927,4
NEWS_24928,5
NEWS_24929,1
NEWS_24930,1
NEWS_24931,3
NEWS_24932,4
NEWS_24933,3
NEWS_24934,4
NEWS_24935,3
NEWS_24936,0
NEWS_24937,1
NEWS_24938,4
NEWS_24939,3
NEWS_24940,4
NEWS_24941,4
NEWS_24942,3
NEWS_24943,4
NEWS_24944,4
NEWS_24945,4
NEWS_24946,5
NEWS_24947,3
NEWS_24948,4
NEWS_24949,2
NEWS_24950,2
NEWS_24951,1
NEWS_24952,2
NEWS_24953,0
NEWS_24954,2
NEWS_24955,1
NEWS_24956,4
NEWS_24957,2
NEWS_24958,3
NEWS_24959,3
NEWS_24960,1
NEWS_24961,1
NEWS_24962,4
NEWS_24963,4
NEWS_24964,3
NEWS_24965,4
NEWS_24966,2
NEWS_24967,3
NEWS_24968,3
NEWS_24969,1
NEWS_24970,2
NEWS_24971,1
NEWS_24972,4
NEWS_24973,5
NEWS_24974,5
NEWS_24975,4
NEWS_24976,0
NEWS_24977,3
NEWS_24978,4
NEWS_24979,4
NEWS_24980,5
NEWS_24981,4
NEWS_24982,1
NEWS_24983,1
NEWS_24984,4
NEWS_24985,5
NEWS_24986,4
NEWS_24987,0
NEWS_24988,4
NEWS_24989,2
NEWS_24990,3
NEWS_24991,3
NEWS_24992,4
NEWS_24993,3
NEWS_24994,1
NEWS_24995,4
NEWS_24996,1
NEWS_24997,3
NEWS_24998,1
NEWS_24999,5
NEWS_25000,0
NEWS_25001,1
NEWS_25002,5
NEWS_25003,1
NEWS_25004,3
NEWS_25005,2
NEWS_25006,1
NEWS_25007,3
NEWS_25008,3
NEWS_25009,2
NEWS_25010,1
NEWS_25011,4
NEWS_25012,3
NEWS_25013,2
NEWS_25014,4
NEWS_25015,0
NEWS_25016,3
NEWS_25017,1
NEWS_25018,3
NEWS_25019,1
NEWS_25020,3
NEWS_25021,3
NEWS_25022,4
NEWS_25023,3
NEWS_25024,5
NEWS_25025,1
NEWS_25026,4
NEWS_25027,3
NEWS_25028,3
NEWS_25029,3
NEWS_25030,5
NEWS_25031,3
NEWS_25032,5
NEWS_25033,4
NEWS_25034,1
NEWS_25035,0
NEWS_25036,4
NEWS_25037,1
NEWS_25038,4
NEWS_25039,2
NEWS_25040,4
NEWS_25041,3
NEWS_25042,5
NEWS_25043,1
NEWS_25044,2
NEWS_25045,3
NEWS_25046,3
NEWS_25047,2
NEWS_25048,1
NEWS_25049,5
NEWS_25050,4
NEWS_25051,3
NEWS_25052,3
NEWS_25053,1
NEWS_25054,1
NEWS_25055,1
NEWS_25056,4
NEWS_25057,4
NEWS_25058,4
NEWS_25059,2
NEWS_25060,4
NEWS_25061,1
NEWS_25062,5
NEWS_25063,3
NEWS_25064,4
NEWS_25065,4
NEWS_25066,0
NEWS_25067,3
NEWS_25068,4
NEWS_25069,5
NEWS_25070,5
NEWS_25071,2
NEWS_25072,0
NEWS_25073,1
NEWS_25074,5
NEWS_25075,0
NEWS_25076,1
NEWS_25077,1
NEWS_25078,5
NEWS_25079,5
NEWS_25080,3
NEWS_25081,0
NEWS_25082,3
NEWS_25083,2
NEWS_25084,0
NEWS_25085,2
NEWS_25086,4
NEWS_25087,0
NEWS_25088,1
NEWS_25089,1
NEWS_25090,3
NEWS_25091,3
NEWS_25092,3
NEWS_25093,4
NEWS_25094,0
NEWS_25095,0
NEWS_25096,2
NEWS_25097,3
NEWS_25098,1
NEWS_25099,2
NEWS_25100,0
NEWS_25101,2
NEWS_25102,1
NEWS_25103,3
NEWS_25104,4
NEWS_25105,4
NEWS_25106,2
NEWS_25107,1
NEWS_25108,0
NEWS_25109,4
NEWS_25110,5
NEWS_25111,3
NEWS_25112,3
NEWS_25113,1
NEWS_25114,2
NEWS_25115,1
NEWS_25116,2
NEWS_25117,4
NEWS_25118,4
NEWS_25119,0
NEWS_25120,4
NEWS_25121,1
NEWS_25122,5
NEWS_25123,1
NEWS_25124,4
NEWS_25125,5
NEWS_25126,1
NEWS_25127,2
NEWS_25128,3
NEWS_25129,4
NEWS_25130,2
NEWS_25131,4
NEWS_25132,4
NEWS_25133,1
NEWS_25134,0
NEWS_25135,4
NEWS_25136,2
NEWS_25137,3
NEWS_25138,4
NEWS_25139,3
NEWS_25140,5
NEWS_25141,4
NEWS_25142,3
NEWS_25143,5
NEWS_25144,1
NEWS_25145,4
NEWS_25146,4
NEWS_25147,4
NEWS_25148,3
NEWS_25149,4
NEWS_25150,1
NEWS_25151,4
NEWS_25152,1
NEWS_25153,4
NEWS_25154,5
NEWS_25155,4
NEWS_25156,1
NEWS_25157,5
NEWS_25158,4
NEWS_25159,1
NEWS_25160,4
NEWS_25161,4
NEWS_25162,5
NEWS_25163,4
NEWS_25164,1
NEWS_25165,1
NEWS_25166,4
NEWS_25167,2
NEWS_25168,5
NEWS_25169,5
NEWS_25170,4
NEWS_25171,4
NEWS_25172,2
NEWS_25173,4
NEWS_25174,4
NEWS_25175,2
NEWS_25176,5
NEWS_25177,3
NEWS_25178,5
NEWS_25179,3
NEWS_25180,1
NEWS_25181,2
NEWS_25182,3
NEWS_25183,5
NEWS_25184,2
NEWS_25185,2
NEWS_25186,1
NEWS_25187,1
NEWS_25188,4
NEWS_25189,1
NEWS_25190,5
NEWS_25191,1
NEWS_25192,3
NEWS_25193,3
NEWS_25194,4
NEWS_25195,2
NEWS_25196,0
NEWS_25197,1
NEWS_25198,0
NEWS_25199,1
NEWS_25200,2
NEWS_25201,3
NEWS_25202,1
NEWS_25203,4
NEWS_25204,5
NEWS_25205,4
NEWS_25206,4
NEWS_25207,5
NEWS_25208,5
NEWS_25209,1
NEWS_25210,3
NEWS_25211,5
NEWS_25212,0
NEWS_25213,5
NEWS_25214,2
NEWS_25215,4
NEWS_25216,3
NEWS_25217,4
NEWS_25218,3
NEWS_25219,4
NEWS_25220,4
NEWS_25221,4
NEWS_25222,3
NEWS_25223,3
NEWS_25224,2
NEWS_25225,1
NEWS_25226,1
NEWS_25227,2
NEWS_25228,5
NEWS_25229,4
NEWS_25230,4
NEWS_25231,1
NEWS_25232,4
NEWS_25233,4
NEWS_25234,1
NEWS_25235,5
NEWS_25236,1
NEWS_25237,1
NEWS_25238,5
NEWS_25239,4
NEWS_25240,4
NEWS_25241,4
NEWS_25242,4
NEWS_25243,2
NEWS_25244,4
NEWS_25245,3
NEWS_25246,2
NEWS_25247,2
NEWS_25248,3
NEWS_25249,2
NEWS_25250,1
NEWS_25251,4
NEWS_25252,5
NEWS_25253,4
NEWS_25254,5
NEWS_25255,3
NEWS_25256,1
NEWS_25257,3
NEWS_25258,1
NEWS_25259,1
NEWS_25260,5
NEWS_25261,5
NEWS_25262,4
NEWS_25263,5
NEWS_25264,4
NEWS_25265,3
NEWS_25266,4
NEWS_25267,3
NEWS_25268,4
NEWS_25269,4
NEWS_25270,5
NEWS_25271,4
NEWS_25272,4
NEWS_25273,4
NEWS_25274,3
NEWS_25275,1
NEWS_25276,1
NEWS_25277,1
NEWS_25278,5
NEWS_25279,5
NEWS_25280,4
NEWS_25281,4
NEWS_25282,4
NEWS_25283,5
NEWS_25284,4
NEWS_25285,4
NEWS_25286,1
NEWS_25287,2
NEWS_25288,2
NEWS_25289,0
NEWS_25290,5
NEWS_25291,4
NEWS_25292,1
NEWS_25293,2
NEWS_25294,5
NEWS_25295,4
NEWS_25296,4
NEWS_25297,4
NEWS_25298,2
NEWS_25299,3
NEWS_25300,2
NEWS_25301,3
NEWS_25302,4
NEWS_25303,1
NEWS_25304,2
NEWS_25305,1
NEWS_25306,4
NEWS_25307,2
NEWS_25308,3
NEWS_25309,5
NEWS_25310,5
NEWS_25311,1
NEWS_25312,4
NEWS_25313,3
NEWS_25314,1
NEWS_25315,4
NEWS_25316,2
NEWS_25317,1
NEWS_25318,3
NEWS_25319,2
NEWS_25320,4
NEWS_25321,1
NEWS_25322,5
NEWS_25323,2
NEWS_25324,3
NEWS_25325,4
NEWS_25326,4
NEWS_25327,4
NEWS_25328,0
NEWS_25329,2
NEWS_25330,5
NEWS_25331,1
NEWS_25332,3
NEWS_25333,1
NEWS_25334,5
NEWS_25335,4
NEWS_25336,3
NEWS_25337,4
NEWS_25338,5
NEWS_25339,4
NEWS_25340,2
NEWS_25341,5
NEWS_25342,3
NEWS_25343,5
NEWS_25344,4
NEWS_25345,3
NEWS_25346,5
NEWS_25347,4
NEWS_25348,2
NEWS_25349,4
NEWS_25350,3
NEWS_25351,1
NEWS_25352,1
NEWS_25353,5
NEWS_25354,3
NEWS_25355,2
NEWS_25356,1
NEWS_25357,3
NEWS_25358,1
NEWS_25359,5
NEWS_25360,3
NEWS_25361,3
NEWS_25362,4
NEWS_25363,4
NEWS_25364,4
NEWS_25365,3
NEWS_25366,3
NEWS_25367,1
NEWS_25368,2
NEWS_25369,1
NEWS_25370,2
NEWS_25371,3
NEWS_25372,1
NEWS_25373,2
NEWS_25374,0
NEWS_25375,1
NEWS_25376,5
NEWS_25377,1
NEWS_25378,4
NEWS_25379,4
NEWS_25380,3
NEWS_25381,3
NEWS_25382,4
NEWS_25383,4
NEWS_25384,2
NEWS_25385,4
NEWS_25386,5
NEWS_25387,3
NEWS_25388,3
NEWS_25389,5
NEWS_25390,3
NEWS_25391,2
NEWS_25392,2
NEWS_25393,1
NEWS_25394,2
NEWS_25395,4
NEWS_25396,1
NEWS_25397,4
NEWS_25398,5
NEWS_25399,1
NEWS_25400,1
NEWS_25401,4
NEWS_25402,0
NEWS_25403,4
NEWS_25404,1
NEWS_25405,2
NEWS_25406,3
NEWS_25407,2
NEWS_25408,5
NEWS_25409,2
NEWS_25410,3
NEWS_25411,2
NEWS_25412,5
NEWS_25413,4
NEWS_25414,3
NEWS_25415,0
NEWS_25416,2
NEWS_25417,2
NEWS_25418,0
NEWS_25419,2
NEWS_25420,2
NEWS_25421,4
NEWS_25422,4
NEWS_25423,4
NEWS_25424,2
NEWS_25425,4
NEWS_25426,2
NEWS_25427,0
NEWS_25428,2
NEWS_25429,1
NEWS_25430,4
NEWS_25431,3
NEWS_25432,2
NEWS_25433,5
NEWS_25434,4
NEWS_25435,5
NEWS_25436,2
NEWS_25437,4
NEWS_25438,4
NEWS_25439,3
NEWS_25440,0
NEWS_25441,4
NEWS_25442,4
NEWS_25443,4
NEWS_25444,3
NEWS_25445,1
NEWS_25446,2
NEWS_25447,2
NEWS_25448,5
NEWS_25449,1
NEWS_25450,4
NEWS_25451,2
NEWS_25452,1
NEWS_25453,4
NEWS_25454,5
NEWS_25455,4
NEWS_25456,1
NEWS_25457,1
NEWS_25458,4
NEWS_25459,2
NEWS_25460,4
NEWS_25461,2
NEWS_25462,5
NEWS_25463,4
NEWS_25464,4
NEWS_25465,4
NEWS_25466,1
NEWS_25467,5
NEWS_25468,1
NEWS_25469,4
NEWS_25470,4
NEWS_25471,1
NEWS_25472,4
NEWS_25473,3
NEWS_25474,5
NEWS_25475,2
NEWS_25476,3
NEWS_25477,2
NEWS_25478,2
NEWS_25479,2
NEWS_25480,1
NEWS_25481,4
NEWS_25482,5
NEWS_25483,1
NEWS_25484,4
NEWS_25485,2
NEWS_25486,0
NEWS_25487,1
NEWS_25488,1
NEWS_25489,2
NEWS_25490,3
NEWS_25491,4
NEWS_25492,4
NEWS_25493,1
NEWS_25494,4
NEWS_25495,5
NEWS_25496,1
NEWS_25497,4
NEWS_25498,4
NEWS_25499,3
NEWS_25500,4
NEWS_25501,2
NEWS_25502,3
NEWS_25503,4
NEWS_25504,3
NEWS_25505,3
NEWS_25506,4
NEWS_25507,2
NEWS_25508,2
NEWS_25509,2
NEWS_25510,4
NEWS_25511,1
NEWS_25512,3
NEWS_25513,4
NEWS_25514,1
NEWS_25515,0
NEWS_25516,4
NEWS_25517,0
NEWS_25518,5
NEWS_25519,5
NEWS_25520,1
NEWS_25521,1
NEWS_25522,3
NEWS_25523,4
NEWS_25524,3
NEWS_25525,4
NEWS_25526,3
NEWS_25527,3
NEWS_25528,5
NEWS_25529,3
NEWS_25530,1
NEWS_25531,5
NEWS_25532,2
NEWS_25533,4
NEWS_25534,1
NEWS_25535,3
NEWS_25536,3
NEWS_25537,1
NEWS_25538,4
NEWS_25539,5
NEWS_25540,1
NEWS_25541,5
NEWS_25542,0
NEWS_25543,1
NEWS_25544,3
NEWS_25545,4
NEWS_25546,1
NEWS_25547,2
NEWS_25548,4
NEWS_25549,3
NEWS_25550,3
NEWS_25551,2
NEWS_25552,5
NEWS_25553,4
NEWS_25554,3
NEWS_25555,2
NEWS_25556,5
NEWS_25557,4
NEWS_25558,2
NEWS_25559,4
NEWS_25560,4
NEWS_25561,1
NEWS_25562,2
NEWS_25563,1
NEWS_25564,4
NEWS_25565,0
NEWS_25566,1
NEWS_25567,4
NEWS_25568,2
NEWS_25569,1
NEWS_25570,2
NEWS_25571,2
NEWS_25572,4
NEWS_25573,4
NEWS_25574,1
NEWS_25575,3
NEWS_25576,4
NEWS_25577,2
NEWS_25578,4
NEWS_25579,4
NEWS_25580,3
NEWS_25581,1
NEWS_25582,5
NEWS_25583,2
NEWS_25584,5
NEWS_25585,3
NEWS_25586,4
NEWS_25587,3
NEWS_25588,5
NEWS_25589,3
NEWS_25590,4
NEWS_25591,0
NEWS_25592,4
NEWS_25593,4
NEWS_25594,5
NEWS_25595,4
NEWS_25596,1
NEWS_25597,1
NEWS_25598,5
NEWS_25599,2
NEWS_25600,5
NEWS_25601,2
NEWS_25602,5
NEWS_25603,1
NEWS_25604,5
NEWS_25605,4
NEWS_25606,1
NEWS_25607,3
NEWS_25608,4
NEWS_25609,1
NEWS_25610,3
NEWS_25611,4
NEWS_25612,2
NEWS_25613,4
NEWS_25614,4
NEWS_25615,1
NEWS_25616,3
NEWS_25617,3
NEWS_25618,5
NEWS_25619,3
NEWS_25620,4
NEWS_25621,4
NEWS_25622,5
NEWS_25623,2
NEWS_25624,5
NEWS_25625,4
NEWS_25626,1
NEWS_25627,1
NEWS_25628,4
NEWS_25629,1
NEWS_25630,4
NEWS_25631,1
NEWS_25632,1
NEWS_25633,1
NEWS_25634,3
NEWS_25635,1
NEWS_25636,2
NEWS_25637,0
NEWS_25638,4
NEWS_25639,3
NEWS_25640,4
NEWS_25641,0
NEWS_25642,2
NEWS_25643,2
NEWS_25644,4
NEWS_25645,3
NEWS_25646,1
NEWS_25647,2
NEWS_25648,3
NEWS_25649,2
NEWS_25650,1
NEWS_25651,0
NEWS_25652,4
NEWS_25653,4
NEWS_25654,5
NEWS_25655,2
NEWS_25656,3
NEWS_25657,3
NEWS_25658,4
NEWS_25659,1
NEWS_25660,1
NEWS_25661,0
NEWS_25662,1
NEWS_25663,5
NEWS_25664,2
NEWS_25665,0
NEWS_25666,5
NEWS_25667,4
NEWS_25668,1
NEWS_25669,4
NEWS_25670,2
NEWS_25671,5
NEWS_25672,1
NEWS_25673,4
NEWS_25674,3
NEWS_25675,1
NEWS_25676,4
NEWS_25677,4
NEWS_25678,4
NEWS_25679,2
NEWS_25680,4
NEWS_25681,4
NEWS_25682,4
NEWS_25683,4
NEWS_25684,1
NEWS_25685,4
NEWS_25686,4
NEWS_25687,1
NEWS_25688,1
NEWS_25689,4
NEWS_25690,5
NEWS_25691,2
NEWS_25692,4
NEWS_25693,4
NEWS_25694,5
NEWS_25695,1
NEWS_25696,4
NEWS_25697,5
NEWS_25698,3
NEWS_25699,3
NEWS_25700,5
NEWS_25701,4
NEWS_25702,2
NEWS_25703,1
NEWS_25704,3
NEWS_25705,1
NEWS_25706,5
NEWS_25707,5
NEWS_25708,4
NEWS_25709,5
NEWS_25710,4
NEWS_25711,3
NEWS_25712,1
NEWS_25713,1
NEWS_25714,3
NEWS_25715,3
NEWS_25716,4
NEWS_25717,2
NEWS_25718,4
NEWS_25719,1
NEWS_25720,5
NEWS_25721,4
NEWS_25722,4
NEWS_25723,4
NEWS_25724,2
NEWS_25725,4
NEWS_25726,3
NEWS_25727,1
NEWS_25728,3
NEWS_25729,3
NEWS_25730,2
NEWS_25731,4
NEWS_25732,2
NEWS_25733,3
NEWS_25734,0
NEWS_25735,4
NEWS_25736,4
NEWS_25737,4
NEWS_25738,2
NEWS_25739,4
NEWS_25740,1
NEWS_25741,4
NEWS_25742,2
NEWS_25743,4
NEWS_25744,3
NEWS_25745,5
NEWS_25746,1
NEWS_25747,1
NEWS_25748,0
NEWS_25749,3
NEWS_25750,5
NEWS_25751,4
NEWS_25752,4
NEWS_25753,4
NEWS_25754,3
NEWS_25755,2
NEWS_25756,3
NEWS_25757,2
NEWS_25758,4
NEWS_25759,4
NEWS_25760,3
NEWS_25761,1
NEWS_25762,4
NEWS_25763,5
NEWS_25764,4
NEWS_25765,5
NEWS_25766,1
NEWS_25767,4
NEWS_25768,1
NEWS_25769,3
NEWS_25770,1
NEWS_25771,3
NEWS_25772,1
NEWS_25773,3
NEWS_25774,4
NEWS_25775,1
NEWS_25776,1
NEWS_25777,4
NEWS_25778,3
NEWS_25779,4
NEWS_25780,1
NEWS_25781,1
NEWS_25782,3
NEWS_25783,4
NEWS_25784,5
NEWS_25785,3
NEWS_25786,0
NEWS_25787,5
NEWS_25788,1
NEWS_25789,5
NEWS_25790,5
NEWS_25791,3
NEWS_25792,4
NEWS_25793,2
NEWS_25794,5
NEWS_25795,3
NEWS_25796,2
NEWS_25797,4
NEWS_25798,3
NEWS_25799,3
NEWS_25800,4
NEWS_25801,1
NEWS_25802,0
NEWS_25803,1
NEWS_25804,5
NEWS_25805,5
NEWS_25806,3
NEWS_25807,2
NEWS_25808,3
NEWS_25809,2
NEWS_25810,4
NEWS_25811,3
NEWS_25812,4
NEWS_25813,4
NEWS_25814,1
NEWS_25815,1
NEWS_25816,4
NEWS_25817,4
NEWS_25818,1
NEWS_25819,3
NEWS_25820,0
NEWS_25821,4
NEWS_25822,0
NEWS_25823,2
NEWS_25824,4
NEWS_25825,3
NEWS_25826,3
NEWS_25827,4
NEWS_25828,3
NEWS_25829,5
NEWS_25830,3
NEWS_25831,5
NEWS_25832,5
NEWS_25833,1
NEWS_25834,5
NEWS_25835,4
NEWS_25836,4
NEWS_25837,4
NEWS_25838,4
NEWS_25839,2
NEWS_25840,3
NEWS_25841,5
NEWS_25842,4
NEWS_25843,2
NEWS_25844,5
NEWS_25845,3
NEWS_25846,3
NEWS_25847,1
NEWS_25848,1
NEWS_25849,5
NEWS_25850,5
NEWS_25851,5
NEWS_25852,1
NEWS_25853,5
NEWS_25854,3
NEWS_25855,2
NEWS_25856,0
NEWS_25857,3
NEWS_25858,1
NEWS_25859,3
NEWS_25860,1
NEWS_25861,3
NEWS_25862,1
NEWS_25863,4
NEWS_25864,5
NEWS_25865,4
NEWS_25866,4
NEWS_25867,4
NEWS_25868,5
NEWS_25869,4
NEWS_25870,3
NEWS_25871,4
NEWS_25872,4
NEWS_25873,1
NEWS_25874,3
NEWS_25875,4
NEWS_25876,5
NEWS_25877,3
NEWS_25878,1
NEWS_25879,1
NEWS_25880,1
NEWS_25881,5
NEWS_25882,1
NEWS_25883,0
NEWS_25884,4
NEWS_25885,4
NEWS_25886,3
NEWS_25887,4
NEWS_25888,2
NEWS_25889,2
NEWS_25890,4
NEWS_25891,3
NEWS_25892,3
NEWS_25893,1
NEWS_25894,3
NEWS_25895,0
NEWS_25896,3
NEWS_25897,1
NEWS_25898,1
NEWS_25899,1
NEWS_25900,4
NEWS_25901,1
NEWS_25902,0
NEWS_25903,3
NEWS_25904,0
NEWS_25905,5
NEWS_25906,5
NEWS_25907,4
NEWS_25908,3
NEWS_25909,3
NEWS_25910,4
NEWS_25911,4
NEWS_25912,3
NEWS_25913,5
NEWS_25914,1
NEWS_25915,2
NEWS_25916,1
NEWS_25917,0
NEWS_25918,5
NEWS_25919,4
NEWS_25920,4
NEWS_25921,5
NEWS_25922,1
NEWS_25923,1
NEWS_25924,3
NEWS_25925,2
NEWS_25926,5
NEWS_25927,3
NEWS_25928,2
NEWS_25929,4
NEWS_25930,5
NEWS_25931,5
NEWS_25932,3
NEWS_25933,1
NEWS_25934,0
NEWS_25935,5
NEWS_25936,3
NEWS_25937,4
NEWS_25938,3
NEWS_25939,2
NEWS_25940,5
NEWS_25941,3
NEWS_25942,3
NEWS_25943,2
NEWS_25944,2
NEWS_25945,4
NEWS_25946,2
NEWS_25947,5
NEWS_25948,2
NEWS_25949,5
NEWS_25950,3
NEWS_25951,5
NEWS_25952,4
NEWS_25953,5
NEWS_25954,5
NEWS_25955,1
NEWS_25956,4
NEWS_25957,5
NEWS_25958,2
NEWS_25959,4
NEWS_25960,4
NEWS_25961,3
NEWS_25962,4
NEWS_25963,4
NEWS_25964,4
NEWS_25965,0
NEWS_25966,2
NEWS_25967,4
NEWS_25968,4
NEWS_25969,4
NEWS_25970,4
NEWS_25971,4
NEWS_25972,1
NEWS_25973,5
NEWS_25974,4
NEWS_25975,4
NEWS_25976,4
NEWS_25977,5
NEWS_25978,2
NEWS_25979,3
NEWS_25980,1
NEWS_25981,4
NEWS_25982,5
NEWS_25983,1
NEWS_25984,1
NEWS_25985,0
NEWS_25986,2
NEWS_25987,0
NEWS_25988,4
NEWS_25989,4
NEWS_25990,5
NEWS_25991,4
NEWS_25992,4
NEWS_25993,4
NEWS_25994,4
NEWS_25995,3
NEWS_25996,4
NEWS_25997,3
NEWS_25998,5
NEWS_25999,4
NEWS_26000,4
NEWS_26001,2
NEWS_26002,3
NEWS_26003,2
NEWS_26004,4
NEWS_26005,3
NEWS_26006,2
NEWS_26007,4
NEWS_26008,3
NEWS_26009,4
NEWS_26010,5
NEWS_26011,3
NEWS_26012,3
NEWS_26013,1
NEWS_26014,1
NEWS_26015,3
NEWS_26016,4
NEWS_26017,5
NEWS_26018,2
NEWS_26019,5
NEWS_26020,3
NEWS_26021,2
NEWS_26022,3
NEWS_26023,1
NEWS_26024,3
NEWS_26025,2
NEWS_26026,1
NEWS_26027,1
NEWS_26028,1
NEWS_26029,5
NEWS_26030,0
NEWS_26031,5
NEWS_26032,5
NEWS_26033,3
NEWS_26034,1
NEWS_26035,1
NEWS_26036,4
NEWS_26037,3
NEWS_26038,3
NEWS_26039,5
NEWS_26040,4
NEWS_26041,3
NEWS_26042,3
NEWS_26043,5
NEWS_26044,4
NEWS_26045,4
NEWS_26046,3
NEWS_26047,3
NEWS_26048,4
NEWS_26049,1
NEWS_26050,4
NEWS_26051,1
NEWS_26052,3
NEWS_26053,4
NEWS_26054,4
NEWS_26055,3
NEWS_26056,4
NEWS_26057,3
NEWS_26058,1
NEWS_26059,5
NEWS_26060,1
NEWS_26061,1
NEWS_26062,3
NEWS_26063,1
NEWS_26064,1
NEWS_26065,4
NEWS_26066,5
NEWS_26067,2
NEWS_26068,3
NEWS_26069,2
NEWS_26070,1
NEWS_26071,2
NEWS_26072,5
NEWS_26073,4
NEWS_26074,1
NEWS_26075,1
NEWS_26076,1
NEWS_26077,4
NEWS_26078,5
NEWS_26079,5
NEWS_26080,4
NEWS_26081,4
NEWS_26082,3
NEWS_26083,2
NEWS_26084,1
NEWS_26085,1
NEWS_26086,3
NEWS_26087,4
NEWS_26088,5
NEWS_26089,4
NEWS_26090,5
NEWS_26091,5
NEWS_26092,1
NEWS_26093,3
NEWS_26094,3
NEWS_26095,1
NEWS_26096,4
NEWS_26097,4
NEWS_26098,1
NEWS_26099,1
NEWS_26100,1
NEWS_26101,1
NEWS_26102,3
NEWS_26103,2
NEWS_26104,4
NEWS_26105,1
NEWS_26106,4
NEWS_26107,1
NEWS_26108,4
NEWS_26109,2
NEWS_26110,1
NEWS_26111,3
NEWS_26112,2
NEWS_26113,3
NEWS_26114,4
NEWS_26115,4
NEWS_26116,1
NEWS_26117,1
NEWS_26118,5
NEWS_26119,5
NEWS_26120,4
NEWS_26121,5
NEWS_26122,5
NEWS_26123,4
NEWS_26124,3
NEWS_26125,4
NEWS_26126,1
NEWS_26127,2
NEWS_26128,4
NEWS_26129,5
NEWS_26130,0
NEWS_26131,1
NEWS_26132,3
NEWS_26133,4
NEWS_26134,2
NEWS_26135,2
NEWS_26136,4
NEWS_26137,4
NEWS_26138,3
NEWS_26139,1
NEWS_26140,1
NEWS_26141,1
NEWS_26142,4
NEWS_26143,5
NEWS_26144,4
NEWS_26145,0
NEWS_26146,4
NEWS_26147,4
NEWS_26148,5
NEWS_26149,5
NEWS_26150,3
NEWS_26151,1
NEWS_26152,0
NEWS_26153,5
NEWS_26154,1
NEWS_26155,3
NEWS_26156,2
NEWS_26157,4
NEWS_26158,1
NEWS_26159,2
NEWS_26160,3
NEWS_26161,1
NEWS_26162,1
NEWS_26163,1
NEWS_26164,4
NEWS_26165,4
NEWS_26166,3
NEWS_26167,3
NEWS_26168,1
NEWS_26169,1
NEWS_26170,5
NEWS_26171,3
NEWS_26172,3
NEWS_26173,0
NEWS_26174,1
NEWS_26175,5
NEWS_26176,5
NEWS_26177,1
NEWS_26178,0
NEWS_26179,0
NEWS_26180,3
NEWS_26181,1
NEWS_26182,1
NEWS_26183,5
NEWS_26184,1
NEWS_26185,0
NEWS_26186,1
NEWS_26187,2
NEWS_26188,1
NEWS_26189,2
NEWS_26190,4
NEWS_26191,1
NEWS_26192,0
NEWS_26193,4
NEWS_26194,3
NEWS_26195,5
NEWS_26196,2
NEWS_26197,4
NEWS_26198,2
NEWS_26199,5
NEWS_26200,4
NEWS_26201,1
NEWS_26202,2
NEWS_26203,4
NEWS_26204,3
NEWS_26205,3
NEWS_26206,5
NEWS_26207,3
NEWS_26208,3
NEWS_26209,1
NEWS_26210,5
NEWS_26211,5
NEWS_26212,2
NEWS_26213,1
NEWS_26214,3
NEWS_26215,4
NEWS_26216,5
NEWS_26217,4
NEWS_26218,4
NEWS_26219,1
NEWS_26220,4
NEWS_26221,3
NEWS_26222,1
NEWS_26223,1
NEWS_26224,1
NEWS_26225,1
NEWS_26226,5
NEWS_26227,1
NEWS_26228,4
NEWS_26229,2
NEWS_26230,5
NEWS_26231,5
NEWS_26232,2
NEWS_26233,4
NEWS_26234,4
NEWS_26235,2
NEWS_26236,0
NEWS_26237,3
NEWS_26238,3
NEWS_26239,4
NEWS_26240,3
NEWS_26241,4
NEWS_26242,4
NEWS_26243,4
NEWS_26244,0
NEWS_26245,5
NEWS_26246,1
NEWS_26247,3
NEWS_26248,1
NEWS_26249,4
NEWS_26250,3
NEWS_26251,4
NEWS_26252,4
NEWS_26253,1
NEWS_26254,2
NEWS_26255,5
NEWS_26256,0
NEWS_26257,4
NEWS_26258,4
NEWS_26259,5
NEWS_26260,0
NEWS_26261,3
NEWS_26262,1
NEWS_26263,2
NEWS_26264,4
NEWS_26265,3
NEWS_26266,4
NEWS_26267,4
NEWS_26268,0
NEWS_26269,4
NEWS_26270,1
NEWS_26271,3
NEWS_26272,1
NEWS_26273,1
NEWS_26274,4
NEWS_26275,0
NEWS_26276,3
NEWS_26277,2
NEWS_26278,4
NEWS_26279,3
NEWS_26280,5
NEWS_26281,1
NEWS_26282,0
NEWS_26283,4
NEWS_26284,4
NEWS_26285,3
NEWS_26286,5
NEWS_26287,5
NEWS_26288,5
NEWS_26289,1
NEWS_26290,2
NEWS_26291,3
NEWS_26292,4
NEWS_26293,4
NEWS_26294,1
NEWS_26295,2
NEWS_26296,0
NEWS_26297,4
NEWS_26298,4
NEWS_26299,1
NEWS_26300,4
NEWS_26301,0
NEWS_26302,1
NEWS_26303,4
NEWS_26304,4
NEWS_26305,4
NEWS_26306,2
NEWS_26307,5
NEWS_26308,2
NEWS_26309,4
NEWS_26310,5
NEWS_26311,4
NEWS_26312,4
NEWS_26313,0
NEWS_26314,3
NEWS_26315,1
NEWS_26316,4
NEWS_26317,0
NEWS_26318,4
NEWS_26319,5
NEWS_26320,4
NEWS_26321,4
NEWS_26322,5
NEWS_26323,3
NEWS_26324,4
NEWS_26325,2
NEWS_26326,1
NEWS_26327,2
NEWS_26328,4
NEWS_26329,2
NEWS_26330,4
NEWS_26331,4
NEWS_26332,4
NEWS_26333,1
NEWS_26334,4
NEWS_26335,1
NEWS_26336,1
NEWS_26337,1
NEWS_26338,2
NEWS_26339,1
NEWS_26340,4
NEWS_26341,3
NEWS_26342,2
NEWS_26343,3
NEWS_26344,2
NEWS_26345,5
NEWS_26346,5
NEWS_26347,4
NEWS_26348,3
NEWS_26349,4
NEWS_26350,4
NEWS_26351,4
NEWS_26352,5
NEWS_26353,5
NEWS_26354,2
NEWS_26355,1
NEWS_26356,2
NEWS_26357,4
NEWS_26358,2
NEWS_26359,3
NEWS_26360,4
NEWS_26361,2
NEWS_26362,4
NEWS_26363,4
NEWS_26364,3
NEWS_26365,1
NEWS_26366,4
NEWS_26367,4
NEWS_26368,1
NEWS_26369,1
NEWS_26370,5
NEWS_26371,5
NEWS_26372,2
NEWS_26373,5
NEWS_26374,4
NEWS_26375,1
NEWS_26376,2
NEWS_26377,2
NEWS_26378,3
NEWS_26379,2
NEWS_26380,4
NEWS_26381,1
NEWS_26382,4
NEWS_26383,4
NEWS_26384,0
NEWS_26385,1
NEWS_26386,3
NEWS_26387,4
NEWS_26388,2
NEWS_26389,1
NEWS_26390,2
NEWS_26391,4
NEWS_26392,1
NEWS_26393,4
NEWS_26394,4
NEWS_26395,5
NEWS_26396,2
NEWS_26397,2
NEWS_26398,1
NEWS_26399,5
NEWS_26400,5
NEWS_26401,5
NEWS_26402,3
NEWS_26403,3
NEWS_26404,4
NEWS_26405,2
NEWS_26406,5
NEWS_26407,3
NEWS_26408,3
NEWS_26409,1
NEWS_26410,5
NEWS_26411,3
NEWS_26412,4
NEWS_26413,0
NEWS_26414,3
NEWS_26415,0
NEWS_26416,3
NEWS_26417,1
NEWS_26418,4
NEWS_26419,3
NEWS_26420,4
NEWS_26421,2
NEWS_26422,1
NEWS_26423,3
NEWS_26424,4
NEWS_26425,4
NEWS_26426,4
NEWS_26427,4
NEWS_26428,3
NEWS_26429,3
NEWS_26430,2
NEWS_26431,1
NEWS_26432,3
NEWS_26433,4
NEWS_26434,4
NEWS_26435,4
NEWS_26436,4
NEWS_26437,2
NEWS_26438,0
NEWS_26439,4
NEWS_26440,4
NEWS_26441,3
NEWS_26442,0
NEWS_26443,4
NEWS_26444,4
NEWS_26445,4
NEWS_26446,4
NEWS_26447,3
NEWS_26448,1
NEWS_26449,4
NEWS_26450,4
NEWS_26451,5
NEWS_26452,4
NEWS_26453,2
NEWS_26454,1
NEWS_26455,5
NEWS_26456,3
NEWS_26457,1
NEWS_26458,1
NEWS_26459,0
NEWS_26460,5
NEWS_26461,3
NEWS_26462,2
NEWS_26463,4
NEWS_26464,2
NEWS_26465,4
NEWS_26466,4
NEWS_26467,4
NEWS_26468,4
NEWS_26469,4
NEWS_26470,3
NEWS_26471,5
NEWS_26472,1
NEWS_26473,1
NEWS_26474,3
NEWS_26475,3
NEWS_26476,1
NEWS_26477,1
NEWS_26478,4
NEWS_26479,1
NEWS_26480,4
NEWS_26481,5
NEWS_26482,4
NEWS_26483,4
NEWS_26484,3
NEWS_26485,3
NEWS_26486,0
NEWS_26487,4
NEWS_26488,1
NEWS_26489,3
NEWS_26490,4
NEWS_26491,5
NEWS_26492,3
NEWS_26493,0
NEWS_26494,1
NEWS_26495,5
NEWS_26496,3
NEWS_26497,3
NEWS_26498,1
NEWS_26499,5
NEWS_26500,5
NEWS_26501,4
NEWS_26502,2
NEWS_26503,1
NEWS_26504,2
NEWS_26505,0
NEWS_26506,0
NEWS_26507,3
NEWS_26508,1
NEWS_26509,2
NEWS_26510,3
NEWS_26511,0
NEWS_26512,5
NEWS_26513,4
NEWS_26514,3
NEWS_26515,1
NEWS_26516,5
NEWS_26517,2
NEWS_26518,5
NEWS_26519,3
NEWS_26520,4
NEWS_26521,0
NEWS_26522,3
NEWS_26523,1
NEWS_26524,1
NEWS_26525,2
NEWS_26526,1
NEWS_26527,5
NEWS_26528,5
NEWS_26529,5
NEWS_26530,3
NEWS_26531,1
NEWS_26532,3
NEWS_26533,4
NEWS_26534,2
NEWS_26535,4
NEWS_26536,3
NEWS_26537,1
NEWS_26538,3
NEWS_26539,4
NEWS_26540,4
NEWS_26541,4
NEWS_26542,4
NEWS_26543,5
NEWS_26544,3
NEWS_26545,0
NEWS_26546,5
NEWS_26547,4
NEWS_26548,3
NEWS_26549,3
NEWS_26550,5
NEWS_26551,4
NEWS_26552,1
NEWS_26553,5
NEWS_26554,4
NEWS_26555,1
NEWS_26556,1
NEWS_26557,1
NEWS_26558,1
NEWS_26559,5
NEWS_26560,5
NEWS_26561,3
NEWS_26562,3
NEWS_26563,3
NEWS_26564,4
NEWS_26565,4
NEWS_26566,2
NEWS_26567,4
NEWS_26568,4
NEWS_26569,4
NEWS_26570,1
NEWS_26571,5
NEWS_26572,3
NEWS_26573,3
NEWS_26574,2
NEWS_26575,2
NEWS_26576,1
NEWS_26577,4
NEWS_26578,0
NEWS_26579,4
NEWS_26580,4
NEWS_26581,2
NEWS_26582,4
NEWS_26583,2
NEWS_26584,3
NEWS_26585,5
NEWS_26586,4
NEWS_26587,3
NEWS_26588,4
NEWS_26589,5
NEWS_26590,1
NEWS_26591,5
NEWS_26592,2
NEWS_26593,3
NEWS_26594,3
NEWS_26595,4
NEWS_26596,5
NEWS_26597,2
NEWS_26598,1
NEWS_26599,1
NEWS_26600,4
NEWS_26601,1
NEWS_26602,4
NEWS_26603,4
NEWS_26604,2
NEWS_26605,3
NEWS_26606,1
NEWS_26607,5
NEWS_26608,1
NEWS_26609,4
NEWS_26610,1
NEWS_26611,2
NEWS_26612,4
NEWS_26613,3
NEWS_26614,5
NEWS_26615,1
NEWS_26616,2
NEWS_26617,3
NEWS_26618,5
NEWS_26619,1
NEWS_26620,3
NEWS_26621,3
NEWS_26622,4
NEWS_26623,3
NEWS_26624,3
NEWS_26625,5
NEWS_26626,3
NEWS_26627,3
NEWS_26628,4
NEWS_26629,4
NEWS_26630,4
NEWS_26631,3
NEWS_26632,4
NEWS_26633,1
NEWS_26634,4
NEWS_26635,2
NEWS_26636,4
NEWS_26637,4
NEWS_26638,5
NEWS_26639,1
NEWS_26640,2
NEWS_26641,4
NEWS_26642,5
NEWS_26643,3
NEWS_26644,4
NEWS_26645,4
NEWS_26646,2
NEWS_26647,5
NEWS_26648,2
NEWS_26649,1
NEWS_26650,4
NEWS_26651,4
NEWS_26652,2
NEWS_26653,2
NEWS_26654,1
NEWS_26655,4
NEWS_26656,0
NEWS_26657,5
NEWS_26658,4
NEWS_26659,3
NEWS_26660,3
NEWS_26661,0
NEWS_26662,3
NEWS_26663,3
NEWS_26664,2
NEWS_26665,4
NEWS_26666,0
NEWS_26667,3
NEWS_26668,3
NEWS_26669,2
NEWS_26670,0
NEWS_26671,1
NEWS_26672,1
NEWS_26673,5
NEWS_26674,4
NEWS_26675,3
NEWS_26676,3
NEWS_26677,4
NEWS_26678,4
NEWS_26679,3
NEWS_26680,4
NEWS_26681,3
NEWS_26682,2
NEWS_26683,4
NEWS_26684,2
NEWS_26685,2
NEWS_26686,5
NEWS_26687,5
NEWS_26688,5
NEWS_26689,4
NEWS_26690,1
NEWS_26691,1
NEWS_26692,5
NEWS_26693,2
NEWS_26694,5
NEWS_26695,1
NEWS_26696,3
NEWS_26697,5
NEWS_26698,0
NEWS_26699,4
NEWS_26700,1
NEWS_26701,5
NEWS_26702,4
NEWS_26703,4
NEWS_26704,3
NEWS_26705,5
NEWS_26706,1
NEWS_26707,4
NEWS_26708,1
NEWS_26709,1
NEWS_26710,3
NEWS_26711,2
NEWS_26712,2
NEWS_26713,5
NEWS_26714,1
NEWS_26715,5
NEWS_26716,4
NEWS_26717,2
NEWS_26718,1
NEWS_26719,5
NEWS_26720,4
NEWS_26721,3
NEWS_26722,1
NEWS_26723,3
NEWS_26724,2
NEWS_26725,3
NEWS_26726,3
NEWS_26727,0
NEWS_26728,2
NEWS_26729,4
NEWS_26730,4
NEWS_26731,1
NEWS_26732,1
NEWS_26733,1
NEWS_26734,1
NEWS_26735,0
NEWS_26736,4
NEWS_26737,4
NEWS_26738,0
NEWS_26739,3
NEWS_26740,2
NEWS_26741,1
NEWS_26742,2
NEWS_26743,1
NEWS_26744,2
NEWS_26745,5
NEWS_26746,3
NEWS_26747,2
NEWS_26748,0
NEWS_26749,1
NEWS_26750,4
NEWS_26751,2
NEWS_26752,4
NEWS_26753,4
NEWS_26754,1
NEWS_26755,1
NEWS_26756,5
NEWS_26757,0
NEWS_26758,3
NEWS_26759,3
NEWS_26760,5
NEWS_26761,5
NEWS_26762,1
NEWS_26763,1
NEWS_26764,0
NEWS_26765,5
NEWS_26766,4
NEWS_26767,3
NEWS_26768,1
NEWS_26769,5
NEWS_26770,3
NEWS_26771,3
NEWS_26772,3
NEWS_26773,0
NEWS_26774,3
NEWS_26775,1
NEWS_26776,1
NEWS_26777,5
NEWS_26778,3
NEWS_26779,2
NEWS_26780,3
NEWS_26781,3
NEWS_26782,4
NEWS_26783,5
NEWS_26784,0
NEWS_26785,3
NEWS_26786,4
NEWS_26787,2
NEWS_26788,3
NEWS_26789,3
NEWS_26790,3
NEWS_26791,1
NEWS_26792,2
NEWS_26793,5
NEWS_26794,5
NEWS_26795,1
NEWS_26796,5
NEWS_26797,4
NEWS_26798,5
NEWS_26799,3
NEWS_26800,4
NEWS_26801,5
NEWS_26802,4
NEWS_26803,3
NEWS_26804,4
NEWS_26805,5
NEWS_26806,4
NEWS_26807,4
NEWS_26808,0
NEWS_26809,2
NEWS_26810,0
NEWS_26811,4
NEWS_26812,5
NEWS_26813,3
NEWS_26814,3
NEWS_26815,4
NEWS_26816,4
NEWS_26817,4
NEWS_26818,5
NEWS_26819,5
NEWS_26820,3
NEWS_26821,2
NEWS_26822,2
NEWS_26823,1
NEWS_26824,4
NEWS_26825,4
NEWS_26826,1
NEWS_26827,3
NEWS_26828,3
NEWS_26829,4
NEWS_26830,0
NEWS_26831,4
NEWS_26832,5
NEWS_26833,5
NEWS_26834,1
NEWS_26835,1
NEWS_26836,1
NEWS_26837,5
NEWS_26838,1
NEWS_26839,3
NEWS_26840,4
NEWS_26841,4
NEWS_26842,5
NEWS_26843,4
NEWS_26844,4
NEWS_26845,4
NEWS_26846,3
NEWS_26847,2
NEWS_26848,0
NEWS_26849,5
NEWS_26850,2
NEWS_26851,5
NEWS_26852,5
NEWS_26853,4
NEWS_26854,0
NEWS_26855,4
NEWS_26856,5
NEWS_26857,3
NEWS_26858,4
NEWS_26859,0
NEWS_26860,3
NEWS_26861,4
NEWS_26862,5
NEWS_26863,1
NEWS_26864,4
NEWS_26865,4
NEWS_26866,2
NEWS_26867,3
NEWS_26868,3
NEWS_26869,1
NEWS_26870,1
NEWS_26871,5
NEWS_26872,1
NEWS_26873,1
NEWS_26874,5
NEWS_26875,5
NEWS_26876,4
NEWS_26877,4
NEWS_26878,4
NEWS_26879,3
NEWS_26880,2
NEWS_26881,5
NEWS_26882,1
NEWS_26883,4
NEWS_26884,1
NEWS_26885,3
NEWS_26886,3
NEWS_26887,1
NEWS_26888,5
NEWS_26889,4
NEWS_26890,4
NEWS_26891,1
NEWS_26892,4
NEWS_26893,1
NEWS_26894,2
NEWS_26895,4
NEWS_26896,0
NEWS_26897,3
NEWS_26898,3
NEWS_26899,4
NEWS_26900,4
NEWS_26901,5
NEWS_26902,1
NEWS_26903,2
NEWS_26904,0
NEWS_26905,0
NEWS_26906,2
NEWS_26907,1
NEWS_26908,4
NEWS_26909,5
NEWS_26910,3
NEWS_26911,1
NEWS_26912,1
NEWS_26913,4
NEWS_26914,3
NEWS_26915,5
NEWS_26916,2
NEWS_26917,3
NEWS_26918,3
NEWS_26919,1
NEWS_26920,0
NEWS_26921,5
NEWS_26922,2
NEWS_26923,4
NEWS_26924,2
NEWS_26925,1
NEWS_26926,5
NEWS_26927,2
NEWS_26928,0
NEWS_26929,2
NEWS_26930,3
NEWS_26931,3
NEWS_26932,3
NEWS_26933,5
NEWS_26934,1
NEWS_26935,3
NEWS_26936,1
NEWS_26937,1
NEWS_26938,1
NEWS_26939,1
NEWS_26940,4
NEWS_26941,4
NEWS_26942,5
NEWS_26943,3
NEWS_26944,4
NEWS_26945,4
NEWS_26946,1
NEWS_26947,4
NEWS_26948,1
NEWS_26949,3
NEWS_26950,1
NEWS_26951,2
NEWS_26952,3
NEWS_26953,3
NEWS_26954,4
NEWS_26955,3
NEWS_26956,4
NEWS_26957,1
NEWS_26958,4
NEWS_26959,1
NEWS_26960,4
NEWS_26961,4
NEWS_26962,3
NEWS_26963,3
NEWS_26964,1
NEWS_26965,4
NEWS_26966,4
NEWS_26967,4
NEWS_26968,4
NEWS_26969,4
NEWS_26970,4
NEWS_26971,4
NEWS_26972,4
NEWS_26973,5
NEWS_26974,4
NEWS_26975,4
NEWS_26976,4
NEWS_26977,4
NEWS_26978,3
NEWS_26979,5
NEWS_26980,5
NEWS_26981,3
NEWS_26982,4
NEWS_26983,1
NEWS_26984,3
NEWS_26985,2
NEWS_26986,3
NEWS_26987,0
NEWS_26988,3
NEWS_26989,0
NEWS_26990,0
NEWS_26991,5
NEWS_26992,1
NEWS_26993,2
NEWS_26994,5
NEWS_26995,2
NEWS_26996,4
NEWS_26997,1
NEWS_26998,4
NEWS_26999,4
NEWS_27000,1
NEWS_27001,4
NEWS_27002,5
NEWS_27003,0
NEWS_27004,3
NEWS_27005,0
NEWS_27006,2
NEWS_27007,5
NEWS_27008,5
NEWS_27009,1
NEWS_27010,3
NEWS_27011,1
NEWS_27012,4
NEWS_27013,2
NEWS_27014,4
NEWS_27015,3
NEWS_27016,5
NEWS_27017,3
NEWS_27018,0
NEWS_27019,4
NEWS_27020,0
NEWS_27021,0
NEWS_27022,3
NEWS_27023,1
NEWS_27024,3
NEWS_27025,5
NEWS_27026,3
NEWS_27027,2
NEWS_27028,2
NEWS_27029,4
NEWS_27030,2
NEWS_27031,5
NEWS_27032,4
NEWS_27033,4
NEWS_27034,3
NEWS_27035,2
NEWS_27036,5
NEWS_27037,3
NEWS_27038,3
NEWS_27039,1
NEWS_27040,4
NEWS_27041,1
NEWS_27042,3
NEWS_27043,1
NEWS_27044,4
NEWS_27045,3
NEWS_27046,1
NEWS_27047,4
NEWS_27048,3
NEWS_27049,1
NEWS_27050,3
NEWS_27051,1
NEWS_27052,1
NEWS_27053,2
NEWS_27054,5
NEWS_27055,4
NEWS_27056,4
NEWS_27057,1
NEWS_27058,1
NEWS_27059,3
NEWS_27060,2
NEWS_27061,3
NEWS_27062,4
NEWS_27063,3
NEWS_27064,1
NEWS_27065,4
NEWS_27066,5
NEWS_27067,1
NEWS_27068,0
NEWS_27069,1
NEWS_27070,1
NEWS_27071,3
NEWS_27072,2
NEWS_27073,0
NEWS_27074,4
NEWS_27075,4
NEWS_27076,4
NEWS_27077,5
NEWS_27078,3
NEWS_27079,4
NEWS_27080,5
NEWS_27081,1
NEWS_27082,4
NEWS_27083,4
NEWS_27084,4
NEWS_27085,5
NEWS_27086,1
NEWS_27087,3
NEWS_27088,0
NEWS_27089,1
NEWS_27090,5
NEWS_27091,2
NEWS_27092,4
NEWS_27093,5
NEWS_27094,2
NEWS_27095,1
NEWS_27096,2
NEWS_27097,1
NEWS_27098,4
NEWS_27099,4
NEWS_27100,3
NEWS_27101,3
NEWS_27102,1
NEWS_27103,3
NEWS_27104,4
NEWS_27105,5
NEWS_27106,1
NEWS_27107,1
NEWS_27108,1
NEWS_27109,4
NEWS_27110,3
NEWS_27111,5
NEWS_27112,1
NEWS_27113,5
NEWS_27114,3
NEWS_27115,4
NEWS_27116,1
NEWS_27117,4
NEWS_27118,3
NEWS_27119,1
NEWS_27120,4
NEWS_27121,3
NEWS_27122,4
NEWS_27123,3
NEWS_27124,0
NEWS_27125,3
NEWS_27126,4
NEWS_27127,4
NEWS_27128,4
NEWS_27129,5
NEWS_27130,1
NEWS_27131,5
NEWS_27132,1
NEWS_27133,5
NEWS_27134,2
NEWS_27135,1
NEWS_27136,5
NEWS_27137,0
NEWS_27138,4
NEWS_27139,1
NEWS_27140,4
NEWS_27141,2
NEWS_27142,3
NEWS_27143,4
NEWS_27144,4
NEWS_27145,2
NEWS_27146,5
NEWS_27147,0
NEWS_27148,5
NEWS_27149,0
NEWS_27150,3
NEWS_27151,2
NEWS_27152,4
NEWS_27153,3
NEWS_27154,2
NEWS_27155,5
NEWS_27156,2
NEWS_27157,4
NEWS_27158,2
NEWS_27159,4
NEWS_27160,3
NEWS_27161,4
NEWS_27162,3
NEWS_27163,2
NEWS_27164,3
NEWS_27165,4
NEWS_27166,2
NEWS_27167,3
NEWS_27168,3
NEWS_27169,4
NEWS_27170,4
NEWS_27171,3
NEWS_27172,5
NEWS_27173,5
NEWS_27174,5
NEWS_27175,5
NEWS_27176,2
NEWS_27177,4
NEWS_27178,5
NEWS_27179,1
NEWS_27180,1
NEWS_27181,4
NEWS_27182,3
NEWS_27183,0
NEWS_27184,5
NEWS_27185,4
NEWS_27186,2
NEWS_27187,3
NEWS_27188,3
NEWS_27189,2
NEWS_27190,2
NEWS_27191,4
NEWS_27192,4
NEWS_27193,1
NEWS_27194,1
NEWS_27195,4
NEWS_27196,0
NEWS_27197,4
NEWS_27198,4
NEWS_27199,0
NEWS_27200,5
NEWS_27201,4
NEWS_27202,2
NEWS_27203,1
NEWS_27204,4
NEWS_27205,3
NEWS_27206,0
NEWS_27207,2
NEWS_27208,4
NEWS_27209,5
NEWS_27210,2
NEWS_27211,5
NEWS_27212,2
NEWS_27213,1
NEWS_27214,4
NEWS_27215,3
NEWS_27216,3
NEWS_27217,0
NEWS_27218,5
NEWS_27219,3
NEWS_27220,5
NEWS_27221,4
NEWS_27222,5
NEWS_27223,1
NEWS_27224,5
NEWS_27225,4
NEWS_27226,4
NEWS_27227,3
NEWS_27228,4
NEWS_27229,4
NEWS_27230,4
NEWS_27231,4
NEWS_27232,1
NEWS_27233,4
NEWS_27234,4
NEWS_27235,4
NEWS_27236,1
NEWS_27237,2
NEWS_27238,2
NEWS_27239,4
NEWS_27240,2
NEWS_27241,1
NEWS_27242,4
NEWS_27243,0
NEWS_27244,4
NEWS_27245,4
NEWS_27246,1
NEWS_27247,1
NEWS_27248,1
NEWS_27249,5
NEWS_27250,2
NEWS_27251,0
NEWS_27252,0
NEWS_27253,3
NEWS_27254,5
NEWS_27255,3
NEWS_27256,1
NEWS_27257,1
NEWS_27258,1
NEWS_27259,3
NEWS_27260,4
NEWS_27261,4
NEWS_27262,3
NEWS_27263,4
NEWS_27264,3
NEWS_27265,2
NEWS_27266,1
NEWS_27267,3
NEWS_27268,5
NEWS_27269,5
NEWS_27270,1
NEWS_27271,1
NEWS_27272,3
NEWS_27273,1
NEWS_27274,1
NEWS_27275,2
NEWS_27276,1
NEWS_27277,1
NEWS_27278,1
NEWS_27279,5
NEWS_27280,4
NEWS_27281,3
NEWS_27282,1
NEWS_27283,5
NEWS_27284,4
NEWS_27285,4
NEWS_27286,2
NEWS_27287,1
NEWS_27288,3
NEWS_27289,0
NEWS_27290,5
NEWS_27291,0
NEWS_27292,4
NEWS_27293,2
NEWS_27294,3
NEWS_27295,1
NEWS_27296,4
NEWS_27297,5
NEWS_27298,1
NEWS_27299,2
NEWS_27300,3
NEWS_27301,1
NEWS_27302,4
NEWS_27303,1
NEWS_27304,3
NEWS_27305,1
NEWS_27306,1
NEWS_27307,5
NEWS_27308,1
NEWS_27309,2
NEWS_27310,2
NEWS_27311,0
NEWS_27312,0
NEWS_27313,5
NEWS_27314,2
NEWS_27315,1
NEWS_27316,4
NEWS_27317,1
NEWS_27318,1
NEWS_27319,2
NEWS_27320,4
NEWS_27321,2
NEWS_27322,4
NEWS_27323,1
NEWS_27324,4
NEWS_27325,3
NEWS_27326,1
NEWS_27327,4
NEWS_27328,1
NEWS_27329,3
NEWS_27330,4
NEWS_27331,1
NEWS_27332,2
NEWS_27333,1
NEWS_27334,0
NEWS_27335,4
NEWS_27336,3
NEWS_27337,3
NEWS_27338,4
NEWS_27339,1
NEWS_27340,4
NEWS_27341,4
NEWS_27342,5
NEWS_27343,1
NEWS_27344,2
NEWS_27345,4
NEWS_27346,2
NEWS_27347,3
NEWS_27348,1
NEWS_27349,3
NEWS_27350,4
NEWS_27351,3
NEWS_27352,1
NEWS_27353,4
NEWS_27354,1
NEWS_27355,1
NEWS_27356,4
NEWS_27357,1
NEWS_27358,3
NEWS_27359,4
NEWS_27360,5
NEWS_27361,4
NEWS_27362,1
NEWS_27363,4
NEWS_27364,1
NEWS_27365,3
NEWS_27366,3
NEWS_27367,2
NEWS_27368,4
NEWS_27369,4
NEWS_27370,5
NEWS_27371,3
NEWS_27372,4
NEWS_27373,1
NEWS_27374,2
NEWS_27375,4
NEWS_27376,1
NEWS_27377,3
NEWS_27378,3
NEWS_27379,1
NEWS_27380,2
NEWS_27381,4
NEWS_27382,0
NEWS_27383,4
NEWS_27384,1
NEWS_27385,3
NEWS_27386,4
NEWS_27387,1
NEWS_27388,3
NEWS_27389,3
NEWS_27390,4
NEWS_27391,4
NEWS_27392,4
NEWS_27393,2
NEWS_27394,3
NEWS_27395,1
NEWS_27396,4
NEWS_27397,3
NEWS_27398,1
NEWS_27399,5
NEWS_27400,4
NEWS_27401,1
NEWS_27402,4
NEWS_27403,4
NEWS_27404,3
NEWS_27405,5
NEWS_27406,3
NEWS_27407,4
NEWS_27408,4
NEWS_27409,1
NEWS_27410,2
NEWS_27411,0
NEWS_27412,4
NEWS_27413,3
NEWS_27414,4
NEWS_27415,4
NEWS_27416,4
NEWS_27417,5
NEWS_27418,1
NEWS_27419,4
NEWS_27420,3
NEWS_27421,4
NEWS_27422,1
NEWS_27423,3
NEWS_27424,4
NEWS_27425,2
NEWS_27426,4
NEWS_27427,3
NEWS_27428,0
NEWS_27429,0
NEWS_27430,3
NEWS_27431,4
NEWS_27432,3
NEWS_27433,2
NEWS_27434,5
NEWS_27435,4
NEWS_27436,4
NEWS_27437,2
NEWS_27438,4
NEWS_27439,5
NEWS_27440,2
NEWS_27441,1
NEWS_27442,2
NEWS_27443,1
NEWS_27444,5
NEWS_27445,1
NEWS_27446,3
NEWS_27447,1
NEWS_27448,4
NEWS_27449,3
NEWS_27450,3
NEWS_27451,1
NEWS_27452,5
NEWS_27453,2
NEWS_27454,3
NEWS_27455,4
NEWS_27456,3
NEWS_27457,3
NEWS_27458,4
NEWS_27459,3
NEWS_27460,3
NEWS_27461,2
NEWS_27462,5
NEWS_27463,5
NEWS_27464,3
NEWS_27465,5
NEWS_27466,3
NEWS_27467,3
NEWS_27468,4
NEWS_27469,3
NEWS_27470,5
NEWS_27471,1
NEWS_27472,3
NEWS_27473,4
NEWS_27474,4
NEWS_27475,3
NEWS_27476,0
NEWS_27477,3
NEWS_27478,1
NEWS_27479,0
NEWS_27480,1
NEWS_27481,4
NEWS_27482,0
NEWS_27483,4
NEWS_27484,1
NEWS_27485,1
NEWS_27486,0
NEWS_27487,4
NEWS_27488,5
NEWS_27489,1
NEWS_27490,3
NEWS_27491,4
NEWS_27492,5
NEWS_27493,1
NEWS_27494,3
NEWS_27495,3
NEWS_27496,0
NEWS_27497,3
NEWS_27498,3
NEWS_27499,4
NEWS_27500,5
NEWS_27501,2
NEWS_27502,5
NEWS_27503,3
NEWS_27504,1
NEWS_27505,2
NEWS_27506,3
NEWS_27507,4
NEWS_27508,4
NEWS_27509,5
NEWS_27510,1
NEWS_27511,1
NEWS_27512,2
NEWS_27513,5
NEWS_27514,3
NEWS_27515,2
NEWS_27516,4
NEWS_27517,3
NEWS_27518,3
NEWS_27519,1
NEWS_27520,1
NEWS_27521,3
NEWS_27522,3
NEWS_27523,1
NEWS_27524,4
NEWS_27525,3
NEWS_27526,4
NEWS_27527,4
NEWS_27528,4
NEWS_27529,4
NEWS_27530,3
NEWS_27531,5
NEWS_27532,1
NEWS_27533,2
NEWS_27534,5
NEWS_27535,1
NEWS_27536,5
NEWS_27537,5
NEWS_27538,3
NEWS_27539,4
NEWS_27540,2
NEWS_27541,5
NEWS_27542,1
NEWS_27543,1
NEWS_27544,4
NEWS_27545,1
NEWS_27546,3
NEWS_27547,5
NEWS_27548,2
NEWS_27549,3
NEWS_27550,3
NEWS_27551,1
NEWS_27552,1
NEWS_27553,5
NEWS_27554,4
NEWS_27555,4
NEWS_27556,4
NEWS_27557,4
NEWS_27558,4
NEWS_27559,1
NEWS_27560,3
NEWS_27561,3
NEWS_27562,1
NEWS_27563,2
NEWS_27564,3
NEWS_27565,4
NEWS_27566,5
NEWS_27567,2
NEWS_27568,3
NEWS_27569,1
NEWS_27570,2
NEWS_27571,4
NEWS_27572,5
NEWS_27573,4
NEWS_27574,1
NEWS_27575,2
NEWS_27576,4
NEWS_27577,3
NEWS_27578,2
NEWS_27579,2
NEWS_27580,1
NEWS_27581,0
NEWS_27582,5
NEWS_27583,1
NEWS_27584,2
NEWS_27585,4
NEWS_27586,4
NEWS_27587,5
NEWS_27588,3
NEWS_27589,3
NEWS_27590,1
NEWS_27591,0
NEWS_27592,1
NEWS_27593,4
NEWS_27594,1
NEWS_27595,1
NEWS_27596,3
NEWS_27597,1
NEWS_27598,2
NEWS_27599,5
NEWS_27600,3
NEWS_27601,4
NEWS_27602,5
NEWS_27603,4
NEWS_27604,0
NEWS_27605,2
NEWS_27606,3
NEWS_27607,5
NEWS_27608,4
NEWS_27609,2
NEWS_27610,1
NEWS_27611,4
NEWS_27612,5
NEWS_27613,4
NEWS_27614,1
NEWS_27615,0
NEWS_27616,1
NEWS_27617,4
NEWS_27618,0
NEWS_27619,2
NEWS_27620,3
NEWS_27621,5
NEWS_27622,5
NEWS_27623,2
NEWS_27624,1
NEWS_27625,5
NEWS_27626,4
NEWS_27627,5
NEWS_27628,4
NEWS_27629,4
NEWS_27630,5
NEWS_27631,4
NEWS_27632,3
NEWS_27633,2
NEWS_27634,2
NEWS_27635,1
NEWS_27636,1
NEWS_27637,5
NEWS_27638,1
NEWS_27639,5
NEWS_27640,3
NEWS_27641,1
NEWS_27642,4
NEWS_27643,4
NEWS_27644,1
NEWS_27645,3
NEWS_27646,1
NEWS_27647,4
NEWS_27648,3
NEWS_27649,3
NEWS_27650,0
NEWS_27651,4
NEWS_27652,2
NEWS_27653,1
NEWS_27654,3
NEWS_27655,3
NEWS_27656,1
NEWS_27657,4
NEWS_27658,1
NEWS_27659,1
NEWS_27660,3
NEWS_27661,4
NEWS_27662,1
NEWS_27663,4
NEWS_27664,5
NEWS_27665,4
NEWS_27666,1
NEWS_27667,4
NEWS_27668,4
NEWS_27669,2
NEWS_27670,3
NEWS_27671,4
NEWS_27672,1
NEWS_27673,1
NEWS_27674,4
NEWS_27675,4
NEWS_27676,4
NEWS_27677,2
NEWS_27678,2
NEWS_27679,0
NEWS_27680,4
NEWS_27681,3
NEWS_27682,3
NEWS_27683,1
NEWS_27684,4
NEWS_27685,1
NEWS_27686,1
NEWS_27687,1
NEWS_27688,3
NEWS_27689,4
NEWS_27690,3
NEWS_27691,5
NEWS_27692,0
NEWS_27693,1
NEWS_27694,4
NEWS_27695,0
NEWS_27696,3
NEWS_27697,3
NEWS_27698,3
NEWS_27699,2
NEWS_27700,5
NEWS_27701,3
NEWS_27702,1
NEWS_27703,5
NEWS_27704,3
NEWS_27705,4
NEWS_27706,4
NEWS_27707,3
NEWS_27708,3
NEWS_27709,1
NEWS_27710,0
NEWS_27711,4
NEWS_27712,3
NEWS_27713,3
NEWS_27714,4
NEWS_27715,2
NEWS_27716,4
NEWS_27717,1
NEWS_27718,4
NEWS_27719,2
NEWS_27720,1
NEWS_27721,5
NEWS_27722,5
NEWS_27723,4
NEWS_27724,5
NEWS_27725,1
NEWS_27726,5
NEWS_27727,3
NEWS_27728,4
NEWS_27729,4
NEWS_27730,5
NEWS_27731,4
NEWS_27732,0
NEWS_27733,0
NEWS_27734,4
NEWS_27735,3
NEWS_27736,3
NEWS_27737,1
NEWS_27738,4
NEWS_27739,4
NEWS_27740,3
NEWS_27741,1
NEWS_27742,3
NEWS_27743,1
NEWS_27744,5
NEWS_27745,3
NEWS_27746,4
NEWS_27747,3
NEWS_27748,4
NEWS_27749,4
NEWS_27750,3
NEWS_27751,5
NEWS_27752,1
NEWS_27753,3
NEWS_27754,4
NEWS_27755,1
NEWS_27756,3
NEWS_27757,2
NEWS_27758,3
NEWS_27759,4
NEWS_27760,4
NEWS_27761,1
NEWS_27762,4
NEWS_27763,2
NEWS_27764,1
NEWS_27765,4
NEWS_27766,0
NEWS_27767,3
NEWS_27768,1
NEWS_27769,4
NEWS_27770,3
NEWS_27771,5
NEWS_27772,4
NEWS_27773,5
NEWS_27774,2
NEWS_27775,3
NEWS_27776,3
NEWS_27777,1
NEWS_27778,3
NEWS_27779,4
NEWS_27780,5
NEWS_27781,2
NEWS_27782,4
NEWS_27783,3
NEWS_27784,5
NEWS_27785,1
NEWS_27786,1
NEWS_27787,3
NEWS_27788,1
NEWS_27789,4
NEWS_27790,1
NEWS_27791,2
NEWS_27792,2
NEWS_27793,2
NEWS_27794,3
NEWS_27795,0
NEWS_27796,3
NEWS_27797,3
NEWS_27798,2
NEWS_27799,3
NEWS_27800,2
NEWS_27801,2
NEWS_27802,5
NEWS_27803,2
NEWS_27804,1
NEWS_27805,2
NEWS_27806,3
NEWS_27807,3
NEWS_27808,4
NEWS_27809,4
NEWS_27810,4
NEWS_27811,3
NEWS_27812,0
NEWS_27813,2
NEWS_27814,4
NEWS_27815,5
NEWS_27816,0
NEWS_27817,5
NEWS_27818,5
NEWS_27819,0
NEWS_27820,1
NEWS_27821,4
NEWS_27822,1
NEWS_27823,5
NEWS_27824,4
NEWS_27825,5
NEWS_27826,5
NEWS_27827,4
NEWS_27828,1
NEWS_27829,4
NEWS_27830,4
NEWS_27831,4
NEWS_27832,4
NEWS_27833,0
NEWS_27834,4
NEWS_27835,5
NEWS_27836,1
NEWS_27837,4
NEWS_27838,5
NEWS_27839,0
NEWS_27840,4
NEWS_27841,1
NEWS_27842,1
NEWS_27843,1
NEWS_27844,3
NEWS_27845,1
NEWS_27846,1
NEWS_27847,3
NEWS_27848,4
NEWS_27849,4
NEWS_27850,2
NEWS_27851,4
NEWS_27852,1
NEWS_27853,3
NEWS_27854,4
NEWS_27855,2
NEWS_27856,4
NEWS_27857,3
NEWS_27858,2
NEWS_27859,4
NEWS_27860,1
NEWS_27861,4
NEWS_27862,0
NEWS_27863,3
NEWS_27864,3
NEWS_27865,5
NEWS_27866,4
NEWS_27867,4
NEWS_27868,1
NEWS_27869,1
NEWS_27870,5
NEWS_27871,2
NEWS_27872,4
NEWS_27873,5
NEWS_27874,5
NEWS_27875,2
NEWS_27876,0
NEWS_27877,4
NEWS_27878,4
NEWS_27879,2
NEWS_27880,4
NEWS_27881,4
NEWS_27882,1
NEWS_27883,4
NEWS_27884,5
NEWS_27885,0
NEWS_27886,4
NEWS_27887,5
NEWS_27888,1
NEWS_27889,4
NEWS_27890,3
NEWS_27891,5
NEWS_27892,1
NEWS_27893,4
NEWS_27894,5
NEWS_27895,2
NEWS_27896,1
NEWS_27897,4
NEWS_27898,5
NEWS_27899,4
NEWS_27900,2
NEWS_27901,4
NEWS_27902,3
NEWS_27903,4
NEWS_27904,1
NEWS_27905,4
NEWS_27906,2
NEWS_27907,3
NEWS_27908,4
NEWS_27909,4
NEWS_27910,5
NEWS_27911,4
NEWS_27912,1
NEWS_27913,3
NEWS_27914,4
NEWS_27915,4
NEWS_27916,1
NEWS_27917,2
NEWS_27918,4
NEWS_27919,4
NEWS_27920,4
NEWS_27921,3
NEWS_27922,2
NEWS_27923,1
NEWS_27924,1
NEWS_27925,0
NEWS_27926,3
NEWS_27927,4
NEWS_27928,4
NEWS_27929,4
NEWS_27930,4
NEWS_27931,4
NEWS_27932,3
NEWS_27933,0
NEWS_27934,4
NEWS_27935,5
NEWS_27936,5
NEWS_27937,1
NEWS_27938,4
NEWS_27939,4
NEWS_27940,5
NEWS_27941,5
NEWS_27942,2
NEWS_27943,1
NEWS_27944,5
NEWS_27945,3
NEWS_27946,3
NEWS_27947,3
NEWS_27948,3
NEWS_27949,5
NEWS_27950,2
NEWS_27951,1
NEWS_27952,4
NEWS_27953,2
NEWS_27954,1
NEWS_27955,3
NEWS_27956,2
NEWS_27957,5
NEWS_27958,3
NEWS_27959,4
NEWS_27960,5
NEWS_27961,2
NEWS_27962,3
NEWS_27963,1
NEWS_27964,3
NEWS_27965,1
NEWS_27966,4
NEWS_27967,1
NEWS_27968,1
NEWS_27969,2
NEWS_27970,1
NEWS_27971,4
NEWS_27972,1
NEWS_27973,1
NEWS_27974,4
NEWS_27975,2
NEWS_27976,4
NEWS_27977,1
NEWS_27978,3
NEWS_27979,4
NEWS_27980,4
NEWS_27981,3
NEWS_27982,4
NEWS_27983,4
NEWS_27984,2
NEWS_27985,3
NEWS_27986,2
NEWS_27987,5
NEWS_27988,1
NEWS_27989,4
NEWS_27990,0
NEWS_27991,1
NEWS_27992,4
NEWS_27993,2
NEWS_27994,1
NEWS_27995,2
NEWS_27996,3
NEWS_27997,1
NEWS_27998,3
NEWS_27999,2
NEWS_28000,1
NEWS_28001,1
NEWS_28002,3
NEWS_28003,3
NEWS_28004,1
NEWS_28005,5
NEWS_28006,1
NEWS_28007,4
NEWS_28008,3
NEWS_28009,4
NEWS_28010,2
NEWS_28011,4
NEWS_28012,4
NEWS_28013,4
NEWS_28014,3
NEWS_28015,5
NEWS_28016,3
NEWS_28017,1
NEWS_28018,3
NEWS_28019,4
NEWS_28020,2
NEWS_28021,4
NEWS_28022,4
NEWS_28023,5
NEWS_28024,2
NEWS_28025,4
NEWS_28026,5
NEWS_28027,1
NEWS_28028,2
NEWS_28029,4
NEWS_28030,4
NEWS_28031,1
NEWS_28032,1
NEWS_28033,4
NEWS_28034,4
NEWS_28035,1
NEWS_28036,1
NEWS_28037,1
NEWS_28038,4
NEWS_28039,3
NEWS_28040,4
NEWS_28041,1
NEWS_28042,4
NEWS_28043,3
NEWS_28044,3
NEWS_28045,4
NEWS_28046,4
NEWS_28047,2
NEWS_28048,4
NEWS_28049,2
NEWS_28050,4
NEWS_28051,4
NEWS_28052,2
NEWS_28053,5
NEWS_28054,4
NEWS_28055,1
NEWS_28056,4
NEWS_28057,2
NEWS_28058,3
NEWS_28059,5
NEWS_28060,1
NEWS_28061,1
NEWS_28062,4
NEWS_28063,4
NEWS_28064,5
NEWS_28065,4
NEWS_28066,1
NEWS_28067,2
NEWS_28068,4
NEWS_28069,5
NEWS_28070,4
NEWS_28071,2
NEWS_28072,3
NEWS_28073,1
NEWS_28074,4
NEWS_28075,4
NEWS_28076,3
NEWS_28077,3
NEWS_28078,1
NEWS_28079,4
NEWS_28080,3
NEWS_28081,2
NEWS_28082,2
NEWS_28083,1
NEWS_28084,4
NEWS_28085,5
NEWS_28086,2
NEWS_28087,1
NEWS_28088,0
NEWS_28089,4
NEWS_28090,3
NEWS_28091,4
NEWS_28092,5
NEWS_28093,3
NEWS_28094,4
NEWS_28095,3
NEWS_28096,4
NEWS_28097,4
NEWS_28098,5
NEWS_28099,4
NEWS_28100,1
NEWS_28101,4
NEWS_28102,0
NEWS_28103,3
NEWS_28104,1
NEWS_28105,5
NEWS_28106,4
NEWS_28107,5
NEWS_28108,0
NEWS_28109,3
NEWS_28110,1
NEWS_28111,5
NEWS_28112,4
NEWS_28113,4
NEWS_28114,2
NEWS_28115,4
NEWS_28116,0
NEWS_28117,4
NEWS_28118,5
NEWS_28119,4
NEWS_28120,2
NEWS_28121,5
NEWS_28122,1
NEWS_28123,4
NEWS_28124,5
NEWS_28125,4
NEWS_28126,1
NEWS_28127,0
NEWS_28128,3
NEWS_28129,3
NEWS_28130,3
NEWS_28131,3
NEWS_28132,1
NEWS_28133,3
NEWS_28134,1
NEWS_28135,1
NEWS_28136,4
NEWS_28137,3
NEWS_28138,1
NEWS_28139,3
NEWS_28140,4
NEWS_28141,4
NEWS_28142,4
NEWS_28143,1
NEWS_28144,1
NEWS_28145,5
NEWS_28146,4
NEWS_28147,0
NEWS_28148,5
NEWS_28149,4
NEWS_28150,2
NEWS_28151,4
NEWS_28152,3
NEWS_28153,1
NEWS_28154,5
NEWS_28155,4
NEWS_28156,4
NEWS_28157,0
NEWS_28158,1
NEWS_28159,1
NEWS_28160,1
NEWS_28161,2
NEWS_28162,4
NEWS_28163,2
NEWS_28164,4
NEWS_28165,3
NEWS_28166,4
NEWS_28167,0
NEWS_28168,1
NEWS_28169,5
NEWS_28170,2
NEWS_28171,4
NEWS_28172,4
NEWS_28173,5
NEWS_28174,5
NEWS_28175,3
NEWS_28176,5
NEWS_28177,4
NEWS_28178,0
NEWS_28179,3
NEWS_28180,0
NEWS_28181,1
NEWS_28182,1
NEWS_28183,4
NEWS_28184,4
NEWS_28185,4
NEWS_28186,4
NEWS_28187,4
NEWS_28188,1
NEWS_28189,2
NEWS_28190,5
NEWS_28191,4
NEWS_28192,3
NEWS_28193,4
NEWS_28194,4
NEWS_28195,0
NEWS_28196,2
NEWS_28197,3
NEWS_28198,2
NEWS_28199,1
NEWS_28200,4
NEWS_28201,5
NEWS_28202,1
NEWS_28203,4
NEWS_28204,3
NEWS_28205,1
NEWS_28206,3
NEWS_28207,4
NEWS_28208,0
NEWS_28209,5
NEWS_28210,1
NEWS_28211,3
NEWS_28212,4
NEWS_28213,1
NEWS_28214,4
NEWS_28215,3
NEWS_28216,1
NEWS_28217,4
NEWS_28218,2
NEWS_28219,4
NEWS_28220,4
NEWS_28221,3
NEWS_28222,5
NEWS_28223,1
NEWS_28224,4
NEWS_28225,4
NEWS_28226,4
NEWS_28227,1
NEWS_28228,3
NEWS_28229,5
NEWS_28230,5
NEWS_28231,4
NEWS_28232,0
NEWS_28233,4
NEWS_28234,4
NEWS_28235,1
NEWS_28236,4
NEWS_28237,3
NEWS_28238,0
NEWS_28239,3
NEWS_28240,4
NEWS_28241,2
NEWS_28242,0
NEWS_28243,3
NEWS_28244,4
NEWS_28245,4
NEWS_28246,5
NEWS_28247,4
NEWS_28248,3
NEWS_28249,4
NEWS_28250,4
NEWS_28251,1
NEWS_28252,4
NEWS_28253,5
NEWS_28254,3
NEWS_28255,1
NEWS_28256,5
NEWS_28257,4
NEWS_28258,4
NEWS_28259,4
NEWS_28260,4
NEWS_28261,0
NEWS_28262,1
NEWS_28263,5
NEWS_28264,4
NEWS_28265,1
NEWS_28266,1
NEWS_28267,1
NEWS_28268,2
NEWS_28269,5
NEWS_28270,5
NEWS_28271,5
NEWS_28272,1
NEWS_28273,1
NEWS_28274,4
NEWS_28275,4
NEWS_28276,4
NEWS_28277,1
NEWS_28278,4
NEWS_28279,4
NEWS_28280,1
NEWS_28281,5
NEWS_28282,3
NEWS_28283,4
NEWS_28284,5
NEWS_28285,0
NEWS_28286,4
NEWS_28287,4
NEWS_28288,4
NEWS_28289,2
NEWS_28290,3
NEWS_28291,5
NEWS_28292,3
NEWS_28293,5
NEWS_28294,1
NEWS_28295,4
NEWS_28296,5
NEWS_28297,2
NEWS_28298,4
NEWS_28299,1
NEWS_28300,3
NEWS_28301,5
NEWS_28302,1
NEWS_28303,4
NEWS_28304,3
NEWS_28305,2
NEWS_28306,3
NEWS_28307,3
NEWS_28308,1
NEWS_28309,2
NEWS_28310,3
NEWS_28311,1
NEWS_28312,4
NEWS_28313,5
NEWS_28314,5
NEWS_28315,3
NEWS_28316,3
NEWS_28317,3
NEWS_28318,5
NEWS_28319,4
NEWS_28320,5
NEWS_28321,5
NEWS_28322,3
NEWS_28323,5
NEWS_28324,0
NEWS_28325,0
NEWS_28326,2
NEWS_28327,5
NEWS_28328,4
NEWS_28329,5
NEWS_28330,4
NEWS_28331,5
NEWS_28332,3
NEWS_28333,4
NEWS_28334,4
NEWS_28335,4
NEWS_28336,2
NEWS_28337,3
NEWS_28338,2
NEWS_28339,4
NEWS_28340,2
NEWS_28341,5
NEWS_28342,1
NEWS_28343,3
NEWS_28344,2
NEWS_28345,4
NEWS_28346,5
NEWS_28347,2
NEWS_28348,4
NEWS_28349,2
NEWS_28350,3
NEWS_28351,1
NEWS_28352,3
NEWS_28353,4
NEWS_28354,2
NEWS_28355,3
NEWS_28356,3
NEWS_28357,0
NEWS_28358,4
NEWS_28359,4
NEWS_28360,4
NEWS_28361,1
NEWS_28362,4
NEWS_28363,4
NEWS_28364,2
NEWS_28365,1
NEWS_28366,3
NEWS_28367,4
NEWS_28368,1
NEWS_28369,5
NEWS_28370,4
NEWS_28371,1
NEWS_28372,2
NEWS_28373,1
NEWS_28374,5
NEWS_28375,3
NEWS_28376,1
NEWS_28377,2
NEWS_28378,5
NEWS_28379,2
NEWS_28380,3
NEWS_28381,5
NEWS_28382,4
NEWS_28383,5
NEWS_28384,3
NEWS_28385,1
NEWS_28386,4
NEWS_28387,4
NEWS_28388,4
NEWS_28389,4
NEWS_28390,1
NEWS_28391,4
NEWS_28392,1
NEWS_28393,2
NEWS_28394,3
NEWS_28395,3
NEWS_28396,3
NEWS_28397,1
NEWS_28398,4
NEWS_28399,2
NEWS_28400,3
NEWS_28401,4
NEWS_28402,1
NEWS_28403,1
NEWS_28404,3
NEWS_28405,4
NEWS_28406,3
NEWS_28407,4
NEWS_28408,5
NEWS_28409,5
NEWS_28410,5
NEWS_28411,2
NEWS_28412,5
NEWS_28413,3
NEWS_28414,2
NEWS_28415,4
NEWS_28416,1
NEWS_28417,1
NEWS_28418,1
NEWS_28419,0
NEWS_28420,2
NEWS_28421,4
NEWS_28422,0
NEWS_28423,3
NEWS_28424,4
NEWS_28425,4
NEWS_28426,5
NEWS_28427,1
NEWS_28428,2
NEWS_28429,4
NEWS_28430,5
NEWS_28431,5
NEWS_28432,3
NEWS_28433,0
NEWS_28434,3
NEWS_28435,2
NEWS_28436,5
NEWS_28437,4
NEWS_28438,0
NEWS_28439,4
NEWS_28440,4
NEWS_28441,0
NEWS_28442,1
NEWS_28443,0
NEWS_28444,2
NEWS_28445,4
NEWS_28446,2
NEWS_28447,1
NEWS_28448,5
NEWS_28449,4
NEWS_28450,3
NEWS_28451,1
NEWS_28452,3
NEWS_28453,1
NEWS_28454,3
NEWS_28455,3
NEWS_28456,4
NEWS_28457,1
NEWS_28458,1
NEWS_28459,1
NEWS_28460,4
NEWS_28461,1
NEWS_28462,4
NEWS_28463,0
NEWS_28464,3
NEWS_28465,5
NEWS_28466,3
NEWS_28467,1
NEWS_28468,2
NEWS_28469,2
NEWS_28470,3
NEWS_28471,4
NEWS_28472,3
NEWS_28473,1
NEWS_28474,2
NEWS_28475,5
NEWS_28476,3
NEWS_28477,3
NEWS_28478,3
NEWS_28479,3
NEWS_28480,4
NEWS_28481,1
NEWS_28482,4
NEWS_28483,3
NEWS_28484,0
NEWS_28485,2
NEWS_28486,3
NEWS_28487,2
NEWS_28488,4
NEWS_28489,1
NEWS_28490,1
NEWS_28491,5
NEWS_28492,5
NEWS_28493,4
NEWS_28494,1
NEWS_28495,1
NEWS_28496,5
NEWS_28497,4
NEWS_28498,1
NEWS_28499,1
NEWS_28500,1
NEWS_28501,1
NEWS_28502,3
NEWS_28503,4
NEWS_28504,3
NEWS_28505,2
NEWS_28506,4
NEWS_28507,4
NEWS_28508,4
NEWS_28509,3
NEWS_28510,4
NEWS_28511,5
NEWS_28512,3
NEWS_28513,5
NEWS_28514,5
NEWS_28515,4
NEWS_28516,1
NEWS_28517,2
NEWS_28518,1
NEWS_28519,4
NEWS_28520,5
NEWS_28521,4
NEWS_28522,3
NEWS_28523,4
NEWS_28524,1
NEWS_28525,3
NEWS_28526,3
NEWS_28527,5
NEWS_28528,4
NEWS_28529,4
NEWS_28530,1
NEWS_28531,3
NEWS_28532,4
NEWS_28533,4
NEWS_28534,5
NEWS_28535,1
NEWS_28536,5
NEWS_28537,4
NEWS_28538,3
NEWS_28539,3
NEWS_28540,5
NEWS_28541,3
NEWS_28542,3
NEWS_28543,1
NEWS_28544,4
NEWS_28545,2
NEWS_28546,3
NEWS_28547,4
NEWS_28548,3
NEWS_28549,2
NEWS_28550,5
NEWS_28551,5
NEWS_28552,4
NEWS_28553,4
NEWS_28554,5
NEWS_28555,3
NEWS_28556,5
NEWS_28557,5
NEWS_28558,4
NEWS_28559,2
NEWS_28560,3
NEWS_28561,3
NEWS_28562,3
NEWS_28563,4
NEWS_28564,5
NEWS_28565,2
NEWS_28566,4
NEWS_28567,5
NEWS_28568,4
NEWS_28569,3
NEWS_28570,4
NEWS_28571,1
NEWS_28572,4
NEWS_28573,2
NEWS_28574,3
NEWS_28575,1
NEWS_28576,3
NEWS_28577,5
NEWS_28578,4
NEWS_28579,4
NEWS_28580,3
NEWS_28581,0
NEWS_28582,4
NEWS_28583,1
NEWS_28584,4
NEWS_28585,4
NEWS_28586,4
NEWS_28587,2
NEWS_28588,3
NEWS_28589,5
NEWS_28590,0
NEWS_28591,1
NEWS_28592,4
NEWS_28593,2
NEWS_28594,0
NEWS_28595,5
NEWS_28596,1
NEWS_28597,5
NEWS_28598,4
NEWS_28599,2
NEWS_28600,3
NEWS_28601,2
NEWS_28602,1
NEWS_28603,4
NEWS_28604,3
NEWS_28605,4
NEWS_28606,2
NEWS_28607,5
NEWS_28608,1
NEWS_28609,2
NEWS_28610,1
NEWS_28611,2
NEWS_28612,3
NEWS_28613,3
NEWS_28614,4
NEWS_28615,1
NEWS_28616,1
NEWS_28617,1
NEWS_28618,4
NEWS_28619,4
NEWS_28620,4
NEWS_28621,1
NEWS_28622,5
NEWS_28623,1
NEWS_28624,4
NEWS_28625,2
NEWS_28626,5
NEWS_28627,3
NEWS_28628,5
NEWS_28629,1
NEWS_28630,4
NEWS_28631,1
NEWS_28632,5
NEWS_28633,4
NEWS_28634,2
NEWS_28635,4
NEWS_28636,1
NEWS_28637,4
NEWS_28638,4
NEWS_28639,3
NEWS_28640,5
NEWS_28641,4
NEWS_28642,4
NEWS_28643,5
NEWS_28644,5
NEWS_28645,1
NEWS_28646,2
NEWS_28647,4
NEWS_28648,4
NEWS_28649,4
NEWS_28650,3
NEWS_28651,2
NEWS_28652,1
NEWS_28653,2
NEWS_28654,4
NEWS_28655,2
NEWS_28656,3
NEWS_28657,2
NEWS_28658,3
NEWS_28659,3
NEWS_28660,1
NEWS_28661,4
NEWS_28662,4
NEWS_28663,1
NEWS_28664,4
NEWS_28665,1
NEWS_28666,3
NEWS_28667,2
NEWS_28668,4
NEWS_28669,4
NEWS_28670,1
NEWS_28671,5
NEWS_28672,2
NEWS_28673,4
NEWS_28674,5
NEWS_28675,1
NEWS_28676,5
NEWS_28677,2
NEWS_28678,3
NEWS_28679,2
NEWS_28680,3
NEWS_28681,1
NEWS_28682,1
NEWS_28683,3
NEWS_28684,3
NEWS_28685,2
NEWS_28686,4
NEWS_28687,4
NEWS_28688,1
NEWS_28689,3
NEWS_28690,1
NEWS_28691,1
NEWS_28692,1
NEWS_28693,2
NEWS_28694,1
NEWS_28695,3
NEWS_28696,1
NEWS_28697,3
NEWS_28698,2
NEWS_28699,3
NEWS_28700,4
NEWS_28701,4
NEWS_28702,4
NEWS_28703,5
NEWS_28704,2
NEWS_28705,5
NEWS_28706,3
NEWS_28707,1
NEWS_28708,3
NEWS_28709,5
NEWS_28710,3
NEWS_28711,5
NEWS_28712,3
NEWS_28713,5
NEWS_28714,4
NEWS_28715,1
NEWS_28716,5
NEWS_28717,5
NEWS_28718,2
NEWS_28719,0
NEWS_28720,1
NEWS_28721,3
NEWS_28722,1
NEWS_28723,3
NEWS_28724,3
NEWS_28725,4
NEWS_28726,1
NEWS_28727,3
NEWS_28728,1
NEWS_28729,3
NEWS_28730,5
NEWS_28731,3
NEWS_28732,4
NEWS_28733,3
NEWS_28734,1
NEWS_28735,3
NEWS_28736,2
NEWS_28737,0
NEWS_28738,1
NEWS_28739,4
NEWS_28740,3
NEWS_28741,1
NEWS_28742,5
NEWS_28743,5
NEWS_28744,3
NEWS_28745,5
NEWS_28746,5
NEWS_28747,1
NEWS_28748,0
NEWS_28749,1
NEWS_28750,0
NEWS_28751,4
NEWS_28752,4
NEWS_28753,0
NEWS_28754,5
NEWS_28755,4
NEWS_28756,1
NEWS_28757,3
NEWS_28758,1
NEWS_28759,5
NEWS_28760,5
NEWS_28761,5
NEWS_28762,4
NEWS_28763,1
NEWS_28764,4
NEWS_28765,1
NEWS_28766,3
NEWS_28767,2
NEWS_28768,1
NEWS_28769,1
NEWS_28770,3
NEWS_28771,5
NEWS_28772,0
NEWS_28773,5
NEWS_28774,4
NEWS_28775,2
NEWS_28776,3
NEWS_28777,4
NEWS_28778,4
NEWS_28779,3
NEWS_28780,4
NEWS_28781,3
NEWS_28782,3
NEWS_28783,1
NEWS_28784,3
NEWS_28785,4
NEWS_28786,2
NEWS_28787,2
NEWS_28788,3
NEWS_28789,4
NEWS_28790,0
NEWS_28791,1
NEWS_28792,0
NEWS_28793,4
NEWS_28794,4
NEWS_28795,4
NEWS_28796,1
NEWS_28797,5
NEWS_28798,4
NEWS_28799,1
NEWS_28800,3
NEWS_28801,4
NEWS_28802,3
NEWS_28803,3
NEWS_28804,2
NEWS_28805,3
NEWS_28806,3
NEWS_28807,0
NEWS_28808,3
NEWS_28809,4
NEWS_28810,0
NEWS_28811,4
NEWS_28812,1
NEWS_28813,5
NEWS_28814,5
NEWS_28815,4
NEWS_28816,4
NEWS_28817,4
NEWS_28818,3
NEWS_28819,5
NEWS_28820,3
NEWS_28821,1
NEWS_28822,2
NEWS_28823,4
NEWS_28824,0
NEWS_28825,2
NEWS_28826,1
NEWS_28827,1
NEWS_28828,5
NEWS_28829,0
NEWS_28830,3
NEWS_28831,1
NEWS_28832,2
NEWS_28833,4
NEWS_28834,4
NEWS_28835,1
NEWS_28836,3
NEWS_28837,3
NEWS_28838,4
NEWS_28839,5
NEWS_28840,1
NEWS_28841,1
NEWS_28842,4
NEWS_28843,0
NEWS_28844,5
NEWS_28845,3
NEWS_28846,4
NEWS_28847,1
NEWS_28848,4
NEWS_28849,4
NEWS_28850,2
NEWS_28851,1
NEWS_28852,1
NEWS_28853,1
NEWS_28854,5
NEWS_28855,0
NEWS_28856,1
NEWS_28857,5
NEWS_28858,0
NEWS_28859,3
NEWS_28860,3
NEWS_28861,5
NEWS_28862,4
NEWS_28863,1
NEWS_28864,3
NEWS_28865,4
NEWS_28866,2
NEWS_28867,1
NEWS_28868,4
NEWS_28869,2
NEWS_28870,2
NEWS_28871,3
NEWS_28872,4
NEWS_28873,3
NEWS_28874,5
NEWS_28875,3
NEWS_28876,5
NEWS_28877,1
NEWS_28878,2
NEWS_28879,2
NEWS_28880,1
NEWS_28881,3
NEWS_28882,1
NEWS_28883,3
NEWS_28884,2
NEWS_28885,0
NEWS_28886,2
NEWS_28887,4
NEWS_28888,4
NEWS_28889,3
NEWS_28890,4
NEWS_28891,3
NEWS_28892,1
NEWS_28893,4
NEWS_28894,0
NEWS_28895,5
NEWS_28896,5
NEWS_28897,1
NEWS_28898,1
NEWS_28899,4
NEWS_28900,3
NEWS_28901,1
NEWS_28902,3
NEWS_28903,1
NEWS_28904,4
NEWS_28905,3
NEWS_28906,2
NEWS_28907,5
NEWS_28908,1
NEWS_28909,4
NEWS_28910,4
NEWS_28911,4
NEWS_28912,5
NEWS_28913,5
NEWS_28914,3
NEWS_28915,3
NEWS_28916,1
NEWS_28917,4
NEWS_28918,1
NEWS_28919,1
NEWS_28920,2
NEWS_28921,2
NEWS_28922,4
NEWS_28923,4
NEWS_28924,1
NEWS_28925,1
NEWS_28926,1
NEWS_28927,1
NEWS_28928,5
NEWS_28929,4
NEWS_28930,3
NEWS_28931,2
NEWS_28932,4
NEWS_28933,5
NEWS_28934,3
NEWS_28935,1
NEWS_28936,5
NEWS_28937,1
NEWS_28938,4
NEWS_28939,4
NEWS_28940,5
NEWS_28941,4
NEWS_28942,5
NEWS_28943,3
NEWS_28944,4
NEWS_28945,3
NEWS_28946,4
NEWS_28947,1
NEWS_28948,4
NEWS_28949,1
NEWS_28950,1
NEWS_28951,3
NEWS_28952,2
NEWS_28953,5
NEWS_28954,5
NEWS_28955,5
NEWS_28956,3
NEWS_28957,4
NEWS_28958,4
NEWS_28959,3
NEWS_28960,5
NEWS_28961,4
NEWS_28962,4
NEWS_28963,1
NEWS_28964,5
NEWS_28965,4
NEWS_28966,1
NEWS_28967,2
NEWS_28968,1
NEWS_28969,2
NEWS_28970,1
NEWS_28971,4
NEWS_28972,4
NEWS_28973,0
NEWS_28974,3
NEWS_28975,0
NEWS_28976,4
NEWS_28977,5
NEWS_28978,5
NEWS_28979,4
NEWS_28980,4
NEWS_28981,3
NEWS_28982,4
NEWS_28983,4
NEWS_28984,4
NEWS_28985,4
NEWS_28986,3
NEWS_28987,3
NEWS_28988,3
NEWS_28989,3
NEWS_28990,1
NEWS_28991,4
NEWS_28992,5
NEWS_28993,1
NEWS_28994,1
NEWS_28995,2
NEWS_28996,1
NEWS_28997,4
NEWS_28998,4
NEWS_28999,2
NEWS_29000,3
NEWS_29001,3
NEWS_29002,0
NEWS_29003,3
NEWS_29004,1
NEWS_29005,2
NEWS_29006,3
NEWS_29007,4
NEWS_29008,3
NEWS_29009,4
NEWS_29010,1
NEWS_29011,2
NEWS_29012,2
NEWS_29013,3
NEWS_29014,4
NEWS_29015,1
NEWS_29016,5
NEWS_29017,1
NEWS_29018,4
NEWS_29019,4
NEWS_29020,1
NEWS_29021,1
NEWS_29022,2
NEWS_29023,3
NEWS_29024,0
NEWS_29025,3
NEWS_29026,3
NEWS_29027,2
NEWS_29028,4
NEWS_29029,4
NEWS_29030,3
NEWS_29031,3
NEWS_29032,2
NEWS_29033,1
NEWS_29034,5
NEWS_29035,1
NEWS_29036,2
NEWS_29037,3
NEWS_29038,0
NEWS_29039,2
NEWS_29040,2
NEWS_29041,3
NEWS_29042,1
NEWS_29043,5
NEWS_29044,2
NEWS_29045,4
NEWS_29046,4
NEWS_29047,4
NEWS_29048,5
NEWS_29049,3
NEWS_29050,2
NEWS_29051,1
NEWS_29052,3
NEWS_29053,4
NEWS_29054,2
NEWS_29055,4
NEWS_29056,1
NEWS_29057,4
NEWS_29058,4
NEWS_29059,2
NEWS_29060,4
NEWS_29061,4
NEWS_29062,4
NEWS_29063,2
NEWS_29064,4
NEWS_29065,3
NEWS_29066,4
NEWS_29067,2
NEWS_29068,3
NEWS_29069,1
NEWS_29070,5
NEWS_29071,4
NEWS_29072,1
NEWS_29073,2
NEWS_29074,2
NEWS_29075,4
NEWS_29076,4
NEWS_29077,4
NEWS_29078,5
NEWS_29079,1
NEWS_29080,1
NEWS_29081,3
NEWS_29082,4
NEWS_29083,4
NEWS_29084,4
NEWS_29085,2
NEWS_29086,3
NEWS_29087,3
NEWS_29088,4
NEWS_29089,3
NEWS_29090,2
NEWS_29091,2
NEWS_29092,3
NEWS_29093,0
NEWS_29094,1
NEWS_29095,2
NEWS_29096,0
NEWS_29097,3
NEWS_29098,5
NEWS_29099,4
NEWS_29100,2
NEWS_29101,4
NEWS_29102,1
NEWS_29103,1
NEWS_29104,3
NEWS_29105,2
NEWS_29106,5
NEWS_29107,3
NEWS_29108,5
NEWS_29109,4
NEWS_29110,5
NEWS_29111,1
NEWS_29112,2
NEWS_29113,3
NEWS_29114,4
NEWS_29115,1
NEWS_29116,3
NEWS_29117,1
NEWS_29118,3
NEWS_29119,5
NEWS_29120,4
NEWS_29121,3
NEWS_29122,4
NEWS_29123,2
NEWS_29124,1
NEWS_29125,2
NEWS_29126,5
NEWS_29127,0
NEWS_29128,1
NEWS_29129,1
NEWS_29130,3
NEWS_29131,1
NEWS_29132,0
NEWS_29133,4
NEWS_29134,3
NEWS_29135,2
NEWS_29136,4
NEWS_29137,3
NEWS_29138,4
NEWS_29139,4
NEWS_29140,4
NEWS_29141,4
NEWS_29142,4
NEWS_29143,1
NEWS_29144,4
NEWS_29145,4
NEWS_29146,4
NEWS_29147,0
NEWS_29148,2
NEWS_29149,4
NEWS_29150,4
NEWS_29151,1
NEWS_29152,2
NEWS_29153,4
NEWS_29154,3
NEWS_29155,3
NEWS_29156,3
NEWS_29157,4
NEWS_29158,3
NEWS_29159,1
NEWS_29160,4
NEWS_29161,2
NEWS_29162,4
NEWS_29163,3
NEWS_29164,1
NEWS_29165,3
NEWS_29166,4
NEWS_29167,4
NEWS_29168,1
NEWS_29169,3
NEWS_29170,3
NEWS_29171,3
NEWS_29172,5
NEWS_29173,4
NEWS_29174,3
NEWS_29175,5
NEWS_29176,1
NEWS_29177,3
NEWS_29178,4
NEWS_29179,4
NEWS_29180,0
NEWS_29181,1
NEWS_29182,1
NEWS_29183,4
NEWS_29184,3
NEWS_29185,1
NEWS_29186,1
NEWS_29187,4
NEWS_29188,3
NEWS_29189,0
NEWS_29190,5
NEWS_29191,5
NEWS_29192,4
NEWS_29193,5
NEWS_29194,3
NEWS_29195,2
NEWS_29196,3
NEWS_29197,4
NEWS_29198,2
NEWS_29199,5
NEWS_29200,2
NEWS_29201,2
NEWS_29202,0
NEWS_29203,5
NEWS_29204,4
NEWS_29205,1
NEWS_29206,1
NEWS_29207,4
NEWS_29208,2
NEWS_29209,1
NEWS_29210,4
NEWS_29211,4
NEWS_29212,3
NEWS_29213,4
NEWS_29214,4
NEWS_29215,5
NEWS_29216,1
NEWS_29217,4
NEWS_29218,2
NEWS_29219,3
NEWS_29220,2
NEWS_29221,2
NEWS_29222,4
NEWS_29223,3
NEWS_29224,2
NEWS_29225,4
NEWS_29226,3
NEWS_29227,2
NEWS_29228,2
NEWS_29229,4
NEWS_29230,2
NEWS_29231,2
NEWS_29232,4
NEWS_29233,2
NEWS_29234,3
NEWS_29235,3
NEWS_29236,5
NEWS_29237,3
NEWS_29238,4
NEWS_29239,3
NEWS_29240,1
NEWS_29241,4
NEWS_29242,3
NEWS_29243,1
NEWS_29244,4
NEWS_29245,4
NEWS_29246,2
NEWS_29247,4
NEWS_29248,4
NEWS_29249,4
NEWS_29250,4
NEWS_29251,4
NEWS_29252,4
NEWS_29253,1
NEWS_29254,0
NEWS_29255,4
NEWS_29256,4
NEWS_29257,3
NEWS_29258,1
NEWS_29259,1
NEWS_29260,0
NEWS_29261,1
NEWS_29262,1
NEWS_29263,2
NEWS_29264,3
NEWS_29265,1
NEWS_29266,4
NEWS_29267,1
NEWS_29268,5
NEWS_29269,4
NEWS_29270,4
NEWS_29271,5
NEWS_29272,1
NEWS_29273,3
NEWS_29274,5
NEWS_29275,4
NEWS_29276,1
NEWS_29277,3
NEWS_29278,4
NEWS_29279,1
NEWS_29280,4
NEWS_29281,1
NEWS_29282,1
NEWS_29283,1
NEWS_29284,3
NEWS_29285,4
NEWS_29286,1
NEWS_29287,5
NEWS_29288,1
NEWS_29289,4
NEWS_29290,4
NEWS_29291,1
NEWS_29292,3
NEWS_29293,1
NEWS_29294,0
NEWS_29295,1
NEWS_29296,4
NEWS_29297,4
NEWS_29298,5
NEWS_29299,1
NEWS_29300,1
NEWS_29301,5
NEWS_29302,4
NEWS_29303,2
NEWS_29304,3
NEWS_29305,4
NEWS_29306,2
NEWS_29307,1
NEWS_29308,4
NEWS_29309,5
NEWS_29310,3
NEWS_29311,5
NEWS_29312,2
NEWS_29313,1
NEWS_29314,3
NEWS_29315,3
NEWS_29316,4
NEWS_29317,3
NEWS_29318,1
NEWS_29319,0
NEWS_29320,4
NEWS_29321,4
NEWS_29322,1
NEWS_29323,1
NEWS_29324,4
NEWS_29325,2
NEWS_29326,4
NEWS_29327,3
NEWS_29328,4
NEWS_29329,1
NEWS_29330,4
NEWS_29331,5
NEWS_29332,2
NEWS_29333,3
NEWS_29334,4
NEWS_29335,2
NEWS_29336,1
NEWS_29337,3
NEWS_29338,4
NEWS_29339,4
NEWS_29340,2
NEWS_29341,1
NEWS_29342,1
NEWS_29343,0
NEWS_29344,5
NEWS_29345,1
NEWS_29346,4
NEWS_29347,4
NEWS_29348,4
NEWS_29349,2
NEWS_29350,3
NEWS_29351,1
NEWS_29352,4
NEWS_29353,3
NEWS_29354,4
NEWS_29355,4
NEWS_29356,5
NEWS_29357,4
NEWS_29358,3
NEWS_29359,4
NEWS_29360,2
NEWS_29361,4
NEWS_29362,4
NEWS_29363,4
NEWS_29364,3
NEWS_29365,5
NEWS_29366,4
NEWS_29367,4
NEWS_29368,5
NEWS_29369,0
NEWS_29370,2
NEWS_29371,3
NEWS_29372,4
NEWS_29373,5
NEWS_29374,0
NEWS_29375,3
NEWS_29376,4
NEWS_29377,1
NEWS_29378,4
NEWS_29379,3
NEWS_29380,4
NEWS_29381,4
NEWS_29382,4
NEWS_29383,5
NEWS_29384,5
NEWS_29385,4
NEWS_29386,5
NEWS_29387,1
NEWS_29388,3
NEWS_29389,0
NEWS_29390,4
NEWS_29391,1
NEWS_29392,3
NEWS_29393,1
NEWS_29394,1
NEWS_29395,3
NEWS_29396,3
NEWS_29397,4
NEWS_29398,4
NEWS_29399,3
NEWS_29400,3
NEWS_29401,2
NEWS_29402,1
NEWS_29403,4
NEWS_29404,2
NEWS_29405,2
NEWS_29406,5
NEWS_29407,3
NEWS_29408,2
NEWS_29409,1
NEWS_29410,2
NEWS_29411,1
NEWS_29412,1
NEWS_29413,3
NEWS_29414,2
NEWS_29415,3
NEWS_29416,3
NEWS_29417,1
NEWS_29418,4
NEWS_29419,3
NEWS_29420,5
NEWS_29421,2
NEWS_29422,5
NEWS_29423,4
NEWS_29424,1
NEWS_29425,0
NEWS_29426,0
NEWS_29427,1
NEWS_29428,1
NEWS_29429,4
NEWS_29430,4
NEWS_29431,4
NEWS_29432,1
NEWS_29433,4
NEWS_29434,1
NEWS_29435,2
NEWS_29436,4
NEWS_29437,1
NEWS_29438,4
NEWS_29439,3
NEWS_29440,3
NEWS_29441,5
NEWS_29442,2
NEWS_29443,4
NEWS_29444,2
NEWS_29445,2
NEWS_29446,4
NEWS_29447,4
NEWS_29448,4
NEWS_29449,3
NEWS_29450,4
NEWS_29451,1
NEWS_29452,3
NEWS_29453,4
NEWS_29454,2
NEWS_29455,4
NEWS_29456,4
NEWS_29457,4
NEWS_29458,3
NEWS_29459,3
NEWS_29460,3
NEWS_29461,1
NEWS_29462,1
NEWS_29463,4
NEWS_29464,4
NEWS_29465,4
NEWS_29466,1
NEWS_29467,3
NEWS_29468,4
NEWS_29469,4
NEWS_29470,2
NEWS_29471,3
NEWS_29472,4
NEWS_29473,4
NEWS_29474,5
NEWS_29475,3
NEWS_29476,2
NEWS_29477,4
NEWS_29478,2
NEWS_29479,2
NEWS_29480,3
NEWS_29481,3
NEWS_29482,0
NEWS_29483,3
NEWS_29484,4
NEWS_29485,1
NEWS_29486,5
NEWS_29487,5
NEWS_29488,1
NEWS_29489,3
NEWS_29490,1
NEWS_29491,5
NEWS_29492,5
NEWS_29493,3
NEWS_29494,4
NEWS_29495,4
NEWS_29496,2
NEWS_29497,3
NEWS_29498,2
NEWS_29499,2
NEWS_29500,5
NEWS_29501,1
NEWS_29502,4
NEWS_29503,3
NEWS_29504,2
NEWS_29505,4
NEWS_29506,1
NEWS_29507,3
NEWS_29508,1
NEWS_29509,1
NEWS_29510,1
NEWS_29511,3
NEWS_29512,1
NEWS_29513,3
NEWS_29514,2
NEWS_29515,3
NEWS_29516,5
NEWS_29517,4
NEWS_29518,1
NEWS_29519,2
NEWS_29520,1
NEWS_29521,4
NEWS_29522,2
NEWS_29523,4
NEWS_29524,2
NEWS_29525,1
NEWS_29526,4
NEWS_29527,5
NEWS_29528,0
NEWS_29529,4
NEWS_29530,4
NEWS_29531,0
NEWS_29532,1
NEWS_29533,4
NEWS_29534,3
NEWS_29535,4
NEWS_29536,3
NEWS_29537,4
NEWS_29538,4
NEWS_29539,1
NEWS_29540,3
NEWS_29541,2
NEWS_29542,4
NEWS_29543,4
NEWS_29544,2
NEWS_29545,1
NEWS_29546,4
NEWS_29547,1
NEWS_29548,3
NEWS_29549,4
NEWS_29550,3
NEWS_29551,0
NEWS_29552,1
NEWS_29553,4
NEWS_29554,2
NEWS_29555,5
NEWS_29556,4
NEWS_29557,2
NEWS_29558,4
NEWS_29559,3
NEWS_29560,3
NEWS_29561,1
NEWS_29562,4
NEWS_29563,4
NEWS_29564,1
NEWS_29565,1
NEWS_29566,3
NEWS_29567,1
NEWS_29568,3
NEWS_29569,3
NEWS_29570,3
NEWS_29571,2
NEWS_29572,4
NEWS_29573,3
NEWS_29574,4
NEWS_29575,1
NEWS_29576,1
NEWS_29577,5
NEWS_29578,3
NEWS_29579,1
NEWS_29580,5
NEWS_29581,4
NEWS_29582,5
NEWS_29583,2
NEWS_29584,5
NEWS_29585,5
NEWS_29586,2
NEWS_29587,4
NEWS_29588,5
NEWS_29589,2
NEWS_29590,0
NEWS_29591,4
NEWS_29592,3
NEWS_29593,4
NEWS_29594,4
NEWS_29595,4
NEWS_29596,4
NEWS_29597,4
NEWS_29598,5
NEWS_29599,4
NEWS_29600,5
NEWS_29601,3
NEWS_29602,4
NEWS_29603,4
NEWS_29604,2
NEWS_29605,4
NEWS_29606,4
NEWS_29607,3
NEWS_29608,4
NEWS_29609,5
NEWS_29610,1
NEWS_29611,1
NEWS_29612,3
NEWS_29613,1
NEWS_29614,3
NEWS_29615,4
NEWS_29616,4
NEWS_29617,3
NEWS_29618,5
NEWS_29619,3
NEWS_29620,3
NEWS_29621,3
NEWS_29622,4
NEWS_29623,1
NEWS_29624,5
NEWS_29625,1
NEWS_29626,2
NEWS_29627,2
NEWS_29628,3
NEWS_29629,1
NEWS_29630,5
NEWS_29631,4
NEWS_29632,4
NEWS_29633,5
NEWS_29634,4
NEWS_29635,1
NEWS_29636,1
NEWS_29637,5
NEWS_29638,3
NEWS_29639,4
NEWS_29640,1
NEWS_29641,4
NEWS_29642,5
NEWS_29643,4
NEWS_29644,5
NEWS_29645,3
NEWS_29646,4
NEWS_29647,1
NEWS_29648,2
NEWS_29649,4
NEWS_29650,4
NEWS_29651,1
NEWS_29652,3
NEWS_29653,3
NEWS_29654,0
NEWS_29655,3
NEWS_29656,1
NEWS_29657,2
NEWS_29658,2
NEWS_29659,0
NEWS_29660,3
NEWS_29661,5
NEWS_29662,5
NEWS_29663,3
NEWS_29664,3
NEWS_29665,4
NEWS_29666,1
NEWS_29667,1
NEWS_29668,1
NEWS_29669,1
NEWS_29670,4
NEWS_29671,4
NEWS_29672,3
NEWS_29673,3
NEWS_29674,3
NEWS_29675,1
NEWS_29676,4
NEWS_29677,4
NEWS_29678,5
NEWS_29679,2
NEWS_29680,1
NEWS_29681,4
NEWS_29682,0
NEWS_29683,4
NEWS_29684,5
NEWS_29685,3
NEWS_29686,5
NEWS_29687,3
NEWS_29688,3
NEWS_29689,4
NEWS_29690,3
NEWS_29691,5
NEWS_29692,4
NEWS_29693,4
NEWS_29694,5
NEWS_29695,4
NEWS_29696,4
NEWS_29697,3
NEWS_29698,4
NEWS_29699,2
NEWS_29700,5
NEWS_29701,4
NEWS_29702,5
NEWS_29703,2
NEWS_29704,1
NEWS_29705,5
NEWS_29706,3
NEWS_29707,1
NEWS_29708,0
NEWS_29709,4
NEWS_29710,3
NEWS_29711,5
NEWS_29712,4
NEWS_29713,3
NEWS_29714,1
NEWS_29715,2
NEWS_29716,5
NEWS_29717,1
NEWS_29718,2
NEWS_29719,5
NEWS_29720,4
NEWS_29721,5
NEWS_29722,3
NEWS_29723,3
NEWS_29724,4
NEWS_29725,3
NEWS_29726,5
NEWS_29727,4
NEWS_29728,4
NEWS_29729,1
NEWS_29730,1
NEWS_29731,2
NEWS_29732,1
NEWS_29733,2
NEWS_29734,3
NEWS_29735,4
NEWS_29736,2
NEWS_29737,4
NEWS_29738,4
NEWS_29739,2
NEWS_29740,1
NEWS_29741,2
NEWS_29742,3
NEWS_29743,2
NEWS_29744,4
NEWS_29745,4
NEWS_29746,1
NEWS_29747,5
NEWS_29748,5
NEWS_29749,4
NEWS_29750,3
NEWS_29751,2
NEWS_29752,3
NEWS_29753,5
NEWS_29754,4
NEWS_29755,3
NEWS_29756,4
NEWS_29757,4
NEWS_29758,3
NEWS_29759,1
NEWS_29760,2
NEWS_29761,1
NEWS_29762,4
NEWS_29763,1
NEWS_29764,4
NEWS_29765,0
NEWS_29766,3
NEWS_29767,2
NEWS_29768,4
NEWS_29769,2
NEWS_29770,3
NEWS_29771,3
NEWS_29772,3
NEWS_29773,1
NEWS_29774,0
NEWS_29775,2
NEWS_29776,5
NEWS_29777,4
NEWS_29778,3
NEWS_29779,1
NEWS_29780,0
NEWS_29781,5
NEWS_29782,5
NEWS_29783,5
NEWS_29784,4
NEWS_29785,5
NEWS_29786,1
NEWS_29787,1
NEWS_29788,1
NEWS_29789,4
NEWS_29790,1
NEWS_29791,4
NEWS_29792,1
NEWS_29793,5
NEWS_29794,2
NEWS_29795,1
NEWS_29796,5
NEWS_29797,3
NEWS_29798,1
NEWS_29799,4
NEWS_29800,5
NEWS_29801,4
NEWS_29802,2
NEWS_29803,1
NEWS_29804,4
NEWS_29805,5
NEWS_29806,3
NEWS_29807,4
NEWS_29808,0
NEWS_29809,1
NEWS_29810,2
NEWS_29811,3
NEWS_29812,5
NEWS_29813,2
NEWS_29814,1
NEWS_29815,1
NEWS_29816,4
NEWS_29817,0
NEWS_29818,4
NEWS_29819,4
NEWS_29820,3
NEWS_29821,3
NEWS_29822,3
NEWS_29823,5
NEWS_29824,4
NEWS_29825,2
NEWS_29826,5
NEWS_29827,5
NEWS_29828,1
NEWS_29829,1
NEWS_29830,4
NEWS_29831,4
NEWS_29832,5
NEWS_29833,3
NEWS_29834,4
NEWS_29835,1
NEWS_29836,3
NEWS_29837,2
NEWS_29838,1
NEWS_29839,5
NEWS_29840,4
NEWS_29841,2
NEWS_29842,3
NEWS_29843,0
NEWS_29844,2
NEWS_29845,1
NEWS_29846,4
NEWS_29847,1
NEWS_29848,1
NEWS_29849,2
NEWS_29850,2
NEWS_29851,3
NEWS_29852,4
NEWS_29853,3
NEWS_29854,4
NEWS_29855,4
NEWS_29856,4
NEWS_29857,4
NEWS_29858,4
NEWS_29859,4
NEWS_29860,5
NEWS_29861,2
NEWS_29862,2
NEWS_29863,2
NEWS_29864,4
NEWS_29865,4
NEWS_29866,5
NEWS_29867,4
NEWS_29868,2
NEWS_29869,3
NEWS_29870,3
NEWS_29871,0
NEWS_29872,1
NEWS_29873,1
NEWS_29874,3
NEWS_29875,4
NEWS_29876,1
NEWS_29877,5
NEWS_29878,4
NEWS_29879,3
NEWS_29880,5
NEWS_29881,5
NEWS_29882,4
NEWS_29883,5
NEWS_29884,4
NEWS_29885,5
NEWS_29886,3
NEWS_29887,1
NEWS_29888,5
NEWS_29889,4
NEWS_29890,5
NEWS_29891,3
NEWS_29892,1
NEWS_29893,2
NEWS_29894,4
NEWS_29895,1
NEWS_29896,5
NEWS_29897,4
NEWS_29898,4
NEWS_29899,4
NEWS_29900,3
NEWS_29901,4
NEWS_29902,4
NEWS_29903,3
NEWS_29904,4
NEWS_29905,4
NEWS_29906,4
NEWS_29907,1
NEWS_29908,1
NEWS_29909,1
NEWS_29910,5
NEWS_29911,0
NEWS_29912,5
NEWS_29913,0
NEWS_29914,2
NEWS_29915,4
NEWS_29916,1
NEWS_29917,4
NEWS_29918,2
NEWS_29919,1
NEWS_29920,2
NEWS_29921,4
NEWS_29922,5
NEWS_29923,1
NEWS_29924,2
NEWS_29925,4
NEWS_29926,5
NEWS_29927,4
NEWS_29928,5
NEWS_29929,5
NEWS_29930,4
NEWS_29931,3
NEWS_29932,5
NEWS_29933,2
NEWS_29934,1
NEWS_29935,4
NEWS_29936,0
NEWS_29937,4
NEWS_29938,2
NEWS_29939,4
NEWS_29940,4
NEWS_29941,4
NEWS_29942,2
NEWS_29943,4
NEWS_29944,2
NEWS_29945,4
NEWS_29946,5
NEWS_29947,5
NEWS_29948,5
NEWS_29949,4
NEWS_29950,1
NEWS_29951,1
NEWS_29952,4
NEWS_29953,2
NEWS_29954,1
NEWS_29955,3
NEWS_29956,4
NEWS_29957,1
NEWS_29958,4
NEWS_29959,3
NEWS_29960,5
NEWS_29961,5
NEWS_29962,4
NEWS_29963,5
NEWS_29964,4
NEWS_29965,2
NEWS_29966,1
NEWS_29967,4
NEWS_29968,5
NEWS_29969,3
NEWS_29970,5
NEWS_29971,2
NEWS_29972,5
NEWS_29973,4
NEWS_29974,5
NEWS_29975,2
NEWS_29976,4
NEWS_29977,5
NEWS_29978,5
NEWS_29979,0
NEWS_29980,1
NEWS_29981,3
NEWS_29982,2
NEWS_29983,4
NEWS_29984,3
NEWS_29985,1
NEWS_29986,4
NEWS_29987,1
NEWS_29988,4
NEWS_29989,2
NEWS_29990,5
NEWS_29991,1
NEWS_29992,1
NEWS_29993,2
NEWS_29994,4
NEWS_29995,4
NEWS_29996,3
NEWS_29997,1
NEWS_29998,4
NEWS_29999,1
NEWS_30000,2
NEWS_30001,5
NEWS_30002,4
NEWS_30003,4
NEWS_30004,4
NEWS_30005,3
NEWS_30006,2
NEWS_30007,1
NEWS_30008,5
NEWS_30009,4
NEWS_30010,3
NEWS_30011,5
NEWS_30012,1
NEWS_30013,2
NEWS_30014,4
NEWS_30015,4
NEWS_30016,0
NEWS_30017,1
NEWS_30018,2
NEWS_30019,1
NEWS_30020,3
NEWS_30021,4
NEWS_30022,4
NEWS_30023,1
NEWS_30024,4
NEWS_30025,4
NEWS_30026,1
NEWS_30027,2
NEWS_30028,4
NEWS_30029,1
NEWS_30030,2
NEWS_30031,4
NEWS_30032,4
NEWS_30033,4
NEWS_30034,3
NEWS_30035,1
NEWS_30036,4
NEWS_30037,5
NEWS_30038,1
NEWS_30039,1
NEWS_30040,3
NEWS_30041,2
NEWS_30042,1
NEWS_30043,1
NEWS_30044,1
NEWS_30045,1
NEWS_30046,4
NEWS_30047,4
NEWS_30048,0
NEWS_30049,5
NEWS_30050,4
NEWS_30051,4
NEWS_30052,0
NEWS_30053,1
NEWS_30054,4
NEWS_30055,5
NEWS_30056,2
NEWS_30057,1
NEWS_30058,2
NEWS_30059,5
NEWS_30060,1
NEWS_30061,4
NEWS_30062,5
NEWS_30063,1
NEWS_30064,4
NEWS_30065,5
NEWS_30066,1
NEWS_30067,2
NEWS_30068,5
NEWS_30069,4
NEWS_30070,3
NEWS_30071,2
NEWS_30072,0
NEWS_30073,4
NEWS_30074,3
NEWS_30075,2
NEWS_30076,4
NEWS_30077,5
NEWS_30078,1
NEWS_30079,5
NEWS_30080,5
NEWS_30081,5
NEWS_30082,5
NEWS_30083,3
NEWS_30084,0
NEWS_30085,4
NEWS_30086,4
NEWS_30087,5
NEWS_30088,2
NEWS_30089,1
NEWS_30090,5
NEWS_30091,4
NEWS_30092,3
NEWS_30093,3
NEWS_30094,5
NEWS_30095,2
NEWS_30096,4
NEWS_30097,5
NEWS_30098,5
NEWS_30099,5
NEWS_30100,5
NEWS_30101,4
NEWS_30102,4
NEWS_30103,3
NEWS_30104,4
NEWS_30105,2
NEWS_30106,4
NEWS_30107,1
NEWS_30108,5
NEWS_30109,4
NEWS_30110,4
NEWS_30111,1
NEWS_30112,2
NEWS_30113,3
NEWS_30114,1
NEWS_30115,4
NEWS_30116,4
NEWS_30117,5
NEWS_30118,4
NEWS_30119,4
NEWS_30120,2
NEWS_30121,1
NEWS_30122,2
NEWS_30123,2
NEWS_30124,5
NEWS_30125,1
NEWS_30126,4
NEWS_30127,4
NEWS_30128,5
NEWS_30129,3
NEWS_30130,5
NEWS_30131,5
NEWS_30132,4
NEWS_30133,2
NEWS_30134,4
NEWS_30135,1
NEWS_30136,0
NEWS_30137,4
NEWS_30138,4
NEWS_30139,2
NEWS_30140,4
NEWS_30141,4
NEWS_30142,2
NEWS_30143,4
NEWS_30144,4
NEWS_30145,1
NEWS_30146,3
NEWS_30147,3
NEWS_30148,3
NEWS_30149,4
NEWS_30150,4
NEWS_30151,3
NEWS_30152,4
NEWS_30153,1
NEWS_30154,4
NEWS_30155,5
NEWS_30156,3
NEWS_30157,1
NEWS_30158,5
NEWS_30159,1
NEWS_30160,4
NEWS_30161,5
NEWS_30162,4
NEWS_30163,0
NEWS_30164,4
NEWS_30165,1
NEWS_30166,1
NEWS_30167,3
NEWS_30168,4
NEWS_30169,4
NEWS_30170,1
NEWS_30171,3
NEWS_30172,2
NEWS_30173,3
NEWS_30174,1
NEWS_30175,0
NEWS_30176,4
NEWS_30177,3
NEWS_30178,2
NEWS_30179,4
NEWS_30180,4
NEWS_30181,3
NEWS_30182,3
NEWS_30183,1
NEWS_30184,1
NEWS_30185,2
NEWS_30186,2
NEWS_30187,2
NEWS_30188,1
NEWS_30189,2
NEWS_30190,5
NEWS_30191,4
NEWS_30192,3
NEWS_30193,5
NEWS_30194,4
NEWS_30195,5
NEWS_30196,1
NEWS_30197,5
NEWS_30198,3
NEWS_30199,4
NEWS_30200,4
NEWS_30201,1
NEWS_30202,4
NEWS_30203,3
NEWS_30204,4
NEWS_30205,4
NEWS_30206,3
NEWS_30207,2
NEWS_30208,4
NEWS_30209,0
NEWS_30210,4
NEWS_30211,5
NEWS_30212,0
NEWS_30213,4
NEWS_30214,1
NEWS_30215,1
NEWS_30216,3
NEWS_30217,5
NEWS_30218,4
NEWS_30219,3
NEWS_30220,1
NEWS_30221,3
NEWS_30222,3
NEWS_30223,4
NEWS_30224,4
NEWS_30225,2
NEWS_30226,1
NEWS_30227,4
NEWS_30228,5
NEWS_30229,5
NEWS_30230,1
NEWS_30231,5
NEWS_30232,5
NEWS_30233,1
NEWS_30234,4
NEWS_30235,5
NEWS_30236,4
NEWS_30237,2
NEWS_30238,1
NEWS_30239,1
NEWS_30240,4
NEWS_30241,5
NEWS_30242,2
NEWS_30243,1
NEWS_30244,0
NEWS_30245,5
NEWS_30246,1
NEWS_30247,1
NEWS_30248,1
NEWS_30249,3
NEWS_30250,4
NEWS_30251,1
NEWS_30252,1
NEWS_30253,2
NEWS_30254,3
NEWS_30255,2
NEWS_30256,2
NEWS_30257,4
NEWS_30258,5
NEWS_30259,3
NEWS_30260,4
NEWS_30261,5
NEWS_30262,4
NEWS_30263,1
NEWS_30264,4
NEWS_30265,5
NEWS_30266,5
NEWS_30267,5
NEWS_30268,3
NEWS_30269,1
NEWS_30270,3
NEWS_30271,0
NEWS_30272,4
NEWS_30273,1
NEWS_30274,1
NEWS_30275,1
NEWS_30276,0
NEWS_30277,1
NEWS_30278,2
NEWS_30279,3
NEWS_30280,5
NEWS_30281,4
NEWS_30282,4
NEWS_30283,2
NEWS_30284,3
NEWS_30285,4
NEWS_30286,4
NEWS_30287,4
NEWS_30288,5
NEWS_30289,2
NEWS_30290,4
NEWS_30291,4
NEWS_30292,4
NEWS_30293,1
NEWS_30294,1
NEWS_30295,5
NEWS_30296,2
NEWS_30297,4
NEWS_30298,3
NEWS_30299,5
NEWS_30300,2
NEWS_30301,5
NEWS_30302,2
NEWS_30303,5
NEWS_30304,5
NEWS_30305,4
NEWS_30306,0
NEWS_30307,2
NEWS_30308,4
NEWS_30309,5
NEWS_30310,3
NEWS_30311,2
NEWS_30312,0
NEWS_30313,3
NEWS_30314,1
NEWS_30315,2
NEWS_30316,5
NEWS_30317,4
NEWS_30318,4
NEWS_30319,1
NEWS_30320,1
NEWS_30321,4
NEWS_30322,1
NEWS_30323,5
NEWS_30324,5
NEWS_30325,1
NEWS_30326,4
NEWS_30327,4
NEWS_30328,4
NEWS_30329,1
NEWS_30330,1
NEWS_30331,4
NEWS_30332,1
NEWS_30333,3
NEWS_30334,4
NEWS_30335,4
NEWS_30336,4
NEWS_30337,2
NEWS_30338,1
NEWS_30339,1
NEWS_30340,4
NEWS_30341,0
NEWS_30342,3
NEWS_30343,1
NEWS_30344,0
NEWS_30345,1
NEWS_30346,1
NEWS_30347,4
NEWS_30348,5
NEWS_30349,5
NEWS_30350,1
NEWS_30351,1
NEWS_30352,1
NEWS_30353,3
NEWS_30354,1
NEWS_30355,4
NEWS_30356,5
NEWS_30357,1
NEWS_30358,1
NEWS_30359,2
NEWS_30360,3
NEWS_30361,1
NEWS_30362,1
NEWS_30363,1
NEWS_30364,4
NEWS_30365,1
NEWS_30366,4
NEWS_30367,3
NEWS_30368,2
NEWS_30369,1
NEWS_30370,5
NEWS_30371,4
NEWS_30372,3
NEWS_30373,2
NEWS_30374,1
NEWS_30375,2
NEWS_30376,4
NEWS_30377,3
NEWS_30378,1
NEWS_30379,4
NEWS_30380,1
NEWS_30381,4
NEWS_30382,3
NEWS_30383,3
NEWS_30384,1
NEWS_30385,2
NEWS_30386,2
NEWS_30387,3
NEWS_30388,4
NEWS_30389,5
NEWS_30390,1
NEWS_30391,2
NEWS_30392,3
NEWS_30393,2
NEWS_30394,3
NEWS_30395,4
NEWS_30396,4
NEWS_30397,3
NEWS_30398,2
NEWS_30399,5
NEWS_30400,4
NEWS_30401,3
NEWS_30402,3
NEWS_30403,4
NEWS_30404,1
NEWS_30405,2
NEWS_30406,3
NEWS_30407,2
NEWS_30408,5
NEWS_30409,2
NEWS_30410,3
NEWS_30411,2
NEWS_30412,1
NEWS_30413,5
NEWS_30414,3
NEWS_30415,3
NEWS_30416,1
NEWS_30417,4
NEWS_30418,2
NEWS_30419,5
NEWS_30420,1
NEWS_30421,2
NEWS_30422,4
NEWS_30423,4
NEWS_30424,4
NEWS_30425,1
NEWS_30426,4
NEWS_30427,1
NEWS_30428,2
NEWS_30429,1
NEWS_30430,4
NEWS_30431,3
NEWS_30432,4
NEWS_30433,2
NEWS_30434,3
NEWS_30435,5
NEWS_30436,3
NEWS_30437,5
NEWS_30438,3
NEWS_30439,2
NEWS_30440,2
NEWS_30441,4
NEWS_30442,1
NEWS_30443,2
NEWS_30444,3
NEWS_30445,5
NEWS_30446,3
NEWS_30447,3
NEWS_30448,3
NEWS_30449,3
NEWS_30450,2
NEWS_30451,1
NEWS_30452,3
NEWS_30453,5
NEWS_30454,1
NEWS_30455,5
NEWS_30456,3
NEWS_30457,5
NEWS_30458,3
NEWS_30459,4
NEWS_30460,0
NEWS_30461,1
NEWS_30462,4
NEWS_30463,2
NEWS_30464,3
NEWS_30465,5
NEWS_30466,2
NEWS_30467,4
NEWS_30468,1
NEWS_30469,3
NEWS_30470,2
NEWS_30471,4
NEWS_30472,1
NEWS_30473,5
NEWS_30474,4
NEWS_30475,3
NEWS_30476,3
NEWS_30477,3
NEWS_30478,3
NEWS_30479,2
NEWS_30480,4
NEWS_30481,1
NEWS_30482,1
NEWS_30483,4
NEWS_30484,4
NEWS_30485,1
NEWS_30486,4
NEWS_30487,3
NEWS_30488,1
NEWS_30489,1
NEWS_30490,1
NEWS_30491,2
NEWS_30492,1
NEWS_30493,4
NEWS_30494,2
NEWS_30495,3
NEWS_30496,4
NEWS_30497,1
NEWS_30498,0
NEWS_30499,0
NEWS_30500,3
NEWS_30501,3
NEWS_30502,2
NEWS_30503,4
NEWS_30504,5
NEWS_30505,1
NEWS_30506,1
NEWS_30507,3
NEWS_30508,3
NEWS_30509,4
NEWS_30510,2
NEWS_30511,3
NEWS_30512,3
NEWS_30513,4
NEWS_30514,4
NEWS_30515,2
NEWS_30516,5
NEWS_30517,4
NEWS_30518,4
NEWS_30519,2
NEWS_30520,3
NEWS_30521,4
NEWS_30522,2
NEWS_30523,1
NEWS_30524,3
NEWS_30525,1
NEWS_30526,2
NEWS_30527,1
NEWS_30528,3
NEWS_30529,4
NEWS_30530,0
NEWS_30531,4
NEWS_30532,4
NEWS_30533,3
NEWS_30534,3
NEWS_30535,5
NEWS_30536,1
NEWS_30537,3
NEWS_30538,3
NEWS_30539,5
NEWS_30540,4
NEWS_30541,5
NEWS_30542,4
NEWS_30543,4
NEWS_30544,5
NEWS_30545,4
NEWS_30546,2
NEWS_30547,1
NEWS_30548,2
NEWS_30549,5
NEWS_30550,4
NEWS_30551,3
NEWS_30552,1
NEWS_30553,1
NEWS_30554,1
NEWS_30555,3
NEWS_30556,4
NEWS_30557,4
NEWS_30558,5
NEWS_30559,1
NEWS_30560,3
NEWS_30561,1
NEWS_30562,1
NEWS_30563,4
NEWS_30564,5
NEWS_30565,4
NEWS_30566,1
NEWS_30567,0
NEWS_30568,3
NEWS_30569,3
NEWS_30570,1
NEWS_30571,5
NEWS_30572,3
NEWS_30573,4
NEWS_30574,1
NEWS_30575,3
NEWS_30576,3
NEWS_30577,4
NEWS_30578,2
NEWS_30579,2
NEWS_30580,4
NEWS_30581,2
NEWS_30582,1
NEWS_30583,4
NEWS_30584,0
NEWS_30585,4
NEWS_30586,1
NEWS_30587,5
NEWS_30588,3
NEWS_30589,4
NEWS_30590,0
NEWS_30591,5
NEWS_30592,4
NEWS_30593,4
NEWS_30594,4
NEWS_30595,4
NEWS_30596,2
NEWS_30597,0
NEWS_30598,3
NEWS_30599,2
NEWS_30600,5
NEWS_30601,3
NEWS_30602,5
NEWS_30603,4
NEWS_30604,2
NEWS_30605,4
NEWS_30606,4
NEWS_30607,4
NEWS_30608,5
NEWS_30609,1
NEWS_30610,2
NEWS_30611,1
NEWS_30612,4
NEWS_30613,4
NEWS_30614,4
NEWS_30615,5
NEWS_30616,1
NEWS_30617,2
NEWS_30618,1
NEWS_30619,1
NEWS_30620,1
NEWS_30621,4
NEWS_30622,5
NEWS_30623,4
NEWS_30624,1
NEWS_30625,1
NEWS_30626,4
NEWS_30627,5
NEWS_30628,0
NEWS_30629,5
NEWS_30630,4
NEWS_30631,4
NEWS_30632,4
NEWS_30633,4
NEWS_30634,3
NEWS_30635,5
NEWS_30636,1
NEWS_30637,1
NEWS_30638,4
NEWS_30639,4
NEWS_30640,4
NEWS_30641,3
NEWS_30642,5
NEWS_30643,4
NEWS_30644,1
NEWS_30645,4
NEWS_30646,5
NEWS_30647,3
NEWS_30648,4
NEWS_30649,2
NEWS_30650,5
NEWS_30651,4
NEWS_30652,2
NEWS_30653,3
NEWS_30654,3
NEWS_30655,2
NEWS_30656,1
NEWS_30657,3
NEWS_30658,1
NEWS_30659,2
NEWS_30660,3
NEWS_30661,1
NEWS_30662,1
NEWS_30663,2
NEWS_30664,1
NEWS_30665,1
NEWS_30666,3
NEWS_30667,3
NEWS_30668,0
NEWS_30669,4
NEWS_30670,5
NEWS_30671,5
NEWS_30672,1
NEWS_30673,4
NEWS_30674,3
NEWS_30675,3
NEWS_30676,1
NEWS_30677,1
NEWS_30678,5
NEWS_30679,5
NEWS_30680,3
NEWS_30681,1
NEWS_30682,1
NEWS_30683,3
NEWS_30684,1
NEWS_30685,4
NEWS_30686,3
NEWS_30687,5
NEWS_30688,1
NEWS_30689,4
NEWS_30690,1
NEWS_30691,1
NEWS_30692,5
NEWS_30693,1
NEWS_30694,4
NEWS_30695,4
NEWS_30696,5
NEWS_30697,2
NEWS_30698,3
NEWS_30699,2
NEWS_30700,4
NEWS_30701,4
NEWS_30702,4
NEWS_30703,4
NEWS_30704,5
NEWS_30705,3
NEWS_30706,4
NEWS_30707,1
NEWS_30708,1
NEWS_30709,1
NEWS_30710,5
NEWS_30711,3
NEWS_30712,4
NEWS_30713,5
NEWS_30714,3
NEWS_30715,2
NEWS_30716,4
NEWS_30717,4
NEWS_30718,4
NEWS_30719,1
NEWS_30720,4
NEWS_30721,4
NEWS_30722,4
NEWS_30723,4
NEWS_30724,4
NEWS_30725,2
NEWS_30726,5
NEWS_30727,3
NEWS_30728,4
NEWS_30729,2
NEWS_30730,5
NEWS_30731,4
NEWS_30732,4
NEWS_30733,5
NEWS_30734,1
NEWS_30735,2
NEWS_30736,3
NEWS_30737,2
NEWS_30738,5
NEWS_30739,3
NEWS_30740,3
NEWS_30741,0
NEWS_30742,0
NEWS_30743,2
NEWS_30744,4
NEWS_30745,4
NEWS_30746,3
NEWS_30747,4
NEWS_30748,1
NEWS_30749,2
NEWS_30750,0
NEWS_30751,1
NEWS_30752,3
NEWS_30753,3
NEWS_30754,1
NEWS_30755,4
NEWS_30756,1
NEWS_30757,5
NEWS_30758,2
NEWS_30759,1
NEWS_30760,5
NEWS_30761,4
NEWS_30762,2
NEWS_30763,5
NEWS_30764,5
NEWS_30765,2
NEWS_30766,0
NEWS_30767,3
NEWS_30768,5
NEWS_30769,3
NEWS_30770,0
NEWS_30771,5
NEWS_30772,3
NEWS_30773,4
NEWS_30774,3
NEWS_30775,2
NEWS_30776,3
NEWS_30777,4
NEWS_30778,4
NEWS_30779,0
NEWS_30780,3
NEWS_30781,3
NEWS_30782,2
NEWS_30783,4
NEWS_30784,4
NEWS_30785,1
NEWS_30786,3
NEWS_30787,4
NEWS_30788,1
NEWS_30789,1
NEWS_30790,3
NEWS_30791,3
NEWS_30792,2
NEWS_30793,4
NEWS_30794,3
NEWS_30795,4
NEWS_30796,2
NEWS_30797,2
NEWS_30798,2
NEWS_30799,3
NEWS_30800,5
NEWS_30801,4
NEWS_30802,3
NEWS_30803,4
NEWS_30804,1
NEWS_30805,1
NEWS_30806,3
NEWS_30807,5
NEWS_30808,3
NEWS_30809,4
NEWS_30810,3
NEWS_30811,1
NEWS_30812,4
NEWS_30813,5
NEWS_30814,5
NEWS_30815,1
NEWS_30816,3
NEWS_30817,4
NEWS_30818,3
NEWS_30819,4
NEWS_30820,4
NEWS_30821,4
NEWS_30822,4
NEWS_30823,4
NEWS_30824,2
NEWS_30825,3
NEWS_30826,4
NEWS_30827,1
NEWS_30828,4
NEWS_30829,1
NEWS_30830,3
NEWS_30831,5
NEWS_30832,1
NEWS_30833,4
NEWS_30834,0
NEWS_30835,5
NEWS_30836,5
NEWS_30837,2
NEWS_30838,2
NEWS_30839,1
NEWS_30840,3
NEWS_30841,2
NEWS_30842,3
NEWS_30843,1
NEWS_30844,2
NEWS_30845,4
NEWS_30846,4
NEWS_30847,2
NEWS_30848,4
NEWS_30849,5
NEWS_30850,0
NEWS_30851,4
NEWS_30852,3
NEWS_30853,4
NEWS_30854,3
NEWS_30855,5
NEWS_30856,5
NEWS_30857,3
NEWS_30858,4
NEWS_30859,3
NEWS_30860,3
NEWS_30861,5
NEWS_30862,5
NEWS_30863,5
NEWS_30864,4
NEWS_30865,3
NEWS_30866,5
NEWS_30867,3
NEWS_30868,1
NEWS_30869,5
NEWS_30870,1
NEWS_30871,1
NEWS_30872,3
NEWS_30873,1
NEWS_30874,3
NEWS_30875,1
NEWS_30876,2
NEWS_30877,4
NEWS_30878,4
NEWS_30879,3
NEWS_30880,4
NEWS_30881,5
NEWS_30882,2
NEWS_30883,5
NEWS_30884,5
NEWS_30885,4
NEWS_30886,3
NEWS_30887,4
NEWS_30888,3
NEWS_30889,1
NEWS_30890,4
NEWS_30891,4
NEWS_30892,5
NEWS_30893,2
NEWS_30894,3
NEWS_30895,3
NEWS_30896,1
NEWS_30897,5
NEWS_30898,1
NEWS_30899,2
NEWS_30900,3
NEWS_30901,5
NEWS_30902,3
NEWS_30903,3
NEWS_30904,3
NEWS_30905,1
NEWS_30906,4
NEWS_30907,3
NEWS_30908,1
NEWS_30909,4
NEWS_30910,3
NEWS_30911,4
NEWS_30912,4
NEWS_30913,1
NEWS_30914,3
NEWS_30915,4
NEWS_30916,4
NEWS_30917,1
NEWS_30918,2
NEWS_30919,1
NEWS_30920,4
NEWS_30921,5
NEWS_30922,5
NEWS_30923,1
NEWS_30924,4
NEWS_30925,5
NEWS_30926,0
NEWS_30927,0
NEWS_30928,4
NEWS_30929,4
NEWS_30930,3
NEWS_30931,1
NEWS_30932,1
NEWS_30933,4
NEWS_30934,3
NEWS_30935,2
NEWS_30936,2
NEWS_30937,5
NEWS_30938,0
NEWS_30939,2
NEWS_30940,4
NEWS_30941,1
NEWS_30942,5
NEWS_30943,1
NEWS_30944,2
NEWS_30945,3
NEWS_30946,4
NEWS_30947,5
NEWS_30948,4
NEWS_30949,4
NEWS_30950,3
NEWS_30951,3
NEWS_30952,2
NEWS_30953,4
NEWS_30954,4
NEWS_30955,1
NEWS_30956,1
NEWS_30957,1
NEWS_30958,4
NEWS_30959,4
NEWS_30960,1
NEWS_30961,2
NEWS_30962,2
NEWS_30963,2
NEWS_30964,3
NEWS_30965,4
NEWS_30966,4
NEWS_30967,2
NEWS_30968,1
NEWS_30969,4
NEWS_30970,5
NEWS_30971,2
NEWS_30972,5
NEWS_30973,5
NEWS_30974,1
NEWS_30975,3
NEWS_30976,3
NEWS_30977,4
NEWS_30978,4
NEWS_30979,2
NEWS_30980,4
NEWS_30981,4
NEWS_30982,1
NEWS_30983,2
NEWS_30984,1
NEWS_30985,5
NEWS_30986,3
NEWS_30987,5
NEWS_30988,1
NEWS_30989,5
NEWS_30990,1
NEWS_30991,2
NEWS_30992,1
NEWS_30993,5
NEWS_30994,3
NEWS_30995,4
NEWS_30996,0
NEWS_30997,3
NEWS_30998,4
NEWS_30999,1
NEWS_31000,4
NEWS_31001,1
NEWS_31002,1
NEWS_31003,2
NEWS_31004,4
NEWS_31005,3
NEWS_31006,3
NEWS_31007,5
NEWS_31008,2
NEWS_31009,4
NEWS_31010,1
NEWS_31011,5
NEWS_31012,5
NEWS_31013,3
NEWS_31014,2
NEWS_31015,1
NEWS_31016,4
NEWS_31017,4
NEWS_31018,4
NEWS_31019,2
NEWS_31020,1
NEWS_31021,2
NEWS_31022,3
NEWS_31023,0
NEWS_31024,3
NEWS_31025,4
NEWS_31026,1
NEWS_31027,4
NEWS_31028,4
NEWS_31029,2
NEWS_31030,4
NEWS_31031,5
NEWS_31032,1
NEWS_31033,3
NEWS_31034,1
NEWS_31035,3
NEWS_31036,4
NEWS_31037,5
NEWS_31038,2
NEWS_31039,4
NEWS_31040,2
NEWS_31041,1
NEWS_31042,2
NEWS_31043,0
NEWS_31044,3
NEWS_31045,4
NEWS_31046,4
NEWS_31047,1
NEWS_31048,1
NEWS_31049,1
NEWS_31050,1
NEWS_31051,3
NEWS_31052,1
NEWS_31053,4
NEWS_31054,4
NEWS_31055,4
NEWS_31056,2
NEWS_31057,5
NEWS_31058,4
NEWS_31059,1
NEWS_31060,4
NEWS_31061,5
NEWS_31062,0
NEWS_31063,5
NEWS_31064,5
NEWS_31065,5
NEWS_31066,5
NEWS_31067,1
NEWS_31068,5
NEWS_31069,4
NEWS_31070,3
NEWS_31071,2
NEWS_31072,5
NEWS_31073,0
NEWS_31074,1
NEWS_31075,5
NEWS_31076,4
NEWS_31077,0
NEWS_31078,5
NEWS_31079,4
NEWS_31080,1
NEWS_31081,4
NEWS_31082,2
NEWS_31083,5
NEWS_31084,4
NEWS_31085,3
NEWS_31086,0
NEWS_31087,2
NEWS_31088,5
NEWS_31089,3
NEWS_31090,1
NEWS_31091,2
NEWS_31092,4
NEWS_31093,3
NEWS_31094,3
NEWS_31095,4
NEWS_31096,1
NEWS_31097,4
NEWS_31098,2
NEWS_31099,5
NEWS_31100,1
NEWS_31101,1
NEWS_31102,3
NEWS_31103,4
NEWS_31104,5
NEWS_31105,4
NEWS_31106,4
NEWS_31107,2
NEWS_31108,3
NEWS_31109,3
NEWS_31110,0
NEWS_31111,4
NEWS_31112,4
NEWS_31113,1
NEWS_31114,4
NEWS_31115,1
NEWS_31116,1
NEWS_31117,5
NEWS_31118,4
NEWS_31119,4
NEWS_31120,2
NEWS_31121,5
NEWS_31122,3
NEWS_31123,5
NEWS_31124,4
NEWS_31125,4
NEWS_31126,3
NEWS_31127,2
NEWS_31128,4
NEWS_31129,3
NEWS_31130,5
NEWS_31131,4
NEWS_31132,1
NEWS_31133,4
NEWS_31134,4
NEWS_31135,4
NEWS_31136,4
NEWS_31137,4
NEWS_31138,3
NEWS_31139,2
NEWS_31140,5
NEWS_31141,4
NEWS_31142,1
NEWS_31143,2
NEWS_31144,1
NEWS_31145,5
NEWS_31146,2
NEWS_31147,2
NEWS_31148,5
NEWS_31149,1
NEWS_31150,2
NEWS_31151,1
NEWS_31152,3
NEWS_31153,1
NEWS_31154,4
NEWS_31155,4
NEWS_31156,4
NEWS_31157,2
NEWS_31158,1
NEWS_31159,1
NEWS_31160,3
NEWS_31161,4
NEWS_31162,2
NEWS_31163,5
NEWS_31164,4
NEWS_31165,2
NEWS_31166,4
NEWS_31167,0
NEWS_31168,4
NEWS_31169,4
NEWS_31170,1
NEWS_31171,3
NEWS_31172,1
NEWS_31173,3
NEWS_31174,1
NEWS_31175,2
NEWS_31176,3
NEWS_31177,2
NEWS_31178,3
NEWS_31179,4
NEWS_31180,2
NEWS_31181,2
NEWS_31182,1
NEWS_31183,4
NEWS_31184,0
NEWS_31185,1
NEWS_31186,2
NEWS_31187,4
NEWS_31188,3
NEWS_31189,2
NEWS_31190,5
NEWS_31191,3
NEWS_31192,5
NEWS_31193,2
NEWS_31194,4
NEWS_31195,3
NEWS_31196,1
NEWS_31197,1
NEWS_31198,5
NEWS_31199,4
NEWS_31200,3
NEWS_31201,1
NEWS_31202,2
NEWS_31203,3
NEWS_31204,2
NEWS_31205,4
NEWS_31206,3
NEWS_31207,3
NEWS_31208,1
NEWS_31209,1
NEWS_31210,3
NEWS_31211,4
NEWS_31212,2
NEWS_31213,4
NEWS_31214,1
NEWS_31215,5
NEWS_31216,5
NEWS_31217,3
NEWS_31218,1
NEWS_31219,4
NEWS_31220,4
NEWS_31221,4
NEWS_31222,4
NEWS_31223,4
NEWS_31224,1
NEWS_31225,4
NEWS_31226,1
NEWS_31227,0
NEWS_31228,3
NEWS_31229,1
NEWS_31230,5
NEWS_31231,4
NEWS_31232,3
NEWS_31233,3
NEWS_31234,3
NEWS_31235,3
NEWS_31236,1
NEWS_31237,3
NEWS_31238,3
NEWS_31239,1
NEWS_31240,1
NEWS_31241,3
NEWS_31242,4
NEWS_31243,3
NEWS_31244,1
NEWS_31245,4
NEWS_31246,5
NEWS_31247,1
NEWS_31248,3
NEWS_31249,4
NEWS_31250,3
NEWS_31251,4
NEWS_31252,4
NEWS_31253,4
NEWS_31254,3
NEWS_31255,1
NEWS_31256,3
NEWS_31257,4
NEWS_31258,4
NEWS_31259,5
NEWS_31260,2
NEWS_31261,1
NEWS_31262,2
NEWS_31263,3
NEWS_31264,3
NEWS_31265,1
NEWS_31266,3
NEWS_31267,1
NEWS_31268,2
NEWS_31269,4
NEWS_31270,4
NEWS_31271,1
NEWS_31272,1
NEWS_31273,0
NEWS_31274,1
NEWS_31275,0
NEWS_31276,4
NEWS_31277,2
NEWS_31278,3
NEWS_31279,1
NEWS_31280,1
NEWS_31281,3
NEWS_31282,2
NEWS_31283,2
NEWS_31284,3
NEWS_31285,2
NEWS_31286,4
NEWS_31287,4
NEWS_31288,5
NEWS_31289,2
NEWS_31290,0
NEWS_31291,4
NEWS_31292,4
NEWS_31293,4
NEWS_31294,5
NEWS_31295,3
NEWS_31296,1
NEWS_31297,1
NEWS_31298,5
NEWS_31299,4
NEWS_31300,2
NEWS_31301,1
NEWS_31302,2
NEWS_31303,3
NEWS_31304,4
NEWS_31305,4
NEWS_31306,4
NEWS_31307,4
NEWS_31308,2
NEWS_31309,4
NEWS_31310,3
NEWS_31311,4
NEWS_31312,0
NEWS_31313,3
NEWS_31314,3
NEWS_31315,1
NEWS_31316,1
NEWS_31317,3
NEWS_31318,5
NEWS_31319,4
NEWS_31320,5
NEWS_31321,3
NEWS_31322,2
NEWS_31323,3
NEWS_31324,1
NEWS_31325,4
NEWS_31326,4
NEWS_31327,2
NEWS_31328,2
NEWS_31329,4
NEWS_31330,4
NEWS_31331,0
NEWS_31332,1
NEWS_31333,5
NEWS_31334,4
NEWS_31335,4
NEWS_31336,1
NEWS_31337,3
NEWS_31338,2
NEWS_31339,2
NEWS_31340,2
NEWS_31341,2
NEWS_31342,0
NEWS_31343,4
NEWS_31344,4
NEWS_31345,4
NEWS_31346,4
NEWS_31347,2
NEWS_31348,5
NEWS_31349,3
NEWS_31350,4
NEWS_31351,1
NEWS_31352,3
NEWS_31353,4
NEWS_31354,1
NEWS_31355,1
NEWS_31356,4
NEWS_31357,3
NEWS_31358,1
NEWS_31359,1
NEWS_31360,1
NEWS_31361,4
NEWS_31362,1
NEWS_31363,4
NEWS_31364,1
NEWS_31365,5
NEWS_31366,5
NEWS_31367,1
NEWS_31368,2
NEWS_31369,3
NEWS_31370,4
NEWS_31371,1
NEWS_31372,3
NEWS_31373,3
NEWS_31374,3
NEWS_31375,2
NEWS_31376,2
NEWS_31377,0
NEWS_31378,3
NEWS_31379,5
NEWS_31380,3
NEWS_31381,5
NEWS_31382,1
NEWS_31383,4
NEWS_31384,4
NEWS_31385,1
NEWS_31386,5
NEWS_31387,5
NEWS_31388,5
NEWS_31389,1
NEWS_31390,5
NEWS_31391,5
NEWS_31392,4
NEWS_31393,5
NEWS_31394,3
NEWS_31395,1
NEWS_31396,2
NEWS_31397,1
NEWS_31398,4
NEWS_31399,4
NEWS_31400,3
NEWS_31401,1
NEWS_31402,3
NEWS_31403,4
NEWS_31404,4
NEWS_31405,4
NEWS_31406,1
NEWS_31407,3
NEWS_31408,5
NEWS_31409,1
NEWS_31410,4
NEWS_31411,1
NEWS_31412,4
NEWS_31413,0
NEWS_31414,4
NEWS_31415,0
NEWS_31416,3
NEWS_31417,3
NEWS_31418,3
NEWS_31419,5
NEWS_31420,3
NEWS_31421,4
NEWS_31422,4
NEWS_31423,4
NEWS_31424,4
NEWS_31425,4
NEWS_31426,2
NEWS_31427,1
NEWS_31428,4
NEWS_31429,3
NEWS_31430,4
NEWS_31431,1
NEWS_31432,4
NEWS_31433,4
NEWS_31434,1
NEWS_31435,5
NEWS_31436,5
NEWS_31437,2
NEWS_31438,0
NEWS_31439,2
NEWS_31440,5
NEWS_31441,3
NEWS_31442,2
NEWS_31443,4
NEWS_31444,4
NEWS_31445,4
NEWS_31446,5
NEWS_31447,3
NEWS_31448,5
NEWS_31449,5
NEWS_31450,1
NEWS_31451,2
NEWS_31452,5
NEWS_31453,5
NEWS_31454,4
NEWS_31455,3
NEWS_31456,5
NEWS_31457,1
NEWS_31458,4
NEWS_31459,1
NEWS_31460,3
NEWS_31461,0
NEWS_31462,5
NEWS_31463,4
NEWS_31464,4
NEWS_31465,3
NEWS_31466,2
NEWS_31467,3
NEWS_31468,3
NEWS_31469,0
NEWS_31470,5
NEWS_31471,3
NEWS_31472,5
NEWS_31473,4
NEWS_31474,0
NEWS_31475,5
NEWS_31476,1
NEWS_31477,3
NEWS_31478,0
NEWS_31479,0
NEWS_31480,3
NEWS_31481,4
NEWS_31482,4
NEWS_31483,5
NEWS_31484,4
NEWS_31485,5
NEWS_31486,4
NEWS_31487,1
NEWS_31488,1
NEWS_31489,3
NEWS_31490,3
NEWS_31491,0
NEWS_31492,5
NEWS_31493,4
NEWS_31494,5
NEWS_31495,4
NEWS_31496,2
NEWS_31497,1
NEWS_31498,1
NEWS_31499,2
NEWS_31500,1
NEWS_31501,1
NEWS_31502,3
NEWS_31503,3
NEWS_31504,1
NEWS_31505,4
NEWS_31506,3
NEWS_31507,3
NEWS_31508,3
NEWS_31509,4
NEWS_31510,3
NEWS_31511,4
NEWS_31512,5
NEWS_31513,4
NEWS_31514,4
NEWS_31515,4
NEWS_31516,1
NEWS_31517,3
NEWS_31518,3
NEWS_31519,5
NEWS_31520,3
NEWS_31521,4
NEWS_31522,3
NEWS_31523,4
NEWS_31524,4
NEWS_31525,1
NEWS_31526,4
NEWS_31527,5
NEWS_31528,4
NEWS_31529,4
NEWS_31530,1
NEWS_31531,2
NEWS_31532,3
NEWS_31533,1
NEWS_31534,3
NEWS_31535,1
NEWS_31536,2
NEWS_31537,2
NEWS_31538,3
NEWS_31539,1
NEWS_31540,2
NEWS_31541,1
NEWS_31542,0
NEWS_31543,2
NEWS_31544,5
NEWS_31545,3
NEWS_31546,0
NEWS_31547,2
NEWS_31548,5
NEWS_31549,5
NEWS_31550,1
NEWS_31551,0
NEWS_31552,3
NEWS_31553,2
NEWS_31554,3
NEWS_31555,4
NEWS_31556,4
NEWS_31557,2
NEWS_31558,2
NEWS_31559,1
NEWS_31560,3
NEWS_31561,4
NEWS_31562,4
NEWS_31563,4
NEWS_31564,5
NEWS_31565,0
NEWS_31566,5
NEWS_31567,5
NEWS_31568,4
NEWS_31569,1
NEWS_31570,5
NEWS_31571,2
NEWS_31572,4
NEWS_31573,4
NEWS_31574,4
NEWS_31575,1
NEWS_31576,3
NEWS_31577,2
NEWS_31578,2
NEWS_31579,5
NEWS_31580,5
NEWS_31581,4
NEWS_31582,2
NEWS_31583,3
NEWS_31584,4
NEWS_31585,4
NEWS_31586,3
NEWS_31587,1
NEWS_31588,3
NEWS_31589,0
NEWS_31590,2
NEWS_31591,4
NEWS_31592,2
NEWS_31593,5
NEWS_31594,1
NEWS_31595,4
NEWS_31596,5
NEWS_31597,3
NEWS_31598,4
NEWS_31599,4
NEWS_31600,2
NEWS_31601,3
NEWS_31602,1
NEWS_31603,3
NEWS_31604,2
NEWS_31605,2
NEWS_31606,4
NEWS_31607,3
NEWS_31608,3
NEWS_31609,3
NEWS_31610,5
NEWS_31611,4
NEWS_31612,3
NEWS_31613,1
NEWS_31614,1
NEWS_31615,4
NEWS_31616,1
NEWS_31617,5
NEWS_31618,5
NEWS_31619,5
NEWS_31620,0
NEWS_31621,4
NEWS_31622,4
NEWS_31623,4
NEWS_31624,5
NEWS_31625,2
NEWS_31626,3
NEWS_31627,3
NEWS_31628,0
NEWS_31629,2
NEWS_31630,5
NEWS_31631,4
NEWS_31632,3
NEWS_31633,2
NEWS_31634,0
NEWS_31635,2
NEWS_31636,5
NEWS_31637,4
NEWS_31638,5
NEWS_31639,4
NEWS_31640,3
NEWS_31641,3
NEWS_31642,1
NEWS_31643,3
NEWS_31644,4
NEWS_31645,3
NEWS_31646,4
NEWS_31647,4
NEWS_31648,4
NEWS_31649,4
NEWS_31650,1
NEWS_31651,3
NEWS_31652,1
NEWS_31653,2
NEWS_31654,5
NEWS_31655,1
NEWS_31656,1
NEWS_31657,4
NEWS_31658,5
NEWS_31659,5
NEWS_31660,3
NEWS_31661,4
NEWS_31662,4
NEWS_31663,5
NEWS_31664,2
NEWS_31665,0
NEWS_31666,3
NEWS_31667,3
NEWS_31668,5
NEWS_31669,4
NEWS_31670,2
NEWS_31671,4
NEWS_31672,4
NEWS_31673,5
NEWS_31674,4
NEWS_31675,5
NEWS_31676,3
NEWS_31677,4
NEWS_31678,1
NEWS_31679,2
NEWS_31680,1
NEWS_31681,4
NEWS_31682,2
NEWS_31683,3
NEWS_31684,1
NEWS_31685,4
NEWS_31686,0
NEWS_31687,4
NEWS_31688,4
NEWS_31689,5
NEWS_31690,5
NEWS_31691,5
NEWS_31692,5
NEWS_31693,1
NEWS_31694,3
NEWS_31695,4
NEWS_31696,3
NEWS_31697,1
NEWS_31698,1
NEWS_31699,4
NEWS_31700,3
NEWS_31701,5
NEWS_31702,1
NEWS_31703,3
NEWS_31704,2
NEWS_31705,2
NEWS_31706,2
NEWS_31707,2
NEWS_31708,4
NEWS_31709,0
NEWS_31710,1
NEWS_31711,2
NEWS_31712,4
NEWS_31713,3
NEWS_31714,4
NEWS_31715,2
NEWS_31716,3
NEWS_31717,5
NEWS_31718,5
NEWS_31719,1
NEWS_31720,5
NEWS_31721,3
NEWS_31722,5
NEWS_31723,4
NEWS_31724,3
NEWS_31725,5
NEWS_31726,1
NEWS_31727,3
NEWS_31728,1
NEWS_31729,3
NEWS_31730,2
NEWS_31731,5
NEWS_31732,2
NEWS_31733,3
NEWS_31734,5
NEWS_31735,3
NEWS_31736,5
NEWS_31737,5
NEWS_31738,4
NEWS_31739,5
NEWS_31740,2
NEWS_31741,1
NEWS_31742,4
NEWS_31743,4
NEWS_31744,3
NEWS_31745,4
NEWS_31746,5
NEWS_31747,5
NEWS_31748,4
NEWS_31749,3
NEWS_31750,4
NEWS_31751,3
NEWS_31752,5
NEWS_31753,0
NEWS_31754,4
NEWS_31755,1
NEWS_31756,3
NEWS_31757,5
NEWS_31758,4
NEWS_31759,5
NEWS_31760,4
NEWS_31761,4
NEWS_31762,0
NEWS_31763,3
NEWS_31764,1
NEWS_31765,5
NEWS_31766,0
NEWS_31767,3
NEWS_31768,3
NEWS_31769,4
NEWS_31770,2
NEWS_31771,3
NEWS_31772,4
NEWS_31773,5
NEWS_31774,5
NEWS_31775,3
NEWS_31776,4
NEWS_31777,5
NEWS_31778,4
NEWS_31779,2
NEWS_31780,3
NEWS_31781,4
NEWS_31782,3
NEWS_31783,4
NEWS_31784,1
NEWS_31785,4
NEWS_31786,3
NEWS_31787,4
NEWS_31788,5
NEWS_31789,3
NEWS_31790,2
NEWS_31791,4
NEWS_31792,2
NEWS_31793,4
NEWS_31794,5
NEWS_31795,4
NEWS_31796,0
NEWS_31797,1
NEWS_31798,2
NEWS_31799,5
NEWS_31800,5
NEWS_31801,4
NEWS_31802,3
NEWS_31803,4
NEWS_31804,2
NEWS_31805,2
NEWS_31806,1
NEWS_31807,1
NEWS_31808,2
NEWS_31809,3
NEWS_31810,5
NEWS_31811,2
NEWS_31812,3
NEWS_31813,4
NEWS_31814,2
NEWS_31815,0
NEWS_31816,1
NEWS_31817,4
NEWS_31818,2
NEWS_31819,4
NEWS_31820,2
NEWS_31821,1
NEWS_31822,1
NEWS_31823,5
NEWS_31824,4
NEWS_31825,5
NEWS_31826,1
NEWS_31827,5
NEWS_31828,5
NEWS_31829,5
NEWS_31830,4
NEWS_31831,1
NEWS_31832,4
NEWS_31833,3
NEWS_31834,5
NEWS_31835,3
NEWS_31836,4
NEWS_31837,3
NEWS_31838,5
NEWS_31839,4
NEWS_31840,5
NEWS_31841,4
NEWS_31842,3
NEWS_31843,3
NEWS_31844,4
NEWS_31845,1
NEWS_31846,3
NEWS_31847,2
NEWS_31848,1
NEWS_31849,3
NEWS_31850,4
NEWS_31851,4
NEWS_31852,4
NEWS_31853,3
NEWS_31854,1
NEWS_31855,2
NEWS_31856,2
NEWS_31857,0
NEWS_31858,5
NEWS_31859,1
NEWS_31860,1
NEWS_31861,0
NEWS_31862,2
NEWS_31863,0
NEWS_31864,0
NEWS_31865,1
NEWS_31866,3
NEWS_31867,3
NEWS_31868,1
NEWS_31869,3
NEWS_31870,3
NEWS_31871,4
NEWS_31872,3
NEWS_31873,1
NEWS_31874,1
NEWS_31875,3
NEWS_31876,4
NEWS_31877,1
NEWS_31878,3
NEWS_31879,1
NEWS_31880,2
NEWS_31881,4
NEWS_31882,2
NEWS_31883,0
NEWS_31884,1
NEWS_31885,2
NEWS_31886,4
NEWS_31887,3
NEWS_31888,4
NEWS_31889,4
NEWS_31890,4
NEWS_31891,1
NEWS_31892,4
NEWS_31893,1
NEWS_31894,4
NEWS_31895,4
NEWS_31896,3
NEWS_31897,3
NEWS_31898,5
NEWS_31899,4
NEWS_31900,1
NEWS_31901,1
NEWS_31902,4
NEWS_31903,5
NEWS_31904,0
NEWS_31905,4
NEWS_31906,0
NEWS_31907,2
NEWS_31908,3
NEWS_31909,5
NEWS_31910,0
NEWS_31911,1
NEWS_31912,2
NEWS_31913,2
NEWS_31914,5
NEWS_31915,1
NEWS_31916,3
NEWS_31917,4
NEWS_31918,2
NEWS_31919,1
NEWS_31920,4
NEWS_31921,2
NEWS_31922,3
NEWS_31923,3
NEWS_31924,4
NEWS_31925,3
NEWS_31926,5
NEWS_31927,2
NEWS_31928,5
NEWS_31929,4
NEWS_31930,5
NEWS_31931,3
NEWS_31932,3
NEWS_31933,4
NEWS_31934,1
NEWS_31935,3
NEWS_31936,4
NEWS_31937,1
NEWS_31938,0
NEWS_31939,4
NEWS_31940,4
NEWS_31941,0
NEWS_31942,0
NEWS_31943,4
NEWS_31944,3
NEWS_31945,5
NEWS_31946,5
NEWS_31947,1
NEWS_31948,1
NEWS_31949,4
NEWS_31950,5
NEWS_31951,4
NEWS_31952,4
NEWS_31953,4
NEWS_31954,4
NEWS_31955,3
NEWS_31956,4
NEWS_31957,4
NEWS_31958,1
NEWS_31959,1
NEWS_31960,4
NEWS_31961,4
NEWS_31962,3
NEWS_31963,4
NEWS_31964,1
NEWS_31965,1
NEWS_31966,3
NEWS_31967,1
NEWS_31968,1
NEWS_31969,4
NEWS_31970,2
NEWS_31971,4
NEWS_31972,3
NEWS_31973,4
NEWS_31974,3
NEWS_31975,0
NEWS_31976,4
NEWS_31977,4
NEWS_31978,5
NEWS_31979,0
NEWS_31980,3
NEWS_31981,1
NEWS_31982,5
NEWS_31983,4
NEWS_31984,3
NEWS_31985,4
NEWS_31986,0
NEWS_31987,4
NEWS_31988,0
NEWS_31989,5
NEWS_31990,0
NEWS_31991,2
NEWS_31992,3
NEWS_31993,4
NEWS_31994,1
NEWS_31995,5
NEWS_31996,1
NEWS_31997,4
NEWS_31998,2
NEWS_31999,4
NEWS_32000,2
NEWS_32001,4
NEWS_32002,3
NEWS_32003,5
NEWS_32004,1
NEWS_32005,1
NEWS_32006,2
NEWS_32007,2
NEWS_32008,2
NEWS_32009,1
NEWS_32010,3
NEWS_32011,3
NEWS_32012,3
NEWS_32013,3
NEWS_32014,0
NEWS_32015,2
NEWS_32016,1
NEWS_32017,4
NEWS_32018,4
NEWS_32019,5
NEWS_32020,3
NEWS_32021,2
NEWS_32022,5
NEWS_32023,2
NEWS_32024,4
NEWS_32025,4
NEWS_32026,5
NEWS_32027,2
NEWS_32028,0
NEWS_32029,1
NEWS_32030,3
NEWS_32031,1
NEWS_32032,4
NEWS_32033,5
NEWS_32034,3
NEWS_32035,4
NEWS_32036,3
NEWS_32037,4
NEWS_32038,3
NEWS_32039,4
NEWS_32040,1
NEWS_32041,4
NEWS_32042,0
NEWS_32043,1
NEWS_32044,1
NEWS_32045,0
NEWS_32046,1
NEWS_32047,3
NEWS_32048,3
NEWS_32049,3
NEWS_32050,2
NEWS_32051,2
NEWS_32052,5
NEWS_32053,4
NEWS_32054,1
NEWS_32055,2
NEWS_32056,2
NEWS_32057,4
NEWS_32058,4
NEWS_32059,5
NEWS_32060,5
NEWS_32061,1
NEWS_32062,1
NEWS_32063,5
NEWS_32064,1
NEWS_32065,5
NEWS_32066,3
NEWS_32067,3
NEWS_32068,1
NEWS_32069,3
NEWS_32070,3
NEWS_32071,5
NEWS_32072,3
NEWS_32073,0
NEWS_32074,4
NEWS_32075,4
NEWS_32076,1
NEWS_32077,5
NEWS_32078,3
NEWS_32079,1
NEWS_32080,5
NEWS_32081,0
NEWS_32082,2
NEWS_32083,3
NEWS_32084,1
NEWS_32085,4
NEWS_32086,4
NEWS_32087,4
NEWS_32088,5
NEWS_32089,0
NEWS_32090,1
NEWS_32091,0
NEWS_32092,4
NEWS_32093,4
NEWS_32094,3
NEWS_32095,2
NEWS_32096,1
NEWS_32097,3
NEWS_32098,2
NEWS_32099,5
NEWS_32100,4
NEWS_32101,2
NEWS_32102,4
NEWS_32103,5
NEWS_32104,4
NEWS_32105,4
NEWS_32106,5
NEWS_32107,1
NEWS_32108,5
NEWS_32109,2
NEWS_32110,3
NEWS_32111,4
NEWS_32112,2
NEWS_32113,4
NEWS_32114,4
NEWS_32115,4
NEWS_32116,3
NEWS_32117,2
NEWS_32118,3
NEWS_32119,4
NEWS_32120,4
NEWS_32121,2
NEWS_32122,3
NEWS_32123,4
NEWS_32124,3
NEWS_32125,4
NEWS_32126,3
NEWS_32127,3
NEWS_32128,1
NEWS_32129,0
NEWS_32130,2
NEWS_32131,5
NEWS_32132,2
NEWS_32133,4
NEWS_32134,4
NEWS_32135,4
NEWS_32136,2
NEWS_32137,2
NEWS_32138,1
NEWS_32139,5
NEWS_32140,4
NEWS_32141,4
NEWS_32142,2
NEWS_32143,2
NEWS_32144,4
NEWS_32145,2
NEWS_32146,4
NEWS_32147,2
NEWS_32148,4
NEWS_32149,3
NEWS_32150,4
NEWS_32151,3
NEWS_32152,5
NEWS_32153,3
NEWS_32154,3
NEWS_32155,1
NEWS_32156,1
NEWS_32157,3
NEWS_32158,4
NEWS_32159,5
NEWS_32160,1
NEWS_32161,4
NEWS_32162,1
NEWS_32163,5
NEWS_32164,5
NEWS_32165,4
NEWS_32166,2
NEWS_32167,1
NEWS_32168,4
NEWS_32169,2
NEWS_32170,4
NEWS_32171,5
NEWS_32172,2
NEWS_32173,4
NEWS_32174,4
NEWS_32175,1
NEWS_32176,1
NEWS_32177,1
NEWS_32178,2
NEWS_32179,2
NEWS_32180,1
NEWS_32181,2
NEWS_32182,1
NEWS_32183,1
NEWS_32184,4
NEWS_32185,4
NEWS_32186,5
NEWS_32187,5
NEWS_32188,4
NEWS_32189,3
NEWS_32190,4
NEWS_32191,3
NEWS_32192,4
NEWS_32193,4
NEWS_32194,5
NEWS_32195,1
NEWS_32196,4
NEWS_32197,3
NEWS_32198,4
NEWS_32199,2
NEWS_32200,4
NEWS_32201,4
NEWS_32202,1
NEWS_32203,3
NEWS_32204,0
NEWS_32205,5
NEWS_32206,1
NEWS_32207,4
NEWS_32208,4
NEWS_32209,1
NEWS_32210,2
NEWS_32211,4
NEWS_32212,4
NEWS_32213,4
NEWS_32214,4
NEWS_32215,4
NEWS_32216,4
NEWS_32217,4
NEWS_32218,2
NEWS_32219,1
NEWS_32220,1
NEWS_32221,1
NEWS_32222,5
NEWS_32223,1
NEWS_32224,1
NEWS_32225,2
NEWS_32226,4
NEWS_32227,4
NEWS_32228,4
NEWS_32229,3
NEWS_32230,1
NEWS_32231,3
NEWS_32232,3
NEWS_32233,0
NEWS_32234,1
NEWS_32235,1
NEWS_32236,4
NEWS_32237,5
NEWS_32238,5
NEWS_32239,4
NEWS_32240,1
NEWS_32241,3
NEWS_32242,4
NEWS_32243,4
NEWS_32244,1
NEWS_32245,3
NEWS_32246,2
NEWS_32247,4
NEWS_32248,5
NEWS_32249,4
NEWS_32250,0
NEWS_32251,4
NEWS_32252,4
NEWS_32253,5
NEWS_32254,2
NEWS_32255,2
NEWS_32256,5
NEWS_32257,3
NEWS_32258,4
NEWS_32259,4
NEWS_32260,5
NEWS_32261,5
NEWS_32262,3
NEWS_32263,4
NEWS_32264,2
NEWS_32265,5
NEWS_32266,1
NEWS_32267,4
NEWS_32268,4
NEWS_32269,3
NEWS_32270,1
NEWS_32271,1
NEWS_32272,5
NEWS_32273,1
NEWS_32274,4
NEWS_32275,5
NEWS_32276,5
NEWS_32277,1
NEWS_32278,2
NEWS_32279,4
NEWS_32280,5
NEWS_32281,2
NEWS_32282,0
NEWS_32283,5
NEWS_32284,2
NEWS_32285,1
NEWS_32286,5
NEWS_32287,1
NEWS_32288,2
NEWS_32289,4
NEWS_32290,2
NEWS_32291,4
NEWS_32292,1
NEWS_32293,5
NEWS_32294,2
NEWS_32295,1
NEWS_32296,2
NEWS_32297,3
NEWS_32298,4
NEWS_32299,5
NEWS_32300,5
NEWS_32301,3
NEWS_32302,2
NEWS_32303,5
NEWS_32304,3
NEWS_32305,1
NEWS_32306,4
NEWS_32307,4
NEWS_32308,4
NEWS_32309,4
NEWS_32310,1
NEWS_32311,2
NEWS_32312,5
NEWS_32313,3
NEWS_32314,4
NEWS_32315,4
NEWS_32316,4
NEWS_32317,4
NEWS_32318,5
NEWS_32319,4
NEWS_32320,3
NEWS_32321,4
NEWS_32322,2
NEWS_32323,4
NEWS_32324,4
NEWS_32325,4
NEWS_32326,5
NEWS_32327,2
NEWS_32328,3
NEWS_32329,1
NEWS_32330,1
NEWS_32331,3
NEWS_32332,4
NEWS_32333,0
NEWS_32334,0
NEWS_32335,3
NEWS_32336,0
NEWS_32337,2
NEWS_32338,3
NEWS_32339,1
NEWS_32340,4
NEWS_32341,3
NEWS_32342,5
NEWS_32343,4
NEWS_32344,2
NEWS_32345,0
NEWS_32346,1
NEWS_32347,2
NEWS_32348,3
NEWS_32349,4
NEWS_32350,3
NEWS_32351,1
NEWS_32352,1
NEWS_32353,4
NEWS_32354,5
NEWS_32355,4
NEWS_32356,5
NEWS_32357,5
NEWS_32358,3
NEWS_32359,4
NEWS_32360,3
NEWS_32361,1
NEWS_32362,0
NEWS_32363,5
NEWS_32364,4
NEWS_32365,5
NEWS_32366,4
NEWS_32367,3
NEWS_32368,5
NEWS_32369,4
NEWS_32370,2
NEWS_32371,4
NEWS_32372,4
NEWS_32373,1
NEWS_32374,4
NEWS_32375,4
NEWS_32376,4
NEWS_32377,4
NEWS_32378,5
NEWS_32379,4
NEWS_32380,4
NEWS_32381,5
NEWS_32382,4
NEWS_32383,3
NEWS_32384,4
NEWS_32385,4
NEWS_32386,1
NEWS_32387,2
NEWS_32388,5
NEWS_32389,3
NEWS_32390,4
NEWS_32391,4
NEWS_32392,4
NEWS_32393,3
NEWS_32394,0
NEWS_32395,1
NEWS_32396,2
NEWS_32397,4
NEWS_32398,4
NEWS_32399,4
NEWS_32400,3
NEWS_32401,2
NEWS_32402,1
NEWS_32403,2
NEWS_32404,1
NEWS_32405,4
NEWS_32406,3
NEWS_32407,4
NEWS_32408,4
NEWS_32409,3
NEWS_32410,3
NEWS_32411,3
NEWS_32412,5
NEWS_32413,3
NEWS_32414,1
NEWS_32415,3
NEWS_32416,4
NEWS_32417,3
NEWS_32418,4
NEWS_32419,4
NEWS_32420,3
NEWS_32421,4
NEWS_32422,4
NEWS_32423,4
NEWS_32424,5
NEWS_32425,0
NEWS_32426,4
NEWS_32427,1
NEWS_32428,4
NEWS_32429,2
NEWS_32430,4
NEWS_32431,4
NEWS_32432,2
NEWS_32433,2
NEWS_32434,5
NEWS_32435,4
NEWS_32436,3
NEWS_32437,1
NEWS_32438,5
NEWS_32439,3
NEWS_32440,4
NEWS_32441,2
NEWS_32442,3
NEWS_32443,2
NEWS_32444,4
NEWS_32445,1
NEWS_32446,3
NEWS_32447,1
NEWS_32448,5
NEWS_32449,1
NEWS_32450,2
NEWS_32451,2
NEWS_32452,4
NEWS_32453,3
NEWS_32454,4
NEWS_32455,4
NEWS_32456,4
NEWS_32457,1
NEWS_32458,4
NEWS_32459,4
NEWS_32460,4
NEWS_32461,3
NEWS_32462,2
NEWS_32463,3
NEWS_32464,5
NEWS_32465,2
NEWS_32466,5
NEWS_32467,2
NEWS_32468,5
NEWS_32469,4
NEWS_32470,5
NEWS_32471,4
NEWS_32472,3
NEWS_32473,5
NEWS_32474,5
NEWS_32475,0
NEWS_32476,2
NEWS_32477,4
NEWS_32478,0
NEWS_32479,3
NEWS_32480,1
NEWS_32481,5
NEWS_32482,0
NEWS_32483,4
NEWS_32484,5
NEWS_32485,5
NEWS_32486,1
NEWS_32487,4
NEWS_32488,2
NEWS_32489,1
NEWS_32490,2
NEWS_32491,3
NEWS_32492,3
NEWS_32493,3
NEWS_32494,5
NEWS_32495,5
NEWS_32496,2
NEWS_32497,4
NEWS_32498,1
NEWS_32499,5
NEWS_32500,3
NEWS_32501,2
NEWS_32502,1
NEWS_32503,1
NEWS_32504,4
NEWS_32505,1
NEWS_32506,2
NEWS_32507,1
NEWS_32508,4
NEWS_32509,1
NEWS_32510,1
NEWS_32511,4
NEWS_32512,3
NEWS_32513,3
NEWS_32514,2
NEWS_32515,1
NEWS_32516,2
NEWS_32517,0
NEWS_32518,5
NEWS_32519,3
NEWS_32520,2
NEWS_32521,2
NEWS_32522,1
NEWS_32523,2
NEWS_32524,0
NEWS_32525,2
NEWS_32526,2
NEWS_32527,1
NEWS_32528,1
NEWS_32529,5
NEWS_32530,2
NEWS_32531,1
NEWS_32532,3
NEWS_32533,3
NEWS_32534,5
NEWS_32535,3
NEWS_32536,1
NEWS_32537,4
NEWS_32538,5
NEWS_32539,5
NEWS_32540,4
NEWS_32541,1
NEWS_32542,4
NEWS_32543,3
NEWS_32544,5
NEWS_32545,2
NEWS_32546,4
NEWS_32547,2
NEWS_32548,3
NEWS_32549,1
NEWS_32550,5
NEWS_32551,4
NEWS_32552,4
NEWS_32553,4
NEWS_32554,2
NEWS_32555,4
NEWS_32556,4
NEWS_32557,4
NEWS_32558,4
NEWS_32559,1
NEWS_32560,3
NEWS_32561,3
NEWS_32562,4
NEWS_32563,1
NEWS_32564,0
NEWS_32565,4
NEWS_32566,1
NEWS_32567,4
NEWS_32568,2
NEWS_32569,4
NEWS_32570,3
NEWS_32571,1
NEWS_32572,4
NEWS_32573,4
NEWS_32574,3
NEWS_32575,4
NEWS_32576,1
NEWS_32577,1
NEWS_32578,5
NEWS_32579,1
NEWS_32580,2
NEWS_32581,3
NEWS_32582,1
NEWS_32583,3
NEWS_32584,1
NEWS_32585,3
NEWS_32586,5
NEWS_32587,1
NEWS_32588,5
NEWS_32589,2
NEWS_32590,4
NEWS_32591,4
NEWS_32592,2
NEWS_32593,3
NEWS_32594,3
NEWS_32595,4
NEWS_32596,1
NEWS_32597,5
NEWS_32598,4
NEWS_32599,3
NEWS_32600,4
NEWS_32601,4
NEWS_32602,5
NEWS_32603,2
NEWS_32604,4
NEWS_32605,5
NEWS_32606,5
NEWS_32607,2
NEWS_32608,3
NEWS_32609,4
NEWS_32610,4
NEWS_32611,4
NEWS_32612,5
NEWS_32613,4
NEWS_32614,3
NEWS_32615,1
NEWS_32616,3
NEWS_32617,1
NEWS_32618,4
NEWS_32619,1
NEWS_32620,4
NEWS_32621,4
NEWS_32622,4
NEWS_32623,4
NEWS_32624,1
NEWS_32625,1
NEWS_32626,5
NEWS_32627,3
NEWS_32628,5
NEWS_32629,0
NEWS_32630,4
NEWS_32631,3
NEWS_32632,1
NEWS_32633,1
NEWS_32634,4
NEWS_32635,0
NEWS_32636,2
NEWS_32637,1
NEWS_32638,2
NEWS_32639,4
NEWS_32640,3
NEWS_32641,2
NEWS_32642,5
NEWS_32643,4
NEWS_32644,5
NEWS_32645,4
NEWS_32646,4
NEWS_32647,5
NEWS_32648,1
NEWS_32649,2
NEWS_32650,4
NEWS_32651,4
NEWS_32652,4
NEWS_32653,4
NEWS_32654,0
NEWS_32655,3
NEWS_32656,4
NEWS_32657,2
NEWS_32658,4
NEWS_32659,3
NEWS_32660,2
NEWS_32661,5
NEWS_32662,2
NEWS_32663,3
NEWS_32664,1
NEWS_32665,3
NEWS_32666,4
NEWS_32667,0
NEWS_32668,2
NEWS_32669,2
NEWS_32670,1
NEWS_32671,2
NEWS_32672,1
NEWS_32673,4
NEWS_32674,5
NEWS_32675,0
NEWS_32676,4
NEWS_32677,5
NEWS_32678,2
NEWS_32679,4
NEWS_32680,2
NEWS_32681,4
NEWS_32682,3
NEWS_32683,4
NEWS_32684,3
NEWS_32685,3
NEWS_32686,2
NEWS_32687,4
NEWS_32688,3
NEWS_32689,2
NEWS_32690,3
NEWS_32691,1
NEWS_32692,4
NEWS_32693,0
NEWS_32694,4
NEWS_32695,4
NEWS_32696,2
NEWS_32697,2
NEWS_32698,4
NEWS_32699,4
NEWS_32700,4
NEWS_32701,1
NEWS_32702,3
NEWS_32703,4
NEWS_32704,1
NEWS_32705,5
NEWS_32706,2
NEWS_32707,2
NEWS_32708,4
NEWS_32709,5
NEWS_32710,5
NEWS_32711,4
NEWS_32712,2
NEWS_32713,2
NEWS_32714,5
NEWS_32715,1
NEWS_32716,4
NEWS_32717,3
NEWS_32718,5
NEWS_32719,1
NEWS_32720,3
NEWS_32721,5
NEWS_32722,4
NEWS_32723,3
NEWS_32724,4
NEWS_32725,2
NEWS_32726,1
NEWS_32727,0
NEWS_32728,4
NEWS_32729,5
NEWS_32730,5
NEWS_32731,2
NEWS_32732,1
NEWS_32733,3
NEWS_32734,3
NEWS_32735,3
NEWS_32736,2
NEWS_32737,1
NEWS_32738,3
NEWS_32739,1
NEWS_32740,5
NEWS_32741,4
NEWS_32742,4
NEWS_32743,4
NEWS_32744,4
NEWS_32745,4
NEWS_32746,4
NEWS_32747,3
NEWS_32748,2
NEWS_32749,3
NEWS_32750,4
NEWS_32751,3
NEWS_32752,3
NEWS_32753,4
NEWS_32754,3
NEWS_32755,4
NEWS_32756,3
NEWS_32757,2
NEWS_32758,1
NEWS_32759,4
NEWS_32760,1
NEWS_32761,5
NEWS_32762,1
NEWS_32763,5
NEWS_32764,3
NEWS_32765,4
NEWS_32766,1
NEWS_32767,3
NEWS_32768,3
NEWS_32769,3
NEWS_32770,5
NEWS_32771,1
NEWS_32772,1
NEWS_32773,2
NEWS_32774,4
NEWS_32775,3
NEWS_32776,0
NEWS_32777,4
NEWS_32778,1
NEWS_32779,2
NEWS_32780,4
NEWS_32781,5
NEWS_32782,1
NEWS_32783,2
NEWS_32784,3
NEWS_32785,3
NEWS_32786,1
NEWS_32787,4
NEWS_32788,1
NEWS_32789,1
NEWS_32790,1
NEWS_32791,1
NEWS_32792,4
NEWS_32793,4
NEWS_32794,1
NEWS_32795,2
NEWS_32796,4
NEWS_32797,1
NEWS_32798,4
NEWS_32799,5
NEWS_32800,4
NEWS_32801,1
NEWS_32802,3
NEWS_32803,4
NEWS_32804,2
NEWS_32805,3
NEWS_32806,1
NEWS_32807,1
NEWS_32808,5
NEWS_32809,4
NEWS_32810,4
NEWS_32811,3
NEWS_32812,2
NEWS_32813,3
NEWS_32814,4
NEWS_32815,1
NEWS_32816,1
NEWS_32817,4
NEWS_32818,3
NEWS_32819,2
NEWS_32820,4
NEWS_32821,0
NEWS_32822,4
NEWS_32823,2
NEWS_32824,1
NEWS_32825,2
NEWS_32826,1
NEWS_32827,1
NEWS_32828,1
NEWS_32829,3
NEWS_32830,4
NEWS_32831,2
NEWS_32832,0
NEWS_32833,3
NEWS_32834,1
NEWS_32835,2
NEWS_32836,5
NEWS_32837,5
NEWS_32838,3
NEWS_32839,3
NEWS_32840,4
NEWS_32841,4
NEWS_32842,0
NEWS_32843,2
NEWS_32844,3
NEWS_32845,2
NEWS_32846,1
NEWS_32847,2
NEWS_32848,0
NEWS_32849,1
NEWS_32850,1
NEWS_32851,2
NEWS_32852,1
NEWS_32853,5
NEWS_32854,4
NEWS_32855,5
NEWS_32856,3
NEWS_32857,5
NEWS_32858,5
NEWS_32859,0
NEWS_32860,4
NEWS_32861,4
NEWS_32862,4
NEWS_32863,1
NEWS_32864,1
NEWS_32865,2
NEWS_32866,2
NEWS_32867,3
NEWS_32868,1
NEWS_32869,3
NEWS_32870,1
NEWS_32871,4
NEWS_32872,4
NEWS_32873,3
NEWS_32874,3
NEWS_32875,4
NEWS_32876,5
NEWS_32877,3
NEWS_32878,2
NEWS_32879,4
NEWS_32880,0
NEWS_32881,0
NEWS_32882,1
NEWS_32883,4
NEWS_32884,3
NEWS_32885,1
NEWS_32886,5
NEWS_32887,5
NEWS_32888,2
NEWS_32889,2
NEWS_32890,4
NEWS_32891,1
NEWS_32892,4
NEWS_32893,5
NEWS_32894,3
NEWS_32895,3
NEWS_32896,1
NEWS_32897,5
NEWS_32898,1
NEWS_32899,2
NEWS_32900,5
NEWS_32901,5
NEWS_32902,1
NEWS_32903,3
NEWS_32904,2
NEWS_32905,3
NEWS_32906,4
NEWS_32907,5
NEWS_32908,4
NEWS_32909,2
NEWS_32910,1
NEWS_32911,1
NEWS_32912,0
NEWS_32913,4
NEWS_32914,2
NEWS_32915,1
NEWS_32916,3
NEWS_32917,2
NEWS_32918,2
NEWS_32919,4
NEWS_32920,3
NEWS_32921,3
NEWS_32922,1
NEWS_32923,5
NEWS_32924,0
NEWS_32925,5
NEWS_32926,3
NEWS_32927,5
NEWS_32928,3
NEWS_32929,2
NEWS_32930,4
NEWS_32931,3
NEWS_32932,4
NEWS_32933,4
NEWS_32934,2
NEWS_32935,4
NEWS_32936,3
NEWS_32937,4
NEWS_32938,4
NEWS_32939,0
NEWS_32940,4
NEWS_32941,2
NEWS_32942,4
NEWS_32943,2
NEWS_32944,2
NEWS_32945,3
NEWS_32946,4
NEWS_32947,1
NEWS_32948,1
NEWS_32949,1
NEWS_32950,5
NEWS_32951,1
NEWS_32952,3
NEWS_32953,3
NEWS_32954,1
NEWS_32955,2
NEWS_32956,4
NEWS_32957,3
NEWS_32958,1
NEWS_32959,5
NEWS_32960,0
NEWS_32961,5
NEWS_32962,2
NEWS_32963,5
NEWS_32964,3
NEWS_32965,4
NEWS_32966,4
NEWS_32967,4
NEWS_32968,3
NEWS_32969,4
NEWS_32970,4
NEWS_32971,5
NEWS_32972,1
NEWS_32973,4
NEWS_32974,4
NEWS_32975,1
NEWS_32976,3
NEWS_32977,1
NEWS_32978,4
NEWS_32979,4
NEWS_32980,2
NEWS_32981,5
NEWS_32982,5
NEWS_32983,3
NEWS_32984,5
NEWS_32985,4
NEWS_32986,1
NEWS_32987,4
NEWS_32988,5
NEWS_32989,4
NEWS_32990,2
NEWS_32991,4
NEWS_32992,3
NEWS_32993,0
NEWS_32994,4
NEWS_32995,4
NEWS_32996,4
NEWS_32997,3
NEWS_32998,3
NEWS_32999,1
NEWS_33000,1
NEWS_33001,5
NEWS_33002,2
NEWS_33003,4
NEWS_33004,5
NEWS_33005,5
NEWS_33006,1
NEWS_33007,4
NEWS_33008,3
NEWS_33009,3
NEWS_33010,4
NEWS_33011,4
NEWS_33012,3
NEWS_33013,2
NEWS_33014,4
NEWS_33015,4
NEWS_33016,4
NEWS_33017,1
NEWS_33018,1
NEWS_33019,4
NEWS_33020,1
NEWS_33021,4
NEWS_33022,3
NEWS_33023,3
NEWS_33024,2
NEWS_33025,4
NEWS_33026,4
NEWS_33027,3
NEWS_33028,4
NEWS_33029,5
NEWS_33030,3
NEWS_33031,4
NEWS_33032,4
NEWS_33033,5
NEWS_33034,2
NEWS_33035,1
NEWS_33036,2
NEWS_33037,4
NEWS_33038,2
NEWS_33039,4
NEWS_33040,3
NEWS_33041,1
NEWS_33042,0
NEWS_33043,2
NEWS_33044,5
NEWS_33045,4
NEWS_33046,2
NEWS_33047,1
NEWS_33048,1
NEWS_33049,4
NEWS_33050,1
NEWS_33051,1
NEWS_33052,1
NEWS_33053,1
NEWS_33054,3
NEWS_33055,2
NEWS_33056,5
NEWS_33057,2
NEWS_33058,0
NEWS_33059,2
NEWS_33060,1
NEWS_33061,4
NEWS_33062,1
NEWS_33063,4
NEWS_33064,2
NEWS_33065,3
NEWS_33066,4
NEWS_33067,1
NEWS_33068,4
NEWS_33069,2
NEWS_33070,3
NEWS_33071,4
NEWS_33072,0
NEWS_33073,0
NEWS_33074,5
NEWS_33075,3
NEWS_33076,1
NEWS_33077,1
NEWS_33078,1
NEWS_33079,3
NEWS_33080,4
NEWS_33081,2
NEWS_33082,4
NEWS_33083,4
NEWS_33084,1
NEWS_33085,0
NEWS_33086,3
NEWS_33087,4
NEWS_33088,5
NEWS_33089,2
NEWS_33090,4
NEWS_33091,3
NEWS_33092,3
NEWS_33093,4
NEWS_33094,1
NEWS_33095,0
NEWS_33096,0
NEWS_33097,4
NEWS_33098,2
NEWS_33099,5
NEWS_33100,4
NEWS_33101,4
NEWS_33102,1
NEWS_33103,5
NEWS_33104,1
NEWS_33105,4
NEWS_33106,1
NEWS_33107,1
NEWS_33108,1
NEWS_33109,5
NEWS_33110,4
NEWS_33111,4
NEWS_33112,3
NEWS_33113,4
NEWS_33114,3
NEWS_33115,4
NEWS_33116,3
NEWS_33117,3
NEWS_33118,1
NEWS_33119,2
NEWS_33120,4
NEWS_33121,1
NEWS_33122,3
NEWS_33123,4
NEWS_33124,2
NEWS_33125,0
NEWS_33126,3
NEWS_33127,4
NEWS_33128,5
NEWS_33129,3
NEWS_33130,2
NEWS_33131,5
NEWS_33132,3
NEWS_33133,3
NEWS_33134,1
NEWS_33135,2
NEWS_33136,2
NEWS_33137,3
NEWS_33138,5
NEWS_33139,3
NEWS_33140,5
NEWS_33141,0
NEWS_33142,5
NEWS_33143,3
NEWS_33144,5
NEWS_33145,5
NEWS_33146,4
NEWS_33147,4
NEWS_33148,3
NEWS_33149,3
NEWS_33150,2
NEWS_33151,4
NEWS_33152,3
NEWS_33153,3
NEWS_33154,1
NEWS_33155,4
NEWS_33156,4
NEWS_33157,2
NEWS_33158,4
NEWS_33159,1
NEWS_33160,4
NEWS_33161,3
NEWS_33162,1
NEWS_33163,3
NEWS_33164,4
NEWS_33165,2
NEWS_33166,4
NEWS_33167,4
NEWS_33168,4
NEWS_33169,1
NEWS_33170,4
NEWS_33171,3
NEWS_33172,2
NEWS_33173,4
NEWS_33174,4
NEWS_33175,5
NEWS_33176,1
NEWS_33177,4
NEWS_33178,1
NEWS_33179,1
NEWS_33180,4
NEWS_33181,4
NEWS_33182,4
NEWS_33183,3
NEWS_33184,4
NEWS_33185,5
NEWS_33186,2
NEWS_33187,4
NEWS_33188,5
NEWS_33189,1
NEWS_33190,4
NEWS_33191,2
NEWS_33192,4
NEWS_33193,2
NEWS_33194,2
NEWS_33195,4
NEWS_33196,1
NEWS_33197,4
NEWS_33198,3
NEWS_33199,1
NEWS_33200,5
NEWS_33201,5
NEWS_33202,4
NEWS_33203,2
NEWS_33204,1
NEWS_33205,0
NEWS_33206,4
NEWS_33207,4
NEWS_33208,5
NEWS_33209,1
NEWS_33210,3
NEWS_33211,1
NEWS_33212,5
NEWS_33213,1
NEWS_33214,4
NEWS_33215,5
NEWS_33216,3
NEWS_33217,1
NEWS_33218,4
NEWS_33219,4
NEWS_33220,1
NEWS_33221,4
NEWS_33222,0
NEWS_33223,3
NEWS_33224,1
NEWS_33225,1
NEWS_33226,3
NEWS_33227,4
NEWS_33228,4
NEWS_33229,4
NEWS_33230,5
NEWS_33231,2
NEWS_33232,5
NEWS_33233,0
NEWS_33234,3
NEWS_33235,5
NEWS_33236,4
NEWS_33237,1
NEWS_33238,3
NEWS_33239,4
NEWS_33240,5
NEWS_33241,3
NEWS_33242,1
NEWS_33243,1
NEWS_33244,4
NEWS_33245,0
NEWS_33246,3
NEWS_33247,4
NEWS_33248,5
NEWS_33249,3
NEWS_33250,1
NEWS_33251,0
NEWS_33252,3
NEWS_33253,4
NEWS_33254,3
NEWS_33255,2
NEWS_33256,2
NEWS_33257,5
NEWS_33258,2
NEWS_33259,3
NEWS_33260,3
NEWS_33261,5
NEWS_33262,2
NEWS_33263,4
NEWS_33264,5
NEWS_33265,3
NEWS_33266,4
NEWS_33267,5
NEWS_33268,2
NEWS_33269,4
NEWS_33270,4
NEWS_33271,4
NEWS_33272,2
NEWS_33273,4
NEWS_33274,4
NEWS_33275,1
NEWS_33276,3
NEWS_33277,2
NEWS_33278,1
NEWS_33279,4
NEWS_33280,2
NEWS_33281,4
NEWS_33282,3
NEWS_33283,3
NEWS_33284,5
NEWS_33285,5
NEWS_33286,4
NEWS_33287,2
NEWS_33288,3
NEWS_33289,3
NEWS_33290,4
NEWS_33291,1
NEWS_33292,3
NEWS_33293,2
NEWS_33294,4
NEWS_33295,4
NEWS_33296,1
NEWS_33297,5
NEWS_33298,3
NEWS_33299,3
NEWS_33300,3
NEWS_33301,4
NEWS_33302,2
NEWS_33303,2
NEWS_33304,3
NEWS_33305,3
NEWS_33306,2
NEWS_33307,4
NEWS_33308,2
NEWS_33309,2
NEWS_33310,4
NEWS_33311,5
NEWS_33312,4
NEWS_33313,1
NEWS_33314,1
NEWS_33315,3
NEWS_33316,2
NEWS_33317,4
NEWS_33318,4
NEWS_33319,1
NEWS_33320,4
NEWS_33321,4
NEWS_33322,4
NEWS_33323,4
NEWS_33324,5
NEWS_33325,4
NEWS_33326,5
NEWS_33327,5
NEWS_33328,1
NEWS_33329,4
NEWS_33330,3
NEWS_33331,1
NEWS_33332,4
NEWS_33333,2
NEWS_33334,4
NEWS_33335,2
NEWS_33336,3
NEWS_33337,3
NEWS_33338,4
NEWS_33339,4
NEWS_33340,4
NEWS_33341,2
NEWS_33342,4
NEWS_33343,2
NEWS_33344,1
NEWS_33345,5
NEWS_33346,4
NEWS_33347,1
NEWS_33348,5
NEWS_33349,5
NEWS_33350,0
NEWS_33351,4
NEWS_33352,1
NEWS_33353,1
NEWS_33354,2
NEWS_33355,4
NEWS_33356,3
NEWS_33357,3
NEWS_33358,2
NEWS_33359,4
NEWS_33360,3
NEWS_33361,3
NEWS_33362,3
NEWS_33363,1
NEWS_33364,2
NEWS_33365,1
NEWS_33366,3
NEWS_33367,1
NEWS_33368,2
NEWS_33369,4
NEWS_33370,4
NEWS_33371,2
NEWS_33372,1
NEWS_33373,2
NEWS_33374,5
NEWS_33375,1
NEWS_33376,4
NEWS_33377,1
NEWS_33378,5
NEWS_33379,4
NEWS_33380,3
NEWS_33381,3
NEWS_33382,5
NEWS_33383,3
NEWS_33384,4
NEWS_33385,5
NEWS_33386,1
NEWS_33387,5
NEWS_33388,5
NEWS_33389,4
NEWS_33390,4
NEWS_33391,1
NEWS_33392,0
NEWS_33393,4
NEWS_33394,0
NEWS_33395,2
NEWS_33396,4
NEWS_33397,4
NEWS_33398,1
NEWS_33399,1
NEWS_33400,1
NEWS_33401,0
NEWS_33402,4
NEWS_33403,3
NEWS_33404,4
NEWS_33405,4
NEWS_33406,5
NEWS_33407,1
NEWS_33408,1
NEWS_33409,3
NEWS_33410,4
NEWS_33411,3
NEWS_33412,2
NEWS_33413,2
NEWS_33414,4
NEWS_33415,0
NEWS_33416,3
NEWS_33417,1
NEWS_33418,4
NEWS_33419,1
NEWS_33420,4
NEWS_33421,4
NEWS_33422,1
NEWS_33423,1
NEWS_33424,4
NEWS_33425,5
NEWS_33426,3
NEWS_33427,1
NEWS_33428,4
NEWS_33429,4
NEWS_33430,4
NEWS_33431,2
NEWS_33432,1
NEWS_33433,4
NEWS_33434,2
NEWS_33435,4
NEWS_33436,4
NEWS_33437,4
NEWS_33438,4
NEWS_33439,1
NEWS_33440,3
NEWS_33441,4
NEWS_33442,4
NEWS_33443,5
NEWS_33444,1
NEWS_33445,4
NEWS_33446,3
NEWS_33447,2
NEWS_33448,4
NEWS_33449,4
NEWS_33450,5
NEWS_33451,3
NEWS_33452,5
NEWS_33453,5
NEWS_33454,3
NEWS_33455,4
NEWS_33456,4
NEWS_33457,3
NEWS_33458,1
NEWS_33459,2
NEWS_33460,5
NEWS_33461,2
NEWS_33462,4
NEWS_33463,2
NEWS_33464,1
NEWS_33465,4
NEWS_33466,1
NEWS_33467,3
NEWS_33468,2
NEWS_33469,1
NEWS_33470,5
NEWS_33471,1
NEWS_33472,5
NEWS_33473,0
NEWS_33474,5
NEWS_33475,1
NEWS_33476,3
NEWS_33477,3
NEWS_33478,1
NEWS_33479,2
NEWS_33480,4
NEWS_33481,0
NEWS_33482,3
NEWS_33483,3
NEWS_33484,1
NEWS_33485,0
NEWS_33486,2
NEWS_33487,1
NEWS_33488,3
NEWS_33489,4
NEWS_33490,0
NEWS_33491,4
NEWS_33492,3
NEWS_33493,5
NEWS_33494,4
NEWS_33495,4
NEWS_33496,5
NEWS_33497,4
NEWS_33498,1
NEWS_33499,2
NEWS_33500,1
NEWS_33501,1
NEWS_33502,1
NEWS_33503,4
NEWS_33504,3
NEWS_33505,0
NEWS_33506,5
NEWS_33507,4
NEWS_33508,2
NEWS_33509,5
NEWS_33510,5
NEWS_33511,4
NEWS_33512,3
NEWS_33513,0
NEWS_33514,1
NEWS_33515,1
NEWS_33516,4
NEWS_33517,5
NEWS_33518,2
NEWS_33519,1
NEWS_33520,3
NEWS_33521,3
NEWS_33522,1
NEWS_33523,5
NEWS_33524,4
NEWS_33525,2
NEWS_33526,2
NEWS_33527,4
NEWS_33528,1
NEWS_33529,1
NEWS_33530,5
NEWS_33531,1
NEWS_33532,3
NEWS_33533,2
NEWS_33534,4
NEWS_33535,1
NEWS_33536,1
NEWS_33537,4
NEWS_33538,5
NEWS_33539,4
NEWS_33540,1
NEWS_33541,2
NEWS_33542,1
NEWS_33543,1
NEWS_33544,3
NEWS_33545,3
NEWS_33546,1
NEWS_33547,4
NEWS_33548,0
NEWS_33549,2
NEWS_33550,3
NEWS_33551,3
NEWS_33552,4
NEWS_33553,5
NEWS_33554,0
NEWS_33555,4
NEWS_33556,4
NEWS_33557,4
NEWS_33558,3
NEWS_33559,1
NEWS_33560,5
NEWS_33561,3
NEWS_33562,2
NEWS_33563,5
NEWS_33564,1
NEWS_33565,5
NEWS_33566,3
NEWS_33567,5
NEWS_33568,4
NEWS_33569,1
NEWS_33570,4
NEWS_33571,1
NEWS_33572,4
NEWS_33573,4
NEWS_33574,4
NEWS_33575,4
NEWS_33576,1
NEWS_33577,5
NEWS_33578,2
NEWS_33579,1
NEWS_33580,4
NEWS_33581,4
NEWS_33582,4
NEWS_33583,2
NEWS_33584,2
NEWS_33585,1
NEWS_33586,4
NEWS_33587,1
NEWS_33588,4
NEWS_33589,5
NEWS_33590,0
NEWS_33591,2
NEWS_33592,4
NEWS_33593,5
NEWS_33594,0
NEWS_33595,4
NEWS_33596,5
NEWS_33597,1
NEWS_33598,1
NEWS_33599,1
NEWS_33600,1
NEWS_33601,4
NEWS_33602,4
NEWS_33603,3
NEWS_33604,3
NEWS_33605,4
NEWS_33606,4
NEWS_33607,4
NEWS_33608,2
NEWS_33609,1
NEWS_33610,2
NEWS_33611,4
NEWS_33612,2
NEWS_33613,3
NEWS_33614,4
NEWS_33615,3
NEWS_33616,5
NEWS_33617,4
NEWS_33618,1
NEWS_33619,2
NEWS_33620,1
NEWS_33621,3
NEWS_33622,2
NEWS_33623,3
NEWS_33624,2
NEWS_33625,4
NEWS_33626,1
NEWS_33627,4
NEWS_33628,0
NEWS_33629,1
NEWS_33630,4
NEWS_33631,3
NEWS_33632,4
NEWS_33633,2
NEWS_33634,3
NEWS_33635,4
NEWS_33636,4
NEWS_33637,4
NEWS_33638,0
NEWS_33639,2
NEWS_33640,2
NEWS_33641,4
NEWS_33642,5
NEWS_33643,1
NEWS_33644,4
NEWS_33645,5
NEWS_33646,4
NEWS_33647,3
NEWS_33648,1
NEWS_33649,4
NEWS_33650,1
NEWS_33651,4
NEWS_33652,4
NEWS_33653,3
NEWS_33654,3
NEWS_33655,1
NEWS_33656,3
NEWS_33657,1
NEWS_33658,0
NEWS_33659,4
NEWS_33660,1
NEWS_33661,3
NEWS_33662,1
NEWS_33663,3
NEWS_33664,1
NEWS_33665,3
NEWS_33666,4
NEWS_33667,4
NEWS_33668,0
NEWS_33669,5
NEWS_33670,1
NEWS_33671,4
NEWS_33672,5
NEWS_33673,5
NEWS_33674,1
NEWS_33675,2
NEWS_33676,4
NEWS_33677,4
NEWS_33678,3
NEWS_33679,3
NEWS_33680,2
NEWS_33681,1
NEWS_33682,4
NEWS_33683,5
NEWS_33684,2
NEWS_33685,4
NEWS_33686,4
NEWS_33687,0
NEWS_33688,2
NEWS_33689,2
NEWS_33690,2
NEWS_33691,1
NEWS_33692,1
NEWS_33693,3
NEWS_33694,5
NEWS_33695,5
NEWS_33696,4
NEWS_33697,4
NEWS_33698,5
NEWS_33699,1
NEWS_33700,5
NEWS_33701,5
NEWS_33702,4
NEWS_33703,4
NEWS_33704,5
NEWS_33705,5
NEWS_33706,4
NEWS_33707,1
NEWS_33708,3
NEWS_33709,1
NEWS_33710,1
NEWS_33711,2
NEWS_33712,3
NEWS_33713,3
NEWS_33714,1
NEWS_33715,4
NEWS_33716,5
NEWS_33717,4
NEWS_33718,3
NEWS_33719,2
NEWS_33720,5
NEWS_33721,1
NEWS_33722,1
NEWS_33723,4
NEWS_33724,1
NEWS_33725,5
NEWS_33726,4
NEWS_33727,1
NEWS_33728,3
NEWS_33729,1
NEWS_33730,0
NEWS_33731,2
NEWS_33732,4
NEWS_33733,3
NEWS_33734,0
NEWS_33735,1
NEWS_33736,2
NEWS_33737,3
NEWS_33738,5
NEWS_33739,4
NEWS_33740,4
NEWS_33741,2
NEWS_33742,3
NEWS_33743,5
NEWS_33744,3
NEWS_33745,4
NEWS_33746,1
NEWS_33747,2
NEWS_33748,5
NEWS_33749,1
NEWS_33750,1
NEWS_33751,1
NEWS_33752,1
NEWS_33753,3
NEWS_33754,4
NEWS_33755,1
NEWS_33756,3
NEWS_33757,0
NEWS_33758,4
NEWS_33759,4
NEWS_33760,2
NEWS_33761,0
NEWS_33762,4
NEWS_33763,4
NEWS_33764,1
NEWS_33765,5
NEWS_33766,1
NEWS_33767,5
NEWS_33768,4
NEWS_33769,5
NEWS_33770,1
NEWS_33771,3
NEWS_33772,4
NEWS_33773,5
NEWS_33774,4
NEWS_33775,1
NEWS_33776,3
NEWS_33777,5
NEWS_33778,4
NEWS_33779,4
NEWS_33780,5
NEWS_33781,1
NEWS_33782,4
NEWS_33783,3
NEWS_33784,4
NEWS_33785,3
NEWS_33786,3
NEWS_33787,4
NEWS_33788,4
NEWS_33789,4
NEWS_33790,3
NEWS_33791,0
NEWS_33792,1
NEWS_33793,4
NEWS_33794,4
NEWS_33795,3
NEWS_33796,5
NEWS_33797,3
NEWS_33798,4
NEWS_33799,3
NEWS_33800,4
NEWS_33801,5
NEWS_33802,4
NEWS_33803,4
NEWS_33804,4
NEWS_33805,2
NEWS_33806,4
NEWS_33807,2
NEWS_33808,4
NEWS_33809,4
NEWS_33810,0
NEWS_33811,4
NEWS_33812,5
NEWS_33813,5
NEWS_33814,4
NEWS_33815,1
NEWS_33816,5
NEWS_33817,1
NEWS_33818,1
NEWS_33819,1
NEWS_33820,4
NEWS_33821,4
NEWS_33822,1
NEWS_33823,4
NEWS_33824,2
NEWS_33825,0
NEWS_33826,5
NEWS_33827,3
NEWS_33828,1
NEWS_33829,4
NEWS_33830,4
NEWS_33831,3
NEWS_33832,4
NEWS_33833,4
NEWS_33834,3
NEWS_33835,4
NEWS_33836,1
NEWS_33837,2
NEWS_33838,2
NEWS_33839,2
NEWS_33840,1
NEWS_33841,1
NEWS_33842,4
NEWS_33843,3
NEWS_33844,0
NEWS_33845,4
NEWS_33846,1
NEWS_33847,1
NEWS_33848,5
NEWS_33849,3
NEWS_33850,4
NEWS_33851,1
NEWS_33852,5
NEWS_33853,3
NEWS_33854,4
NEWS_33855,3
NEWS_33856,2
NEWS_33857,1
NEWS_33858,2
NEWS_33859,0
NEWS_33860,4
NEWS_33861,1
NEWS_33862,2
NEWS_33863,3
NEWS_33864,3
NEWS_33865,3
NEWS_33866,3
NEWS_33867,3
NEWS_33868,3
NEWS_33869,1
NEWS_33870,1
NEWS_33871,4
NEWS_33872,5
NEWS_33873,3
NEWS_33874,4
NEWS_33875,1
NEWS_33876,5
NEWS_33877,4
NEWS_33878,0
NEWS_33879,3
NEWS_33880,3
NEWS_33881,1
NEWS_33882,4
NEWS_33883,1
NEWS_33884,4
NEWS_33885,5
NEWS_33886,4
NEWS_33887,5
NEWS_33888,2
NEWS_33889,5
NEWS_33890,1
NEWS_33891,3
NEWS_33892,4
NEWS_33893,0
NEWS_33894,1
NEWS_33895,5
NEWS_33896,1
NEWS_33897,3
NEWS_33898,4
NEWS_33899,5
NEWS_33900,4
NEWS_33901,1
NEWS_33902,4
NEWS_33903,2
NEWS_33904,1
NEWS_33905,3
NEWS_33906,1
NEWS_33907,4
NEWS_33908,4
NEWS_33909,1
NEWS_33910,2
NEWS_33911,4
NEWS_33912,1
NEWS_33913,5
NEWS_33914,3
NEWS_33915,4
NEWS_33916,4
NEWS_33917,4
NEWS_33918,2
NEWS_33919,2
NEWS_33920,1
NEWS_33921,3
NEWS_33922,5
NEWS_33923,3
NEWS_33924,4
NEWS_33925,4
NEWS_33926,2
NEWS_33927,1
NEWS_33928,4
NEWS_33929,3
NEWS_33930,3
NEWS_33931,5
NEWS_33932,1
NEWS_33933,2
NEWS_33934,2
NEWS_33935,3
NEWS_33936,0
NEWS_33937,1
NEWS_33938,2
NEWS_33939,3
NEWS_33940,1
NEWS_33941,4
NEWS_33942,4
NEWS_33943,4
NEWS_33944,3
NEWS_33945,4
NEWS_33946,3
NEWS_33947,4
NEWS_33948,2
NEWS_33949,5
NEWS_33950,4
NEWS_33951,5
NEWS_33952,3
NEWS_33953,4
NEWS_33954,3
NEWS_33955,3
NEWS_33956,5
NEWS_33957,5
NEWS_33958,4
NEWS_33959,5
NEWS_33960,4
NEWS_33961,3
NEWS_33962,5
NEWS_33963,1
NEWS_33964,1
NEWS_33965,4
NEWS_33966,3
NEWS_33967,5
NEWS_33968,4
NEWS_33969,4
NEWS_33970,1
NEWS_33971,4
NEWS_33972,4
NEWS_33973,5
NEWS_33974,4
NEWS_33975,4
NEWS_33976,5
NEWS_33977,4
NEWS_33978,3
NEWS_33979,4
NEWS_33980,4
NEWS_33981,5
NEWS_33982,4
NEWS_33983,5
NEWS_33984,3
NEWS_33985,4
NEWS_33986,3
NEWS_33987,2
NEWS_33988,2
NEWS_33989,1
NEWS_33990,5
NEWS_33991,4
NEWS_33992,4
NEWS_33993,4
NEWS_33994,4
NEWS_33995,2
NEWS_33996,3
NEWS_33997,3
NEWS_33998,3
NEWS_33999,4
NEWS_34000,0
NEWS_34001,2
NEWS_34002,4
NEWS_34003,2
NEWS_34004,5
NEWS_34005,5
NEWS_34006,2
NEWS_34007,5
NEWS_34008,2
NEWS_34009,3
NEWS_34010,3
NEWS_34011,4
NEWS_34012,5
NEWS_34013,4
NEWS_34014,1
NEWS_34015,4
NEWS_34016,4
NEWS_34017,1
NEWS_34018,2
NEWS_34019,2
NEWS_34020,1
NEWS_34021,4
NEWS_34022,1
NEWS_34023,3
NEWS_34024,2
NEWS_34025,3
NEWS_34026,5
NEWS_34027,1
NEWS_34028,4
NEWS_34029,4
NEWS_34030,4
NEWS_34031,2
NEWS_34032,4
NEWS_34033,1
NEWS_34034,3
NEWS_34035,2
NEWS_34036,0
NEWS_34037,3
NEWS_34038,1
NEWS_34039,4
NEWS_34040,1
NEWS_34041,1
NEWS_34042,5
NEWS_34043,2
NEWS_34044,3
NEWS_34045,3
NEWS_34046,3
NEWS_34047,1
NEWS_34048,1
NEWS_34049,5
NEWS_34050,2
NEWS_34051,5
NEWS_34052,1
NEWS_34053,1
NEWS_34054,2
NEWS_34055,5
NEWS_34056,1
NEWS_34057,1
NEWS_34058,3
NEWS_34059,2
NEWS_34060,1
NEWS_34061,4
NEWS_34062,1
NEWS_34063,4
NEWS_34064,4
NEWS_34065,1
NEWS_34066,3
NEWS_34067,5
NEWS_34068,0
NEWS_34069,4
NEWS_34070,1
NEWS_34071,1
NEWS_34072,4
NEWS_34073,2
NEWS_34074,4
NEWS_34075,4
NEWS_34076,3
NEWS_34077,1
NEWS_34078,1
NEWS_34079,2
NEWS_34080,3
NEWS_34081,4
NEWS_34082,5
NEWS_34083,1
NEWS_34084,4
NEWS_34085,1
NEWS_34086,4
NEWS_34087,2
NEWS_34088,3
NEWS_34089,4
NEWS_34090,4
NEWS_34091,5
NEWS_34092,4
NEWS_34093,0
NEWS_34094,4
NEWS_34095,4
NEWS_34096,1
NEWS_34097,4
NEWS_34098,1
NEWS_34099,5
NEWS_34100,5
NEWS_34101,1
NEWS_34102,4
NEWS_34103,0
NEWS_34104,2
NEWS_34105,4
NEWS_34106,3
NEWS_34107,1
NEWS_34108,2
NEWS_34109,5
NEWS_34110,3
NEWS_34111,5
NEWS_34112,5
NEWS_34113,4
NEWS_34114,3
NEWS_34115,4
NEWS_34116,4
NEWS_34117,5
NEWS_34118,1
NEWS_34119,3
NEWS_34120,3
NEWS_34121,4
NEWS_34122,4
NEWS_34123,5
NEWS_34124,4
NEWS_34125,1
NEWS_34126,1
NEWS_34127,2
NEWS_34128,2
NEWS_34129,5
NEWS_34130,4
NEWS_34131,3
NEWS_34132,5
NEWS_34133,1
NEWS_34134,4
NEWS_34135,4
NEWS_34136,1
NEWS_34137,1
NEWS_34138,4
NEWS_34139,2
NEWS_34140,4
NEWS_34141,2
NEWS_34142,1
NEWS_34143,4
NEWS_34144,5
NEWS_34145,5
NEWS_34146,4
NEWS_34147,1
NEWS_34148,4
NEWS_34149,4
NEWS_34150,5
NEWS_34151,2
NEWS_34152,4
NEWS_34153,1
NEWS_34154,1
NEWS_34155,4
NEWS_34156,3
NEWS_34157,3
NEWS_34158,2
NEWS_34159,4
NEWS_34160,3
NEWS_34161,2
NEWS_34162,3
NEWS_34163,1
NEWS_34164,1
NEWS_34165,4
NEWS_34166,1
NEWS_34167,2
NEWS_34168,3
NEWS_34169,4
NEWS_34170,1
NEWS_34171,5
NEWS_34172,3
NEWS_34173,3
NEWS_34174,5
NEWS_34175,3
NEWS_34176,4
NEWS_34177,3
NEWS_34178,4
NEWS_34179,5
NEWS_34180,4
NEWS_34181,1
NEWS_34182,4
NEWS_34183,3
NEWS_34184,2
NEWS_34185,5
NEWS_34186,1
NEWS_34187,2
NEWS_34188,5
NEWS_34189,1
NEWS_34190,3
NEWS_34191,4
NEWS_34192,3
NEWS_34193,5
NEWS_34194,4
NEWS_34195,0
NEWS_34196,4
NEWS_34197,3
NEWS_34198,2
NEWS_34199,1
NEWS_34200,2
NEWS_34201,4
NEWS_34202,3
NEWS_34203,1
NEWS_34204,2
NEWS_34205,1
NEWS_34206,2
NEWS_34207,5
NEWS_34208,4
NEWS_34209,1
NEWS_34210,2
NEWS_34211,4
NEWS_34212,1
NEWS_34213,3
NEWS_34214,5
NEWS_34215,4
NEWS_34216,5
NEWS_34217,1
NEWS_34218,3
NEWS_34219,5
NEWS_34220,2
NEWS_34221,1
NEWS_34222,1
NEWS_34223,4
NEWS_34224,4
NEWS_34225,4
NEWS_34226,4
NEWS_34227,4
NEWS_34228,3
NEWS_34229,4
NEWS_34230,1
NEWS_34231,4
NEWS_34232,3
NEWS_34233,4
NEWS_34234,4
NEWS_34235,1
NEWS_34236,2
NEWS_34237,4
NEWS_34238,1
NEWS_34239,4
NEWS_34240,3
NEWS_34241,1
NEWS_34242,1
NEWS_34243,4
NEWS_34244,0
NEWS_34245,1
NEWS_34246,4
NEWS_34247,4
NEWS_34248,4
NEWS_34249,4
NEWS_34250,5
NEWS_34251,0
NEWS_34252,0
NEWS_34253,2
NEWS_34254,4
NEWS_34255,4
NEWS_34256,2
NEWS_34257,1
NEWS_34258,4
NEWS_34259,1
NEWS_34260,1
NEWS_34261,1
NEWS_34262,1
NEWS_34263,1
NEWS_34264,2
NEWS_34265,5
NEWS_34266,0
NEWS_34267,3
NEWS_34268,4
NEWS_34269,1
NEWS_34270,2
NEWS_34271,5
NEWS_34272,1
NEWS_34273,1
NEWS_34274,4
NEWS_34275,1
NEWS_34276,4
NEWS_34277,2
NEWS_34278,1
NEWS_34279,1
NEWS_34280,4
NEWS_34281,2
NEWS_34282,4
NEWS_34283,1
NEWS_34284,1
NEWS_34285,3
NEWS_34286,3
NEWS_34287,3
NEWS_34288,4
NEWS_34289,4
NEWS_34290,5
NEWS_34291,4
NEWS_34292,4
NEWS_34293,1
NEWS_34294,4
NEWS_34295,3
NEWS_34296,3
NEWS_34297,3
NEWS_34298,5
NEWS_34299,3
NEWS_34300,4
NEWS_34301,0
NEWS_34302,3
NEWS_34303,1
NEWS_34304,3
NEWS_34305,4
NEWS_34306,2
NEWS_34307,4
NEWS_34308,1
NEWS_34309,2
NEWS_34310,1
NEWS_34311,1
NEWS_34312,4
NEWS_34313,3
NEWS_34314,5
NEWS_34315,4
NEWS_34316,3
NEWS_34317,3
NEWS_34318,4
NEWS_34319,1
NEWS_34320,1
NEWS_34321,3
NEWS_34322,2
NEWS_34323,4
NEWS_34324,1
NEWS_34325,4
NEWS_34326,4
NEWS_34327,1
NEWS_34328,3
NEWS_34329,1
NEWS_34330,3
NEWS_34331,2
NEWS_34332,3
NEWS_34333,3
NEWS_34334,2
NEWS_34335,1
NEWS_34336,1
NEWS_34337,4
NEWS_34338,5
NEWS_34339,4
NEWS_34340,2
NEWS_34341,4
NEWS_34342,4
NEWS_34343,4
NEWS_34344,1
NEWS_34345,4
NEWS_34346,4
NEWS_34347,1
NEWS_34348,4
NEWS_34349,4
NEWS_34350,3
NEWS_34351,4
NEWS_34352,4
NEWS_34353,1
NEWS_34354,3
NEWS_34355,5
NEWS_34356,4
NEWS_34357,1
NEWS_34358,4
NEWS_34359,1
NEWS_34360,1
NEWS_34361,3
NEWS_34362,3
NEWS_34363,2
NEWS_34364,4
NEWS_34365,1
NEWS_34366,1
NEWS_34367,5
NEWS_34368,5
NEWS_34369,4
NEWS_34370,2
NEWS_34371,4
NEWS_34372,5
NEWS_34373,1
NEWS_34374,3
NEWS_34375,1
NEWS_34376,0
NEWS_34377,4
NEWS_34378,3
NEWS_34379,4
NEWS_34380,4
NEWS_34381,3
NEWS_34382,2
NEWS_34383,1
NEWS_34384,4
NEWS_34385,2
NEWS_34386,3
NEWS_34387,4
NEWS_34388,4
NEWS_34389,5
NEWS_34390,4
NEWS_34391,2
NEWS_34392,3
NEWS_34393,5
NEWS_34394,4
NEWS_34395,3
NEWS_34396,1
NEWS_34397,1
NEWS_34398,2
NEWS_34399,4
NEWS_34400,1
NEWS_34401,5
NEWS_34402,4
NEWS_34403,3
NEWS_34404,4
NEWS_34405,1
NEWS_34406,4
NEWS_34407,3
NEWS_34408,3
NEWS_34409,2
NEWS_34410,5
NEWS_34411,2
NEWS_34412,0
NEWS_34413,0
NEWS_34414,5
NEWS_34415,1
NEWS_34416,2
NEWS_34417,2
NEWS_34418,3
NEWS_34419,0
NEWS_34420,1
NEWS_34421,1
NEWS_34422,2
NEWS_34423,4
NEWS_34424,1
NEWS_34425,4
NEWS_34426,4
NEWS_34427,1
NEWS_34428,1
NEWS_34429,4
NEWS_34430,5
NEWS_34431,5
NEWS_34432,2
NEWS_34433,1
NEWS_34434,5
NEWS_34435,4
NEWS_34436,1
NEWS_34437,0
NEWS_34438,5
NEWS_34439,0
NEWS_34440,4
NEWS_34441,1
NEWS_34442,2
NEWS_34443,5
NEWS_34444,4
NEWS_34445,2
NEWS_34446,2
NEWS_34447,1
NEWS_34448,5
NEWS_34449,4
NEWS_34450,3
NEWS_34451,4
NEWS_34452,4
NEWS_34453,3
NEWS_34454,5
NEWS_34455,5
NEWS_34456,4
NEWS_34457,4
NEWS_34458,4
NEWS_34459,1
NEWS_34460,3
NEWS_34461,3
NEWS_34462,0
NEWS_34463,4
NEWS_34464,4
NEWS_34465,4
NEWS_34466,1
NEWS_34467,4
NEWS_34468,2
NEWS_34469,2
NEWS_34470,4
NEWS_34471,2
NEWS_34472,3
NEWS_34473,5
NEWS_34474,1
NEWS_34475,2
NEWS_34476,1
NEWS_34477,1
NEWS_34478,1
NEWS_34479,5
NEWS_34480,1
NEWS_34481,4
NEWS_34482,4
NEWS_34483,5
NEWS_34484,4
NEWS_34485,5
NEWS_34486,4
NEWS_34487,4
NEWS_34488,4
NEWS_34489,1
NEWS_34490,5
NEWS_34491,1
NEWS_34492,4
NEWS_34493,4
NEWS_34494,4
NEWS_34495,2
NEWS_34496,4
NEWS_34497,2
NEWS_34498,1
NEWS_34499,4
NEWS_34500,2
NEWS_34501,4
NEWS_34502,4
NEWS_34503,1
NEWS_34504,3
NEWS_34505,4
NEWS_34506,4
NEWS_34507,5
NEWS_34508,5
NEWS_34509,4
NEWS_34510,5
NEWS_34511,3
NEWS_34512,0
NEWS_34513,0
NEWS_34514,1
NEWS_34515,5
NEWS_34516,4
NEWS_34517,1
NEWS_34518,4
NEWS_34519,1
NEWS_34520,4
NEWS_34521,3
NEWS_34522,2
NEWS_34523,4
NEWS_34524,2
NEWS_34525,2
NEWS_34526,5
NEWS_34527,4
NEWS_34528,5
NEWS_34529,1
NEWS_34530,5
NEWS_34531,3
NEWS_34532,0
NEWS_34533,3
NEWS_34534,5
NEWS_34535,4
NEWS_34536,1
NEWS_34537,4
NEWS_34538,2
NEWS_34539,0
NEWS_34540,4
NEWS_34541,3
NEWS_34542,5
NEWS_34543,1
NEWS_34544,3
NEWS_34545,4
NEWS_34546,1
NEWS_34547,3
NEWS_34548,1
NEWS_34549,1
NEWS_34550,3
NEWS_34551,1
NEWS_34552,5
NEWS_34553,3
NEWS_34554,2
NEWS_34555,0
NEWS_34556,5
NEWS_34557,3
NEWS_34558,4
NEWS_34559,2
NEWS_34560,4
NEWS_34561,1
NEWS_34562,3
NEWS_34563,4
NEWS_34564,5
NEWS_34565,1
NEWS_34566,4
NEWS_34567,2
NEWS_34568,4
NEWS_34569,2
NEWS_34570,2
NEWS_34571,4
NEWS_34572,4
NEWS_34573,3
NEWS_34574,3
NEWS_34575,2
NEWS_34576,1
NEWS_34577,1
NEWS_34578,0
NEWS_34579,4
NEWS_34580,4
NEWS_34581,1
NEWS_34582,4
NEWS_34583,0
NEWS_34584,4
NEWS_34585,1
NEWS_34586,5
NEWS_34587,2
NEWS_34588,2
NEWS_34589,4
NEWS_34590,5
NEWS_34591,0
NEWS_34592,4
NEWS_34593,4
NEWS_34594,4
NEWS_34595,4
NEWS_34596,5
NEWS_34597,4
NEWS_34598,1
NEWS_34599,3
NEWS_34600,4
NEWS_34601,4
NEWS_34602,2
NEWS_34603,4
NEWS_34604,4
NEWS_34605,4
NEWS_34606,4
NEWS_34607,4
NEWS_34608,0
NEWS_34609,2
NEWS_34610,4
NEWS_34611,4
NEWS_34612,4
NEWS_34613,3
NEWS_34614,4
NEWS_34615,4
NEWS_34616,5
NEWS_34617,4
NEWS_34618,4
NEWS_34619,4
NEWS_34620,4
NEWS_34621,1
NEWS_34622,4
NEWS_34623,0
NEWS_34624,2
NEWS_34625,3
NEWS_34626,3
NEWS_34627,2
NEWS_34628,2
NEWS_34629,1
NEWS_34630,2
NEWS_34631,2
NEWS_34632,3
NEWS_34633,0
NEWS_34634,3
NEWS_34635,3
NEWS_34636,3
NEWS_34637,1
NEWS_34638,2
NEWS_34639,5
NEWS_34640,3
NEWS_34641,3
NEWS_34642,4
NEWS_34643,5
NEWS_34644,1
NEWS_34645,1
NEWS_34646,1
NEWS_34647,3
NEWS_34648,1
NEWS_34649,1
NEWS_34650,4
NEWS_34651,3
NEWS_34652,0
NEWS_34653,0
NEWS_34654,3
NEWS_34655,2
NEWS_34656,3
NEWS_34657,1
NEWS_34658,2
NEWS_34659,3
NEWS_34660,4
NEWS_34661,4
NEWS_34662,4
NEWS_34663,2
NEWS_34664,4
NEWS_34665,5
NEWS_34666,2
NEWS_34667,2
NEWS_34668,4
NEWS_34669,4
NEWS_34670,1
NEWS_34671,5
NEWS_34672,2
NEWS_34673,4
NEWS_34674,3
NEWS_34675,1
NEWS_34676,5
NEWS_34677,4
NEWS_34678,2
NEWS_34679,5
NEWS_34680,2
NEWS_34681,3
NEWS_34682,1
NEWS_34683,1
NEWS_34684,1
NEWS_34685,5
NEWS_34686,4
NEWS_34687,4
NEWS_34688,2
NEWS_34689,5
NEWS_34690,4
NEWS_34691,4
NEWS_34692,3
NEWS_34693,4
NEWS_34694,4
NEWS_34695,0
NEWS_34696,4
NEWS_34697,5
NEWS_34698,5
NEWS_34699,3
NEWS_34700,3
NEWS_34701,1
NEWS_34702,5
NEWS_34703,5
NEWS_34704,4
NEWS_34705,2
NEWS_34706,3
NEWS_34707,4
NEWS_34708,3
NEWS_34709,3
NEWS_34710,1
NEWS_34711,2
NEWS_34712,5
NEWS_34713,3
NEWS_34714,4
NEWS_34715,2
NEWS_34716,4
NEWS_34717,2
NEWS_34718,4
NEWS_34719,3
NEWS_34720,5
NEWS_34721,3
NEWS_34722,3
NEWS_34723,4
NEWS_34724,4
NEWS_34725,5
NEWS_34726,5
NEWS_34727,2
NEWS_34728,1
NEWS_34729,4
NEWS_34730,3
NEWS_34731,3
NEWS_34732,2
NEWS_34733,5
NEWS_34734,5
NEWS_34735,5
NEWS_34736,5
NEWS_34737,1
NEWS_34738,4
NEWS_34739,2
NEWS_34740,2
NEWS_34741,4
NEWS_34742,1
NEWS_34743,1
NEWS_34744,1
NEWS_34745,4
NEWS_34746,5
NEWS_34747,1
NEWS_34748,4
NEWS_34749,5
NEWS_34750,0
NEWS_34751,5
NEWS_34752,1
NEWS_34753,3
NEWS_34754,3
NEWS_34755,3
NEWS_34756,5
NEWS_34757,1
NEWS_34758,1
NEWS_34759,5
NEWS_34760,4
NEWS_34761,1
NEWS_34762,4
NEWS_34763,5
NEWS_34764,5
NEWS_34765,2
NEWS_34766,5
NEWS_34767,5
NEWS_34768,4
NEWS_34769,4
NEWS_34770,3
NEWS_34771,3
NEWS_34772,3
NEWS_34773,2
NEWS_34774,5
NEWS_34775,4
NEWS_34776,2
NEWS_34777,1
NEWS_34778,3
NEWS_34779,2
NEWS_34780,2
NEWS_34781,2
NEWS_34782,3
NEWS_34783,2
NEWS_34784,4
NEWS_34785,0
NEWS_34786,1
NEWS_34787,4
NEWS_34788,5
NEWS_34789,0
NEWS_34790,1
NEWS_34791,4
NEWS_34792,3
NEWS_34793,4
NEWS_34794,3
NEWS_34795,1
NEWS_34796,5
NEWS_34797,1
NEWS_34798,4
NEWS_34799,3
NEWS_34800,2
NEWS_34801,1
NEWS_34802,5
NEWS_34803,3
NEWS_34804,5
NEWS_34805,4
NEWS_34806,4
NEWS_34807,3
NEWS_34808,1
NEWS_34809,1
NEWS_34810,1
NEWS_34811,2
NEWS_34812,4
NEWS_34813,3
NEWS_34814,4
NEWS_34815,1
NEWS_34816,3
NEWS_34817,4
NEWS_34818,4
NEWS_34819,3
NEWS_34820,4
NEWS_34821,3
NEWS_34822,2
NEWS_34823,2
NEWS_34824,3
NEWS_34825,3
NEWS_34826,5
NEWS_34827,1
NEWS_34828,4
NEWS_34829,3
NEWS_34830,1
NEWS_34831,3
NEWS_34832,4
NEWS_34833,3
NEWS_34834,5
NEWS_34835,2
NEWS_34836,2
NEWS_34837,1
NEWS_34838,1
NEWS_34839,4
NEWS_34840,2
NEWS_34841,5
NEWS_34842,3
NEWS_34843,4
NEWS_34844,1
NEWS_34845,4
NEWS_34846,5
NEWS_34847,3
NEWS_34848,1
NEWS_34849,1
NEWS_34850,4
NEWS_34851,1
NEWS_34852,5
NEWS_34853,0
NEWS_34854,3
NEWS_34855,1
NEWS_34856,4
NEWS_34857,2
NEWS_34858,0
NEWS_34859,4
NEWS_34860,3
NEWS_34861,1
NEWS_34862,5
NEWS_34863,1
NEWS_34864,2
NEWS_34865,5
NEWS_34866,4
NEWS_34867,2
NEWS_34868,4
NEWS_34869,2
NEWS_34870,4
NEWS_34871,1
NEWS_34872,4
NEWS_34873,4
NEWS_34874,2
NEWS_34875,4
NEWS_34876,5
NEWS_34877,4
NEWS_34878,3
NEWS_34879,3
NEWS_34880,4
NEWS_34881,1
NEWS_34882,3
NEWS_34883,4
NEWS_34884,1
NEWS_34885,1
NEWS_34886,4
NEWS_34887,5
NEWS_34888,2
NEWS_34889,4
NEWS_34890,1
NEWS_34891,4
NEWS_34892,1
NEWS_34893,5
NEWS_34894,2
NEWS_34895,0
NEWS_34896,3
NEWS_34897,5
NEWS_34898,2
NEWS_34899,1
NEWS_34900,4
NEWS_34901,4
NEWS_34902,4
NEWS_34903,1
NEWS_34904,1
NEWS_34905,4
NEWS_34906,4
NEWS_34907,2
NEWS_34908,4
NEWS_34909,4
NEWS_34910,5
NEWS_34911,1
NEWS_34912,0
NEWS_34913,5
NEWS_34914,3
NEWS_34915,4
NEWS_34916,3
NEWS_34917,5
NEWS_34918,1
NEWS_34919,3
NEWS_34920,1
NEWS_34921,3
NEWS_34922,3
NEWS_34923,3
NEWS_34924,2
NEWS_34925,2
NEWS_34926,2
NEWS_34927,2
NEWS_34928,3
NEWS_34929,4
NEWS_34930,3
NEWS_34931,5
NEWS_34932,3
NEWS_34933,3
NEWS_34934,5
NEWS_34935,3
NEWS_34936,3
NEWS_34937,3
NEWS_34938,3
NEWS_34939,5
NEWS_34940,1
NEWS_34941,1
NEWS_34942,1
NEWS_34943,5
NEWS_34944,3
NEWS_34945,3
NEWS_34946,2
NEWS_34947,4
NEWS_34948,5
NEWS_34949,1
NEWS_34950,4
NEWS_34951,4
NEWS_34952,2
NEWS_34953,4
NEWS_34954,1
NEWS_34955,3
NEWS_34956,4
NEWS_34957,2
NEWS_34958,1
NEWS_34959,2
NEWS_34960,2
NEWS_34961,1
NEWS_34962,4
NEWS_34963,1
NEWS_34964,4
NEWS_34965,4
NEWS_34966,1
NEWS_34967,4
NEWS_34968,2
NEWS_34969,1
NEWS_34970,5
NEWS_34971,3
NEWS_34972,3
NEWS_34973,2
NEWS_34974,4
NEWS_34975,1
NEWS_34976,4
NEWS_34977,4
NEWS_34978,5
NEWS_34979,5
NEWS_34980,4
NEWS_34981,1
NEWS_34982,5
NEWS_34983,1
NEWS_34984,5
NEWS_34985,1
NEWS_34986,2
NEWS_34987,5
NEWS_34988,3
NEWS_34989,4
NEWS_34990,1
NEWS_34991,1
NEWS_34992,2
NEWS_34993,4
NEWS_34994,5
NEWS_34995,1
NEWS_34996,1
NEWS_34997,1
NEWS_34998,1
NEWS_34999,5
NEWS_35000,1
NEWS_35001,5
NEWS_35002,4
NEWS_35003,4
NEWS_35004,3
NEWS_35005,3
NEWS_35006,4
NEWS_35007,1
NEWS_35008,4
NEWS_35009,5
NEWS_35010,2
NEWS_35011,3
NEWS_35012,2
NEWS_35013,2
NEWS_35014,1
NEWS_35015,4
NEWS_35016,3
NEWS_35017,0
NEWS_35018,4
NEWS_35019,3
NEWS_35020,4
NEWS_35021,3
NEWS_35022,4
NEWS_35023,4
NEWS_35024,1
NEWS_35025,1
NEWS_35026,4
NEWS_35027,4
NEWS_35028,4
NEWS_35029,4
NEWS_35030,3
NEWS_35031,3
NEWS_35032,1
NEWS_35033,5
NEWS_35034,5
NEWS_35035,3
NEWS_35036,5
NEWS_35037,1
NEWS_35038,3
NEWS_35039,1
NEWS_35040,1
NEWS_35041,1
NEWS_35042,4
NEWS_35043,5
NEWS_35044,4
NEWS_35045,1
NEWS_35046,1
NEWS_35047,5
NEWS_35048,1
NEWS_35049,4
NEWS_35050,4
NEWS_35051,2
NEWS_35052,4
NEWS_35053,1
NEWS_35054,0
NEWS_35055,5
NEWS_35056,3
NEWS_35057,2
NEWS_35058,4
NEWS_35059,2
NEWS_35060,4
NEWS_35061,0
NEWS_35062,2
NEWS_35063,1
NEWS_35064,3
NEWS_35065,4
NEWS_35066,5
NEWS_35067,5
NEWS_35068,1
NEWS_35069,2
NEWS_35070,4
NEWS_35071,4
NEWS_35072,3
NEWS_35073,4
NEWS_35074,2
NEWS_35075,5
NEWS_35076,4
NEWS_35077,5
NEWS_35078,4
NEWS_35079,1
NEWS_35080,1
NEWS_35081,3
NEWS_35082,1
NEWS_35083,1
NEWS_35084,1
NEWS_35085,2
NEWS_35086,3
NEWS_35087,2
NEWS_35088,1
NEWS_35089,1
NEWS_35090,3
NEWS_35091,3
NEWS_35092,3
NEWS_35093,2
NEWS_35094,2
NEWS_35095,4
NEWS_35096,5
NEWS_35097,2
NEWS_35098,4
NEWS_35099,4
NEWS_35100,1
NEWS_35101,1
NEWS_35102,3
NEWS_35103,4
NEWS_35104,4
NEWS_35105,3
NEWS_35106,4
NEWS_35107,1
NEWS_35108,5
NEWS_35109,3
NEWS_35110,4
NEWS_35111,4
NEWS_35112,5
NEWS_35113,1
NEWS_35114,1
NEWS_35115,4
NEWS_35116,5
NEWS_35117,2
NEWS_35118,5
NEWS_35119,3
NEWS_35120,5
NEWS_35121,5
NEWS_35122,2
NEWS_35123,4
NEWS_35124,4
NEWS_35125,3
NEWS_35126,1
NEWS_35127,3
NEWS_35128,4
NEWS_35129,4
NEWS_35130,4
NEWS_35131,5
NEWS_35132,4
NEWS_35133,3
NEWS_35134,0
NEWS_35135,4
NEWS_35136,2
NEWS_35137,5
NEWS_35138,1
NEWS_35139,1
NEWS_35140,4
NEWS_35141,1
NEWS_35142,4
NEWS_35143,3
NEWS_35144,4
NEWS_35145,5
NEWS_35146,1
NEWS_35147,1
NEWS_35148,2
NEWS_35149,1
NEWS_35150,2
NEWS_35151,3
NEWS_35152,3
NEWS_35153,1
NEWS_35154,3
NEWS_35155,4
NEWS_35156,1
NEWS_35157,4
NEWS_35158,3
NEWS_35159,2
NEWS_35160,3
NEWS_35161,1
NEWS_35162,5
NEWS_35163,3
NEWS_35164,3
NEWS_35165,3
NEWS_35166,4
NEWS_35167,5
NEWS_35168,4
NEWS_35169,1
NEWS_35170,1
NEWS_35171,1
NEWS_35172,4
NEWS_35173,5
NEWS_35174,5
NEWS_35175,1
NEWS_35176,4
NEWS_35177,4
NEWS_35178,4
NEWS_35179,3
NEWS_35180,4
NEWS_35181,3
NEWS_35182,3
NEWS_35183,5
NEWS_35184,1
NEWS_35185,3
NEWS_35186,4
NEWS_35187,5
NEWS_35188,4
NEWS_35189,4
NEWS_35190,3
NEWS_35191,1
NEWS_35192,3
NEWS_35193,2
NEWS_35194,3
NEWS_35195,3
NEWS_35196,4
NEWS_35197,2
NEWS_35198,4
NEWS_35199,0
NEWS_35200,2
NEWS_35201,4
NEWS_35202,2
NEWS_35203,3
NEWS_35204,5
NEWS_35205,2
NEWS_35206,0
NEWS_35207,3
NEWS_35208,4
NEWS_35209,3
NEWS_35210,4
NEWS_35211,4
NEWS_35212,4
NEWS_35213,2
NEWS_35214,1
NEWS_35215,2
NEWS_35216,4
NEWS_35217,1
NEWS_35218,2
NEWS_35219,4
NEWS_35220,5
NEWS_35221,3
NEWS_35222,1
NEWS_35223,1
NEWS_35224,1
NEWS_35225,3
NEWS_35226,1
NEWS_35227,1
NEWS_35228,0
NEWS_35229,5
NEWS_35230,1
NEWS_35231,4
NEWS_35232,4
NEWS_35233,3
NEWS_35234,1
NEWS_35235,5
NEWS_35236,5
NEWS_35237,1
NEWS_35238,5
NEWS_35239,3
NEWS_35240,4
NEWS_35241,5
NEWS_35242,4
NEWS_35243,4
NEWS_35244,4
NEWS_35245,4
NEWS_35246,4
NEWS_35247,3
NEWS_35248,3
NEWS_35249,4
NEWS_35250,4
NEWS_35251,2
NEWS_35252,3
NEWS_35253,4
NEWS_35254,4
NEWS_35255,3
NEWS_35256,3
NEWS_35257,0
NEWS_35258,1
NEWS_35259,3
NEWS_35260,4
NEWS_35261,1
NEWS_35262,3
NEWS_35263,0
NEWS_35264,5
NEWS_35265,4
NEWS_35266,1
NEWS_35267,5
NEWS_35268,1
NEWS_35269,4
NEWS_35270,3
NEWS_35271,1
NEWS_35272,4
NEWS_35273,3
NEWS_35274,4
NEWS_35275,2
NEWS_35276,4
NEWS_35277,2
NEWS_35278,4
NEWS_35279,1
NEWS_35280,3
NEWS_35281,1
NEWS_35282,2
NEWS_35283,1
NEWS_35284,0
NEWS_35285,1
NEWS_35286,3
NEWS_35287,2
NEWS_35288,3
NEWS_35289,3
NEWS_35290,3
NEWS_35291,2
NEWS_35292,5
NEWS_35293,0
NEWS_35294,5
NEWS_35295,1
NEWS_35296,2
NEWS_35297,1
NEWS_35298,3
NEWS_35299,1
NEWS_35300,3
NEWS_35301,4
NEWS_35302,1
NEWS_35303,4
NEWS_35304,2
NEWS_35305,1
NEWS_35306,4
NEWS_35307,5
NEWS_35308,4
NEWS_35309,4
NEWS_35310,1
NEWS_35311,1
NEWS_35312,5
NEWS_35313,4
NEWS_35314,2
NEWS_35315,5
NEWS_35316,4
NEWS_35317,4
NEWS_35318,1
NEWS_35319,3
NEWS_35320,2
NEWS_35321,2
NEWS_35322,3
NEWS_35323,4
NEWS_35324,4
NEWS_35325,2
NEWS_35326,4
NEWS_35327,5
NEWS_35328,3
NEWS_35329,4
NEWS_35330,2
NEWS_35331,0
NEWS_35332,0
NEWS_35333,1
NEWS_35334,3
NEWS_35335,1
NEWS_35336,4
NEWS_35337,5
NEWS_35338,4
NEWS_35339,2
NEWS_35340,2
NEWS_35341,1
NEWS_35342,3
NEWS_35343,3
NEWS_35344,1
NEWS_35345,1
NEWS_35346,4
NEWS_35347,1
NEWS_35348,4
NEWS_35349,1
NEWS_35350,2
NEWS_35351,4
NEWS_35352,5
NEWS_35353,1
NEWS_35354,5
NEWS_35355,4
NEWS_35356,1
NEWS_35357,4
NEWS_35358,1
NEWS_35359,4
NEWS_35360,3
NEWS_35361,5
NEWS_35362,5
NEWS_35363,5
NEWS_35364,3
NEWS_35365,0
NEWS_35366,5
NEWS_35367,3
NEWS_35368,1
NEWS_35369,2
NEWS_35370,4
NEWS_35371,4
NEWS_35372,4
NEWS_35373,5
NEWS_35374,3
NEWS_35375,4
NEWS_35376,2
NEWS_35377,4
NEWS_35378,4
NEWS_35379,1
NEWS_35380,2
NEWS_35381,4
NEWS_35382,2
NEWS_35383,5
NEWS_35384,5
NEWS_35385,3
NEWS_35386,4
NEWS_35387,4
NEWS_35388,1
NEWS_35389,2
NEWS_35390,3
NEWS_35391,5
NEWS_35392,4
NEWS_35393,3
NEWS_35394,4
NEWS_35395,5
NEWS_35396,4
NEWS_35397,1
NEWS_35398,5
NEWS_35399,4
NEWS_35400,4
NEWS_35401,4
NEWS_35402,1
NEWS_35403,1
NEWS_35404,4
NEWS_35405,4
NEWS_35406,3
NEWS_35407,5
NEWS_35408,4
NEWS_35409,1
NEWS_35410,4
NEWS_35411,2
NEWS_35412,3
NEWS_35413,3
NEWS_35414,1
NEWS_35415,0
NEWS_35416,4
NEWS_35417,4
NEWS_35418,1
NEWS_35419,1
NEWS_35420,2
NEWS_35421,3
NEWS_35422,4
NEWS_35423,4
NEWS_35424,4
NEWS_35425,1
NEWS_35426,3
NEWS_35427,1
NEWS_35428,2
NEWS_35429,2
NEWS_35430,4
NEWS_35431,3
NEWS_35432,2
NEWS_35433,4
NEWS_35434,4
NEWS_35435,3
NEWS_35436,3
NEWS_35437,5
NEWS_35438,3
NEWS_35439,5
NEWS_35440,5
NEWS_35441,4
NEWS_35442,2
NEWS_35443,0
NEWS_35444,4
NEWS_35445,4
NEWS_35446,2
NEWS_35447,4
NEWS_35448,1
NEWS_35449,4
NEWS_35450,3
NEWS_35451,4
NEWS_35452,2
NEWS_35453,4
NEWS_35454,5
NEWS_35455,4
NEWS_35456,5
NEWS_35457,4
NEWS_35458,3
NEWS_35459,3
NEWS_35460,4
NEWS_35461,4
NEWS_35462,4
NEWS_35463,0
NEWS_35464,2
NEWS_35465,5
NEWS_35466,4
NEWS_35467,4
NEWS_35468,3
NEWS_35469,3
NEWS_35470,3
NEWS_35471,5
NEWS_35472,1
NEWS_35473,4
NEWS_35474,5
NEWS_35475,5
NEWS_35476,3
NEWS_35477,2
NEWS_35478,5
NEWS_35479,0
NEWS_35480,5
NEWS_35481,3
NEWS_35482,1
NEWS_35483,4
NEWS_35484,5
NEWS_35485,3
NEWS_35486,4
NEWS_35487,5
NEWS_35488,1
NEWS_35489,4
NEWS_35490,5
NEWS_35491,5
NEWS_35492,1
NEWS_35493,2
NEWS_35494,4
NEWS_35495,4
NEWS_35496,5
NEWS_35497,4
NEWS_35498,2
NEWS_35499,3
NEWS_35500,4
NEWS_35501,4
NEWS_35502,1
NEWS_35503,0
NEWS_35504,4
NEWS_35505,4
NEWS_35506,4
NEWS_35507,3
NEWS_35508,3
NEWS_35509,5
NEWS_35510,1
NEWS_35511,1
NEWS_35512,4
NEWS_35513,4
NEWS_35514,4
NEWS_35515,3
NEWS_35516,4
NEWS_35517,1
NEWS_35518,5
NEWS_35519,3
NEWS_35520,3
NEWS_35521,4
NEWS_35522,5
NEWS_35523,1
NEWS_35524,4
NEWS_35525,5
NEWS_35526,5
NEWS_35527,4
NEWS_35528,1
NEWS_35529,4
NEWS_35530,4
NEWS_35531,2
NEWS_35532,4
NEWS_35533,5
NEWS_35534,0
NEWS_35535,4
NEWS_35536,4
NEWS_35537,1
NEWS_35538,2
NEWS_35539,4
NEWS_35540,1
NEWS_35541,4
NEWS_35542,5
NEWS_35543,3
NEWS_35544,1
NEWS_35545,5
NEWS_35546,4
NEWS_35547,4
NEWS_35548,4
NEWS_35549,3
NEWS_35550,3
NEWS_35551,5
NEWS_35552,4
NEWS_35553,3
NEWS_35554,3
NEWS_35555,1
NEWS_35556,4
NEWS_35557,4
NEWS_35558,3
NEWS_35559,1
NEWS_35560,4
NEWS_35561,3
NEWS_35562,0
NEWS_35563,2
NEWS_35564,4
NEWS_35565,2
NEWS_35566,2
NEWS_35567,3
NEWS_35568,4
NEWS_35569,3
NEWS_35570,3
NEWS_35571,2
NEWS_35572,1
NEWS_35573,3
NEWS_35574,3
NEWS_35575,3
NEWS_35576,4
NEWS_35577,3
NEWS_35578,3
NEWS_35579,1
NEWS_35580,4
NEWS_35581,0
NEWS_35582,3
NEWS_35583,2
NEWS_35584,4
NEWS_35585,2
NEWS_35586,1
NEWS_35587,0
NEWS_35588,0
NEWS_35589,2
NEWS_35590,4
NEWS_35591,1
NEWS_35592,4
NEWS_35593,3
NEWS_35594,4
NEWS_35595,4
NEWS_35596,5
NEWS_35597,4
NEWS_35598,3
NEWS_35599,3
NEWS_35600,4
NEWS_35601,3
NEWS_35602,1
NEWS_35603,1
NEWS_35604,2
NEWS_35605,3
NEWS_35606,1
NEWS_35607,1
NEWS_35608,1
NEWS_35609,1
NEWS_35610,2
NEWS_35611,1
NEWS_35612,4
NEWS_35613,3
NEWS_35614,2
NEWS_35615,4
NEWS_35616,1
NEWS_35617,3
NEWS_35618,3
NEWS_35619,5
NEWS_35620,3
NEWS_35621,3
NEWS_35622,5
NEWS_35623,4
NEWS_35624,0
NEWS_35625,3
NEWS_35626,2
NEWS_35627,5
NEWS_35628,4
NEWS_35629,2
NEWS_35630,3
NEWS_35631,3
NEWS_35632,4
NEWS_35633,4
NEWS_35634,4
NEWS_35635,3
NEWS_35636,2
NEWS_35637,2
NEWS_35638,2
NEWS_35639,1
NEWS_35640,1
NEWS_35641,3
NEWS_35642,5
NEWS_35643,3
NEWS_35644,4
NEWS_35645,0
NEWS_35646,4
NEWS_35647,2
NEWS_35648,2
NEWS_35649,5
NEWS_35650,1
NEWS_35651,4
NEWS_35652,3
NEWS_35653,3
NEWS_35654,4
NEWS_35655,3
NEWS_35656,3
NEWS_35657,4
NEWS_35658,2
NEWS_35659,4
NEWS_35660,3
NEWS_35661,2
NEWS_35662,2
NEWS_35663,2
NEWS_35664,4
NEWS_35665,1
NEWS_35666,0
NEWS_35667,1
NEWS_35668,4
NEWS_35669,0
NEWS_35670,4
NEWS_35671,3
NEWS_35672,1
NEWS_35673,3
NEWS_35674,5
NEWS_35675,5
NEWS_35676,2
NEWS_35677,2
NEWS_35678,4
NEWS_35679,1
NEWS_35680,1
NEWS_35681,4
NEWS_35682,3
NEWS_35683,2
NEWS_35684,3
NEWS_35685,2
NEWS_35686,4
NEWS_35687,5
NEWS_35688,3
NEWS_35689,1
NEWS_35690,3
NEWS_35691,1
NEWS_35692,3
NEWS_35693,4
NEWS_35694,3
NEWS_35695,4
NEWS_35696,2
NEWS_35697,0
NEWS_35698,3
NEWS_35699,4
NEWS_35700,4
NEWS_35701,4
NEWS_35702,4
NEWS_35703,4
NEWS_35704,4
NEWS_35705,4
NEWS_35706,1
NEWS_35707,4
NEWS_35708,1
NEWS_35709,5
NEWS_35710,4
NEWS_35711,0
NEWS_35712,4
NEWS_35713,4
NEWS_35714,4
NEWS_35715,3
NEWS_35716,4
NEWS_35717,3
NEWS_35718,2
NEWS_35719,1
NEWS_35720,5
NEWS_35721,0
NEWS_35722,3
NEWS_35723,0
NEWS_35724,3
NEWS_35725,4
NEWS_35726,2
NEWS_35727,1
NEWS_35728,1
NEWS_35729,1
NEWS_35730,4
NEWS_35731,1
NEWS_35732,1
NEWS_35733,2
NEWS_35734,4
NEWS_35735,3
NEWS_35736,2
NEWS_35737,0
NEWS_35738,2
NEWS_35739,0
NEWS_35740,3
NEWS_35741,4
NEWS_35742,3
NEWS_35743,3
NEWS_35744,1
NEWS_35745,4
NEWS_35746,4
NEWS_35747,3
NEWS_35748,4
NEWS_35749,2
NEWS_35750,1
NEWS_35751,1
NEWS_35752,4
NEWS_35753,4
NEWS_35754,5
NEWS_35755,0
NEWS_35756,4
NEWS_35757,4
NEWS_35758,3
NEWS_35759,4
NEWS_35760,5
NEWS_35761,3
NEWS_35762,1
NEWS_35763,3
NEWS_35764,3
NEWS_35765,3
NEWS_35766,5
NEWS_35767,4
NEWS_35768,4
NEWS_35769,3
NEWS_35770,2
NEWS_35771,1
NEWS_35772,4
NEWS_35773,4
NEWS_35774,1
NEWS_35775,5
NEWS_35776,2
NEWS_35777,1
NEWS_35778,1
NEWS_35779,4
NEWS_35780,1
NEWS_35781,4
NEWS_35782,1
NEWS_35783,4
NEWS_35784,4
NEWS_35785,2
NEWS_35786,3
NEWS_35787,2
NEWS_35788,4
NEWS_35789,2
NEWS_35790,3
NEWS_35791,5
NEWS_35792,4
NEWS_35793,1
NEWS_35794,5
NEWS_35795,4
NEWS_35796,1
NEWS_35797,4
NEWS_35798,4
NEWS_35799,4
NEWS_35800,2
NEWS_35801,4
NEWS_35802,5
NEWS_35803,4
NEWS_35804,3
NEWS_35805,1
NEWS_35806,0
NEWS_35807,4
NEWS_35808,3
NEWS_35809,3
NEWS_35810,4
NEWS_35811,5
NEWS_35812,3
NEWS_35813,4
NEWS_35814,4
NEWS_35815,4
NEWS_35816,3
NEWS_35817,3
NEWS_35818,5
NEWS_35819,3
NEWS_35820,4
NEWS_35821,4
NEWS_35822,4
NEWS_35823,2
NEWS_35824,0
NEWS_35825,4
NEWS_35826,2
NEWS_35827,1
NEWS_35828,1
NEWS_35829,2
NEWS_35830,1
NEWS_35831,0
NEWS_35832,1
NEWS_35833,3
NEWS_35834,3
NEWS_35835,1
NEWS_35836,1
NEWS_35837,4
NEWS_35838,5
NEWS_35839,2
NEWS_35840,4
NEWS_35841,3
NEWS_35842,5
NEWS_35843,2
NEWS_35844,1
NEWS_35845,4
NEWS_35846,4
NEWS_35847,3
NEWS_35848,1
NEWS_35849,3
NEWS_35850,1
NEWS_35851,1
NEWS_35852,0
NEWS_35853,4
NEWS_35854,4
NEWS_35855,3
NEWS_35856,1
NEWS_35857,4
NEWS_35858,5
NEWS_35859,1
NEWS_35860,4
NEWS_35861,5
NEWS_35862,4
NEWS_35863,2
NEWS_35864,4
NEWS_35865,1
NEWS_35866,2
NEWS_35867,2
NEWS_35868,3
NEWS_35869,3
NEWS_35870,4
NEWS_35871,1
NEWS_35872,4
NEWS_35873,2
NEWS_35874,5
NEWS_35875,3
NEWS_35876,4
NEWS_35877,2
NEWS_35878,3
NEWS_35879,5
NEWS_35880,4
NEWS_35881,1
NEWS_35882,2
NEWS_35883,0
NEWS_35884,3
NEWS_35885,4
NEWS_35886,2
NEWS_35887,0
NEWS_35888,1
NEWS_35889,4
NEWS_35890,4
NEWS_35891,3
NEWS_35892,2
NEWS_35893,4
NEWS_35894,5
NEWS_35895,5
NEWS_35896,1
NEWS_35897,2
NEWS_35898,2
NEWS_35899,4
NEWS_35900,1
NEWS_35901,3
NEWS_35902,1
NEWS_35903,4
NEWS_35904,2
NEWS_35905,1
NEWS_35906,4
NEWS_35907,1
NEWS_35908,4
NEWS_35909,3
NEWS_35910,1
NEWS_35911,2
NEWS_35912,1
NEWS_35913,3
NEWS_35914,1
NEWS_35915,1
NEWS_35916,1
NEWS_35917,4
NEWS_35918,5
NEWS_35919,5
NEWS_35920,1
NEWS_35921,3
NEWS_35922,1
NEWS_35923,4
NEWS_35924,4
NEWS_35925,2
NEWS_35926,5
NEWS_35927,3
NEWS_35928,3
NEWS_35929,4
NEWS_35930,2
NEWS_35931,5
NEWS_35932,5
NEWS_35933,1
NEWS_35934,4
NEWS_35935,4
NEWS_35936,5
NEWS_35937,2
NEWS_35938,0
NEWS_35939,4
NEWS_35940,4
NEWS_35941,0
NEWS_35942,1
NEWS_35943,3
NEWS_35944,2
NEWS_35945,4
NEWS_35946,4
NEWS_35947,4
NEWS_35948,4
NEWS_35949,4
NEWS_35950,4
NEWS_35951,5
NEWS_35952,5
NEWS_35953,4
NEWS_35954,2
NEWS_35955,4
NEWS_35956,3
NEWS_35957,3
NEWS_35958,4
NEWS_35959,3
NEWS_35960,4
NEWS_35961,5
NEWS_35962,4
NEWS_35963,3
NEWS_35964,2
NEWS_35965,1
NEWS_35966,0
NEWS_35967,2
NEWS_35968,1
NEWS_35969,1
NEWS_35970,5
NEWS_35971,4
NEWS_35972,5
NEWS_35973,4
NEWS_35974,1
NEWS_35975,4
NEWS_35976,4
NEWS_35977,5
NEWS_35978,5
NEWS_35979,4
NEWS_35980,1
NEWS_35981,4
NEWS_35982,1
NEWS_35983,5
NEWS_35984,1
NEWS_35985,3
NEWS_35986,5
NEWS_35987,4
NEWS_35988,1
NEWS_35989,4
NEWS_35990,4
NEWS_35991,3
NEWS_35992,1
NEWS_35993,2
NEWS_35994,2
NEWS_35995,4
NEWS_35996,3
NEWS_35997,4
NEWS_35998,4
NEWS_35999,4
NEWS_36000,4
NEWS_36001,4
NEWS_36002,1
NEWS_36003,4
NEWS_36004,1
NEWS_36005,2
NEWS_36006,4
NEWS_36007,2
NEWS_36008,4
NEWS_36009,5
NEWS_36010,5
NEWS_36011,4
NEWS_36012,3
NEWS_36013,4
NEWS_36014,2
NEWS_36015,2
NEWS_36016,3
NEWS_36017,2
NEWS_36018,5
NEWS_36019,4
NEWS_36020,1
NEWS_36021,4
NEWS_36022,2
NEWS_36023,4
NEWS_36024,5
NEWS_36025,2
NEWS_36026,4
NEWS_36027,4
NEWS_36028,5
NEWS_36029,1
NEWS_36030,4
NEWS_36031,3
NEWS_36032,4
NEWS_36033,1
NEWS_36034,4
NEWS_36035,3
NEWS_36036,4
NEWS_36037,4
NEWS_36038,4
NEWS_36039,1
NEWS_36040,4
NEWS_36041,1
NEWS_36042,4
NEWS_36043,4
NEWS_36044,4
NEWS_36045,3
NEWS_36046,2
NEWS_36047,4
NEWS_36048,2
NEWS_36049,1
NEWS_36050,5
NEWS_36051,5
NEWS_36052,4
NEWS_36053,4
NEWS_36054,2
NEWS_36055,4
NEWS_36056,1
NEWS_36057,5
NEWS_36058,5
NEWS_36059,2
NEWS_36060,1
NEWS_36061,4
NEWS_36062,3
NEWS_36063,1
NEWS_36064,3
NEWS_36065,3
NEWS_36066,3
NEWS_36067,1
NEWS_36068,5
NEWS_36069,1
NEWS_36070,2
NEWS_36071,3
NEWS_36072,5
NEWS_36073,2
NEWS_36074,2
NEWS_36075,3
NEWS_36076,1
NEWS_36077,1
NEWS_36078,5
NEWS_36079,2
NEWS_36080,4
NEWS_36081,1
NEWS_36082,1
NEWS_36083,3
NEWS_36084,4
NEWS_36085,0
NEWS_36086,3
NEWS_36087,2
NEWS_36088,2
NEWS_36089,1
NEWS_36090,2
NEWS_36091,2
NEWS_36092,2
NEWS_36093,3
NEWS_36094,2
NEWS_36095,4
NEWS_36096,4
NEWS_36097,3
NEWS_36098,4
NEWS_36099,2
NEWS_36100,3
NEWS_36101,3
NEWS_36102,5
NEWS_36103,4
NEWS_36104,1
NEWS_36105,1
NEWS_36106,2
NEWS_36107,4
NEWS_36108,2
NEWS_36109,1
NEWS_36110,1
NEWS_36111,3
NEWS_36112,3
NEWS_36113,4
NEWS_36114,2
NEWS_36115,4
NEWS_36116,4
NEWS_36117,4
NEWS_36118,1
NEWS_36119,2
NEWS_36120,2
NEWS_36121,4
NEWS_36122,5
NEWS_36123,5
NEWS_36124,4
NEWS_36125,4
NEWS_36126,4
NEWS_36127,2
NEWS_36128,3
NEWS_36129,1
NEWS_36130,1
NEWS_36131,5
NEWS_36132,4
NEWS_36133,1
NEWS_36134,4
NEWS_36135,1
NEWS_36136,1
NEWS_36137,4
NEWS_36138,3
NEWS_36139,3
NEWS_36140,4
NEWS_36141,4
NEWS_36142,4
NEWS_36143,3
NEWS_36144,0
NEWS_36145,0
NEWS_36146,3
NEWS_36147,2
NEWS_36148,2
NEWS_36149,5
NEWS_36150,4
NEWS_36151,5
NEWS_36152,5
NEWS_36153,4
NEWS_36154,5
NEWS_36155,1
NEWS_36156,4
NEWS_36157,5
NEWS_36158,2
NEWS_36159,1
NEWS_36160,1
NEWS_36161,0
NEWS_36162,3
NEWS_36163,5
NEWS_36164,2
NEWS_36165,1
NEWS_36166,1
NEWS_36167,3
NEWS_36168,4
NEWS_36169,5
NEWS_36170,2
NEWS_36171,4
NEWS_36172,4
NEWS_36173,3
NEWS_36174,5
NEWS_36175,4
NEWS_36176,3
NEWS_36177,3
NEWS_36178,1
NEWS_36179,1
NEWS_36180,1
NEWS_36181,4
NEWS_36182,2
NEWS_36183,4
NEWS_36184,4
NEWS_36185,1
NEWS_36186,3
NEWS_36187,4
NEWS_36188,4
NEWS_36189,1
NEWS_36190,1
NEWS_36191,2
NEWS_36192,1
NEWS_36193,1
NEWS_36194,4
NEWS_36195,4
NEWS_36196,1
NEWS_36197,4
NEWS_36198,3
NEWS_36199,5
NEWS_36200,3
NEWS_36201,4
NEWS_36202,3
NEWS_36203,3
NEWS_36204,0
NEWS_36205,1
NEWS_36206,4
NEWS_36207,5
NEWS_36208,1
NEWS_36209,4
NEWS_36210,4
NEWS_36211,1
NEWS_36212,4
NEWS_36213,5
NEWS_36214,3
NEWS_36215,2
NEWS_36216,3
NEWS_36217,1
NEWS_36218,1
NEWS_36219,4
NEWS_36220,4
NEWS_36221,3
NEWS_36222,4
NEWS_36223,2
NEWS_36224,5
NEWS_36225,5
NEWS_36226,4
NEWS_36227,5
NEWS_36228,4
NEWS_36229,5
NEWS_36230,1
NEWS_36231,4
NEWS_36232,4
NEWS_36233,2
NEWS_36234,3
NEWS_36235,4
NEWS_36236,3
NEWS_36237,3
NEWS_36238,3
NEWS_36239,3
NEWS_36240,4
NEWS_36241,3
NEWS_36242,3
NEWS_36243,3
NEWS_36244,5
NEWS_36245,2
NEWS_36246,4
NEWS_36247,4
NEWS_36248,1
NEWS_36249,5
NEWS_36250,5
NEWS_36251,4
NEWS_36252,4
NEWS_36253,4
NEWS_36254,1
NEWS_36255,5
NEWS_36256,4
NEWS_36257,3
NEWS_36258,3
NEWS_36259,1
NEWS_36260,4
NEWS_36261,0
NEWS_36262,1
NEWS_36263,4
NEWS_36264,2
NEWS_36265,2
NEWS_36266,5
NEWS_36267,5
NEWS_36268,5
NEWS_36269,1
NEWS_36270,4
NEWS_36271,4
NEWS_36272,3
NEWS_36273,4
NEWS_36274,5
NEWS_36275,1
NEWS_36276,5
NEWS_36277,4
NEWS_36278,2
NEWS_36279,4
NEWS_36280,4
NEWS_36281,1
NEWS_36282,4
NEWS_36283,5
NEWS_36284,2
NEWS_36285,2
NEWS_36286,5
NEWS_36287,4
NEWS_36288,3
NEWS_36289,4
NEWS_36290,0
NEWS_36291,2
NEWS_36292,3
NEWS_36293,3
NEWS_36294,1
NEWS_36295,4
NEWS_36296,5
NEWS_36297,5
NEWS_36298,2
NEWS_36299,3
NEWS_36300,5
NEWS_36301,4
NEWS_36302,4
NEWS_36303,4
NEWS_36304,3
NEWS_36305,3
NEWS_36306,1
NEWS_36307,4
NEWS_36308,3
NEWS_36309,2
NEWS_36310,3
NEWS_36311,3
NEWS_36312,2
NEWS_36313,1
NEWS_36314,5
NEWS_36315,4
NEWS_36316,5
NEWS_36317,3
NEWS_36318,2
NEWS_36319,4
NEWS_36320,2
NEWS_36321,1
NEWS_36322,1
NEWS_36323,3
NEWS_36324,4
NEWS_36325,1
NEWS_36326,2
NEWS_36327,2
NEWS_36328,3
NEWS_36329,0
NEWS_36330,3
NEWS_36331,1
NEWS_36332,1
NEWS_36333,5
NEWS_36334,4
NEWS_36335,1
NEWS_36336,2
NEWS_36337,4
NEWS_36338,3
NEWS_36339,3
NEWS_36340,1
NEWS_36341,3
NEWS_36342,4
NEWS_36343,3
NEWS_36344,3
NEWS_36345,4
NEWS_36346,4
NEWS_36347,1
NEWS_36348,4
NEWS_36349,3
NEWS_36350,1
NEWS_36351,4
NEWS_36352,4
NEWS_36353,2
NEWS_36354,1
NEWS_36355,4
NEWS_36356,5
NEWS_36357,2
NEWS_36358,5
NEWS_36359,2
NEWS_36360,0
NEWS_36361,4
NEWS_36362,2
NEWS_36363,0
NEWS_36364,4
NEWS_36365,4
NEWS_36366,4
NEWS_36367,5
NEWS_36368,5
NEWS_36369,0
NEWS_36370,3
NEWS_36371,2
NEWS_36372,3
NEWS_36373,1
NEWS_36374,5
NEWS_36375,4
NEWS_36376,2
NEWS_36377,5
NEWS_36378,1
NEWS_36379,3
NEWS_36380,2
NEWS_36381,2
NEWS_36382,2
NEWS_36383,5
NEWS_36384,2
NEWS_36385,1
NEWS_36386,2
NEWS_36387,1
NEWS_36388,1
NEWS_36389,1
NEWS_36390,4
NEWS_36391,5
NEWS_36392,3
NEWS_36393,5
NEWS_36394,5
NEWS_36395,5
NEWS_36396,4
NEWS_36397,1
NEWS_36398,3
NEWS_36399,4
NEWS_36400,1
NEWS_36401,1
NEWS_36402,1
NEWS_36403,5
NEWS_36404,2
NEWS_36405,5
NEWS_36406,4
NEWS_36407,4
NEWS_36408,4
NEWS_36409,4
NEWS_36410,4
NEWS_36411,5
NEWS_36412,1
NEWS_36413,4
NEWS_36414,3
NEWS_36415,4
NEWS_36416,5
NEWS_36417,3
NEWS_36418,3
NEWS_36419,4
NEWS_36420,1
NEWS_36421,4
NEWS_36422,3
NEWS_36423,1
NEWS_36424,4
NEWS_36425,1
NEWS_36426,3
NEWS_36427,3
NEWS_36428,1
NEWS_36429,4
NEWS_36430,5
NEWS_36431,1
NEWS_36432,3
NEWS_36433,5
NEWS_36434,4
NEWS_36435,5
NEWS_36436,4
NEWS_36437,1
NEWS_36438,2
NEWS_36439,4
NEWS_36440,2
NEWS_36441,3
NEWS_36442,3
NEWS_36443,3
NEWS_36444,0
NEWS_36445,4
NEWS_36446,3
NEWS_36447,5
NEWS_36448,1
NEWS_36449,5
NEWS_36450,2
NEWS_36451,4
NEWS_36452,3
NEWS_36453,5
NEWS_36454,4
NEWS_36455,0
NEWS_36456,5
NEWS_36457,1
NEWS_36458,5
NEWS_36459,3
NEWS_36460,1
NEWS_36461,5
NEWS_36462,2
NEWS_36463,3
NEWS_36464,2
NEWS_36465,4
NEWS_36466,5
NEWS_36467,2
NEWS_36468,5
NEWS_36469,2
NEWS_36470,1
NEWS_36471,1
NEWS_36472,4
NEWS_36473,5
NEWS_36474,2
NEWS_36475,3
NEWS_36476,5
NEWS_36477,2
NEWS_36478,5
NEWS_36479,3
NEWS_36480,3
NEWS_36481,2
NEWS_36482,5
NEWS_36483,4
NEWS_36484,1
NEWS_36485,4
NEWS_36486,1
NEWS_36487,4
NEWS_36488,5
NEWS_36489,4
NEWS_36490,4
NEWS_36491,3
NEWS_36492,4
NEWS_36493,1
NEWS_36494,4
NEWS_36495,1
NEWS_36496,1
NEWS_36497,2
NEWS_36498,3
NEWS_36499,4
NEWS_36500,3
NEWS_36501,5
NEWS_36502,2
NEWS_36503,3
NEWS_36504,5
NEWS_36505,4
NEWS_36506,4
NEWS_36507,0
NEWS_36508,4
NEWS_36509,4
NEWS_36510,2
NEWS_36511,5
NEWS_36512,4
NEWS_36513,4
NEWS_36514,4
NEWS_36515,2
NEWS_36516,1
NEWS_36517,4
NEWS_36518,3
NEWS_36519,4
NEWS_36520,0
NEWS_36521,4
NEWS_36522,5
NEWS_36523,4
NEWS_36524,3
NEWS_36525,2
NEWS_36526,2
NEWS_36527,4
NEWS_36528,2
NEWS_36529,0
NEWS_36530,5
NEWS_36531,5
NEWS_36532,4
NEWS_36533,4
NEWS_36534,4
NEWS_36535,3
NEWS_36536,1
NEWS_36537,4
NEWS_36538,1
NEWS_36539,3
NEWS_36540,3
NEWS_36541,5
NEWS_36542,3
NEWS_36543,2
NEWS_36544,4
NEWS_36545,1
NEWS_36546,3
NEWS_36547,2
NEWS_36548,0
NEWS_36549,5
NEWS_36550,3
NEWS_36551,2
NEWS_36552,4
NEWS_36553,2
NEWS_36554,4
NEWS_36555,0
NEWS_36556,5
NEWS_36557,2
NEWS_36558,3
NEWS_36559,5
NEWS_36560,1
NEWS_36561,4
NEWS_36562,4
NEWS_36563,3
NEWS_36564,4
NEWS_36565,1
NEWS_36566,1
NEWS_36567,0
NEWS_36568,0
NEWS_36569,4
NEWS_36570,1
NEWS_36571,3
NEWS_36572,3
NEWS_36573,2
NEWS_36574,1
NEWS_36575,0
NEWS_36576,4
NEWS_36577,0
NEWS_36578,4
NEWS_36579,5
NEWS_36580,4
NEWS_36581,2
NEWS_36582,3
NEWS_36583,3
NEWS_36584,3
NEWS_36585,3
NEWS_36586,0
NEWS_36587,2
NEWS_36588,3
NEWS_36589,1
NEWS_36590,4
NEWS_36591,4
NEWS_36592,1
NEWS_36593,4
NEWS_36594,3
NEWS_36595,3
NEWS_36596,5
NEWS_36597,1
NEWS_36598,5
NEWS_36599,2
NEWS_36600,0
NEWS_36601,2
NEWS_36602,4
NEWS_36603,3
NEWS_36604,4
NEWS_36605,5
NEWS_36606,1
NEWS_36607,4
NEWS_36608,4
NEWS_36609,2
NEWS_36610,5
NEWS_36611,1
NEWS_36612,4
NEWS_36613,4
NEWS_36614,2
NEWS_36615,5
NEWS_36616,4
NEWS_36617,4
NEWS_36618,5
NEWS_36619,4
NEWS_36620,4
NEWS_36621,4
NEWS_36622,3
NEWS_36623,3
NEWS_36624,3
NEWS_36625,2
NEWS_36626,4
NEWS_36627,2
NEWS_36628,4
NEWS_36629,1
NEWS_36630,3
NEWS_36631,3
NEWS_36632,5
NEWS_36633,4
NEWS_36634,4
NEWS_36635,3
NEWS_36636,5
NEWS_36637,0
NEWS_36638,4
NEWS_36639,4
NEWS_36640,3
NEWS_36641,3
NEWS_36642,3
NEWS_36643,1
NEWS_36644,4
NEWS_36645,3
NEWS_36646,2
NEWS_36647,5
NEWS_36648,1
NEWS_36649,1
NEWS_36650,5
NEWS_36651,3
NEWS_36652,2
NEWS_36653,4
NEWS_36654,3
NEWS_36655,1
NEWS_36656,1
NEWS_36657,3
NEWS_36658,2
NEWS_36659,2
NEWS_36660,2
NEWS_36661,4
NEWS_36662,5
NEWS_36663,4
NEWS_36664,1
NEWS_36665,3
NEWS_36666,4
NEWS_36667,1
NEWS_36668,2
NEWS_36669,2
NEWS_36670,4
NEWS_36671,4
NEWS_36672,1
NEWS_36673,2
NEWS_36674,0
NEWS_36675,1
NEWS_36676,2
NEWS_36677,1
NEWS_36678,0
NEWS_36679,5
NEWS_36680,3
NEWS_36681,4
NEWS_36682,4
NEWS_36683,5
NEWS_36684,4
NEWS_36685,4
NEWS_36686,0
NEWS_36687,1
NEWS_36688,4
NEWS_36689,4
NEWS_36690,4
NEWS_36691,4
NEWS_36692,1
NEWS_36693,4
NEWS_36694,3
NEWS_36695,2
NEWS_36696,4
NEWS_36697,4
NEWS_36698,4
NEWS_36699,1
NEWS_36700,2
NEWS_36701,5
NEWS_36702,4
NEWS_36703,1
NEWS_36704,3
NEWS_36705,4
NEWS_36706,1
NEWS_36707,1
NEWS_36708,5
NEWS_36709,4
NEWS_36710,4
NEWS_36711,4
NEWS_36712,1
NEWS_36713,5
NEWS_36714,1
NEWS_36715,3
NEWS_36716,3
NEWS_36717,1
NEWS_36718,2
NEWS_36719,2
NEWS_36720,1
NEWS_36721,5
NEWS_36722,5
NEWS_36723,1
NEWS_36724,4
NEWS_36725,5
NEWS_36726,4
NEWS_36727,4
NEWS_36728,1
NEWS_36729,5
NEWS_36730,1
NEWS_36731,1
NEWS_36732,0
NEWS_36733,4
NEWS_36734,0
NEWS_36735,5
NEWS_36736,1
NEWS_36737,3
NEWS_36738,5
NEWS_36739,5
NEWS_36740,2
NEWS_36741,3
NEWS_36742,5
NEWS_36743,1
NEWS_36744,2
NEWS_36745,3
NEWS_36746,3
NEWS_36747,1
NEWS_36748,4
NEWS_36749,5
NEWS_36750,1
NEWS_36751,4
NEWS_36752,2
NEWS_36753,4
NEWS_36754,3
NEWS_36755,4
NEWS_36756,4
NEWS_36757,4
NEWS_36758,0
NEWS_36759,4
NEWS_36760,1
NEWS_36761,3
NEWS_36762,0
NEWS_36763,1
NEWS_36764,4
NEWS_36765,3
NEWS_36766,1
NEWS_36767,3
NEWS_36768,4
NEWS_36769,1
NEWS_36770,4
NEWS_36771,1
NEWS_36772,2
NEWS_36773,3
NEWS_36774,1
NEWS_36775,3
NEWS_36776,4
NEWS_36777,5
NEWS_36778,3
NEWS_36779,2
NEWS_36780,4
NEWS_36781,5
NEWS_36782,3
NEWS_36783,0
NEWS_36784,3
NEWS_36785,1
NEWS_36786,3
NEWS_36787,4
NEWS_36788,3
NEWS_36789,3
NEWS_36790,4
NEWS_36791,5
NEWS_36792,3
NEWS_36793,4
NEWS_36794,1
NEWS_36795,4
NEWS_36796,4
NEWS_36797,4
NEWS_36798,3
NEWS_36799,4
NEWS_36800,3
NEWS_36801,1
NEWS_36802,1
NEWS_36803,4
NEWS_36804,3
NEWS_36805,2
NEWS_36806,5
NEWS_36807,4
NEWS_36808,5
NEWS_36809,5
NEWS_36810,4
NEWS_36811,2
NEWS_36812,4
NEWS_36813,4
NEWS_36814,3
NEWS_36815,4
NEWS_36816,4
NEWS_36817,1
NEWS_36818,1
NEWS_36819,3
NEWS_36820,4
NEWS_36821,1
NEWS_36822,5
NEWS_36823,3
NEWS_36824,1
NEWS_36825,3
NEWS_36826,5
NEWS_36827,5
NEWS_36828,4
NEWS_36829,5
NEWS_36830,4
NEWS_36831,4
NEWS_36832,3
NEWS_36833,4
NEWS_36834,5
NEWS_36835,0
NEWS_36836,4
NEWS_36837,3
NEWS_36838,1
NEWS_36839,1
NEWS_36840,4
NEWS_36841,5
NEWS_36842,1
NEWS_36843,1
NEWS_36844,4
NEWS_36845,0
NEWS_36846,4
NEWS_36847,1
NEWS_36848,4
NEWS_36849,1
NEWS_36850,3
NEWS_36851,1
NEWS_36852,4
NEWS_36853,4
NEWS_36854,3
NEWS_36855,5
NEWS_36856,1
NEWS_36857,4
NEWS_36858,2
NEWS_36859,2
NEWS_36860,3
NEWS_36861,4
NEWS_36862,4
NEWS_36863,4
NEWS_36864,4
NEWS_36865,5
NEWS_36866,3
NEWS_36867,1
NEWS_36868,3
NEWS_36869,5
NEWS_36870,0
NEWS_36871,3
NEWS_36872,3
NEWS_36873,1
NEWS_36874,5
NEWS_36875,4
NEWS_36876,2
NEWS_36877,4
NEWS_36878,1
NEWS_36879,3
NEWS_36880,5
NEWS_36881,2
NEWS_36882,4
NEWS_36883,5
NEWS_36884,2
NEWS_36885,4
NEWS_36886,4
NEWS_36887,3
NEWS_36888,4
NEWS_36889,3
NEWS_36890,3
NEWS_36891,4
NEWS_36892,2
NEWS_36893,5
NEWS_36894,3
NEWS_36895,5
NEWS_36896,1
NEWS_36897,4
NEWS_36898,5
NEWS_36899,2
NEWS_36900,1
NEWS_36901,1
NEWS_36902,2
NEWS_36903,2
NEWS_36904,5
NEWS_36905,4
NEWS_36906,4
NEWS_36907,2
NEWS_36908,4
NEWS_36909,4
NEWS_36910,4
NEWS_36911,2
NEWS_36912,2
NEWS_36913,1
NEWS_36914,5
NEWS_36915,2
NEWS_36916,4
NEWS_36917,3
NEWS_36918,4
NEWS_36919,4
NEWS_36920,4
NEWS_36921,2
NEWS_36922,1
NEWS_36923,5
NEWS_36924,3
NEWS_36925,1
NEWS_36926,4
NEWS_36927,4
NEWS_36928,3
NEWS_36929,4
NEWS_36930,5
NEWS_36931,1
NEWS_36932,2
NEWS_36933,3
NEWS_36934,2
NEWS_36935,5
NEWS_36936,1
NEWS_36937,1
NEWS_36938,1
NEWS_36939,2
NEWS_36940,3
NEWS_36941,4
NEWS_36942,4
NEWS_36943,1
NEWS_36944,5
NEWS_36945,4
NEWS_36946,4
NEWS_36947,4
NEWS_36948,2
NEWS_36949,3
NEWS_36950,4
NEWS_36951,0
NEWS_36952,3
NEWS_36953,4
NEWS_36954,4
NEWS_36955,4
NEWS_36956,4
NEWS_36957,1
NEWS_36958,4
NEWS_36959,5
NEWS_36960,4
NEWS_36961,1
NEWS_36962,3
NEWS_36963,5
NEWS_36964,4
NEWS_36965,3
NEWS_36966,2
NEWS_36967,4
NEWS_36968,4
NEWS_36969,0
NEWS_36970,5
NEWS_36971,1
NEWS_36972,1
NEWS_36973,5
NEWS_36974,1
NEWS_36975,3
NEWS_36976,4
NEWS_36977,5
NEWS_36978,4
NEWS_36979,4
NEWS_36980,2
NEWS_36981,1
NEWS_36982,4
NEWS_36983,4
NEWS_36984,3
NEWS_36985,2
NEWS_36986,3
NEWS_36987,2
NEWS_36988,4
NEWS_36989,4
NEWS_36990,5
NEWS_36991,1
NEWS_36992,1
NEWS_36993,3
NEWS_36994,4
NEWS_36995,3
NEWS_36996,3
NEWS_36997,3
NEWS_36998,5
NEWS_36999,1
NEWS_37000,4
NEWS_37001,1
NEWS_37002,2
NEWS_37003,3
NEWS_37004,4
NEWS_37005,2
NEWS_37006,3
NEWS_37007,4
NEWS_37008,4
NEWS_37009,1
NEWS_37010,4
NEWS_37011,3
NEWS_37012,1
NEWS_37013,0
NEWS_37014,4
NEWS_37015,1
NEWS_37016,4
NEWS_37017,4
NEWS_37018,3
NEWS_37019,2
NEWS_37020,2
NEWS_37021,3
NEWS_37022,1
NEWS_37023,4
NEWS_37024,1
NEWS_37025,4
NEWS_37026,4
NEWS_37027,1
NEWS_37028,4
NEWS_37029,1
NEWS_37030,4
NEWS_37031,4
NEWS_37032,4
NEWS_37033,1
NEWS_37034,3
NEWS_37035,1
NEWS_37036,0
NEWS_37037,3
NEWS_37038,4
NEWS_37039,3
NEWS_37040,1
NEWS_37041,0
NEWS_37042,1
NEWS_37043,4
NEWS_37044,0
NEWS_37045,3
NEWS_37046,4
NEWS_37047,2
NEWS_37048,4
NEWS_37049,4
NEWS_37050,0
NEWS_37051,4
NEWS_37052,4
NEWS_37053,4
NEWS_37054,4
NEWS_37055,3
NEWS_37056,2
NEWS_37057,1
NEWS_37058,4
NEWS_37059,2
NEWS_37060,4
NEWS_37061,4
NEWS_37062,4
NEWS_37063,3
NEWS_37064,4
NEWS_37065,0
NEWS_37066,1
NEWS_37067,5
NEWS_37068,1
NEWS_37069,1
NEWS_37070,5
NEWS_37071,5
NEWS_37072,4
NEWS_37073,5
NEWS_37074,3
NEWS_37075,1
NEWS_37076,4
NEWS_37077,5
NEWS_37078,3
NEWS_37079,3
NEWS_37080,3
NEWS_37081,4
NEWS_37082,3
NEWS_37083,2
NEWS_37084,4
NEWS_37085,1
NEWS_37086,3
NEWS_37087,3
NEWS_37088,5
NEWS_37089,2
NEWS_37090,0
NEWS_37091,3
NEWS_37092,4
NEWS_37093,4
NEWS_37094,5
NEWS_37095,1
NEWS_37096,0
NEWS_37097,1
NEWS_37098,4
NEWS_37099,5
NEWS_37100,1
NEWS_37101,2
NEWS_37102,3
NEWS_37103,1
NEWS_37104,3
NEWS_37105,2
NEWS_37106,4
NEWS_37107,3
NEWS_37108,3
NEWS_37109,4
NEWS_37110,3
NEWS_37111,2
NEWS_37112,4
NEWS_37113,4
NEWS_37114,2
NEWS_37115,2
NEWS_37116,0
NEWS_37117,3
NEWS_37118,5
NEWS_37119,1
NEWS_37120,4
NEWS_37121,1
NEWS_37122,4
NEWS_37123,1
NEWS_37124,0
NEWS_37125,1
NEWS_37126,1
NEWS_37127,1
NEWS_37128,5
NEWS_37129,5
NEWS_37130,1
NEWS_37131,4
NEWS_37132,1
NEWS_37133,1
NEWS_37134,4
NEWS_37135,2
NEWS_37136,0
NEWS_37137,4
NEWS_37138,1
NEWS_37139,4
NEWS_37140,5
NEWS_37141,5
NEWS_37142,3
NEWS_37143,3
NEWS_37144,1
NEWS_37145,2
NEWS_37146,5
NEWS_37147,3
NEWS_37148,3
NEWS_37149,1
NEWS_37150,4
NEWS_37151,4
NEWS_37152,2
NEWS_37153,5
NEWS_37154,3
NEWS_37155,4
NEWS_37156,2
NEWS_37157,1
NEWS_37158,0
NEWS_37159,1
NEWS_37160,2
NEWS_37161,5
NEWS_37162,4
NEWS_37163,2
NEWS_37164,1
NEWS_37165,4
NEWS_37166,4
NEWS_37167,4
NEWS_37168,4
NEWS_37169,4
NEWS_37170,2
NEWS_37171,3
NEWS_37172,3
NEWS_37173,3
NEWS_37174,1
NEWS_37175,2
NEWS_37176,4
NEWS_37177,3
NEWS_37178,4
NEWS_37179,3
NEWS_37180,0
NEWS_37181,4
NEWS_37182,4
NEWS_37183,4
NEWS_37184,5
NEWS_37185,5
NEWS_37186,1
NEWS_37187,1
NEWS_37188,1
NEWS_37189,4
NEWS_37190,1
NEWS_37191,5
NEWS_37192,5
NEWS_37193,3
NEWS_37194,4
NEWS_37195,4
NEWS_37196,3
NEWS_37197,4
NEWS_37198,3
NEWS_37199,2
NEWS_37200,1
NEWS_37201,0
NEWS_37202,1
NEWS_37203,4
NEWS_37204,2
NEWS_37205,4
NEWS_37206,3
NEWS_37207,2
NEWS_37208,3
NEWS_37209,2
NEWS_37210,5
NEWS_37211,4
NEWS_37212,4
NEWS_37213,4
NEWS_37214,2
NEWS_37215,4
NEWS_37216,3
NEWS_37217,4
NEWS_37218,3
NEWS_37219,0
NEWS_37220,0
NEWS_37221,2
NEWS_37222,4
NEWS_37223,4
NEWS_37224,1
NEWS_37225,3
NEWS_37226,3
NEWS_37227,5
NEWS_37228,1
NEWS_37229,4
NEWS_37230,4
NEWS_37231,5
NEWS_37232,1
NEWS_37233,2
NEWS_37234,5
NEWS_37235,2
NEWS_37236,4
NEWS_37237,3
NEWS_37238,5
NEWS_37239,4
NEWS_37240,1
NEWS_37241,2
NEWS_37242,0
NEWS_37243,2
NEWS_37244,4
NEWS_37245,1
NEWS_37246,5
NEWS_37247,4
NEWS_37248,3
NEWS_37249,2
NEWS_37250,1
NEWS_37251,0
NEWS_37252,3
NEWS_37253,1
NEWS_37254,5
NEWS_37255,4
NEWS_37256,3
NEWS_37257,0
NEWS_37258,4
NEWS_37259,5
NEWS_37260,0
NEWS_37261,1
NEWS_37262,3
NEWS_37263,2
NEWS_37264,4
NEWS_37265,3
NEWS_37266,3
NEWS_37267,4
NEWS_37268,3
NEWS_37269,4
NEWS_37270,1
NEWS_37271,5
NEWS_37272,3
NEWS_37273,5
NEWS_37274,1
NEWS_37275,3
NEWS_37276,5
NEWS_37277,3
NEWS_37278,4
NEWS_37279,3
NEWS_37280,1
NEWS_37281,3
NEWS_37282,1
NEWS_37283,4
NEWS_37284,4
NEWS_37285,1
NEWS_37286,3
NEWS_37287,3
NEWS_37288,5
NEWS_37289,4
NEWS_37290,2
NEWS_37291,4
NEWS_37292,4
NEWS_37293,4
NEWS_37294,3
NEWS_37295,4
NEWS_37296,4
NEWS_37297,2
NEWS_37298,4
NEWS_37299,1
NEWS_37300,5
NEWS_37301,1
NEWS_37302,2
NEWS_37303,1
NEWS_37304,5
NEWS_37305,1
NEWS_37306,2
NEWS_37307,4
NEWS_37308,1
NEWS_37309,4
NEWS_37310,1
NEWS_37311,3
NEWS_37312,1
NEWS_37313,3
NEWS_37314,3
NEWS_37315,3
NEWS_37316,3
NEWS_37317,4
NEWS_37318,5
NEWS_37319,2
NEWS_37320,1
NEWS_37321,4
NEWS_37322,4
NEWS_37323,4
NEWS_37324,3
NEWS_37325,4
NEWS_37326,1
NEWS_37327,1
NEWS_37328,1
NEWS_37329,2
NEWS_37330,3
NEWS_37331,3
NEWS_37332,0
NEWS_37333,3
NEWS_37334,3
NEWS_37335,3
NEWS_37336,1
NEWS_37337,3
NEWS_37338,4
NEWS_37339,2
NEWS_37340,1
NEWS_37341,5
NEWS_37342,3
NEWS_37343,5
NEWS_37344,3
NEWS_37345,5
NEWS_37346,3
NEWS_37347,4
NEWS_37348,1
NEWS_37349,1
NEWS_37350,1
NEWS_37351,4
NEWS_37352,1
NEWS_37353,2
NEWS_37354,2
NEWS_37355,4
NEWS_37356,1
NEWS_37357,3
NEWS_37358,4
NEWS_37359,4
NEWS_37360,1
NEWS_37361,3
NEWS_37362,4
NEWS_37363,4
NEWS_37364,4
NEWS_37365,4
NEWS_37366,4
NEWS_37367,1
NEWS_37368,4
NEWS_37369,4
NEWS_37370,5
NEWS_37371,2
NEWS_37372,3
NEWS_37373,5
NEWS_37374,5
NEWS_37375,4
NEWS_37376,4
NEWS_37377,1
NEWS_37378,2
NEWS_37379,2
NEWS_37380,4
NEWS_37381,5
NEWS_37382,0
NEWS_37383,5
NEWS_37384,1
NEWS_37385,5
NEWS_37386,4
NEWS_37387,4
NEWS_37388,1
NEWS_37389,3
NEWS_37390,0
NEWS_37391,4
NEWS_37392,4
NEWS_37393,5
NEWS_37394,4
NEWS_37395,4
NEWS_37396,3
NEWS_37397,1
NEWS_37398,1
NEWS_37399,4
NEWS_37400,3
NEWS_37401,1
NEWS_37402,3
NEWS_37403,4
NEWS_37404,4
NEWS_37405,4
NEWS_37406,2
NEWS_37407,5
NEWS_37408,4
NEWS_37409,3
NEWS_37410,5
NEWS_37411,3
NEWS_37412,5
NEWS_37413,1
NEWS_37414,5
NEWS_37415,3
NEWS_37416,4
NEWS_37417,1
NEWS_37418,4
NEWS_37419,1
NEWS_37420,1
NEWS_37421,3
NEWS_37422,2
NEWS_37423,1
NEWS_37424,4
NEWS_37425,2
NEWS_37426,4
NEWS_37427,4
NEWS_37428,1
NEWS_37429,2
NEWS_37430,0
NEWS_37431,4
NEWS_37432,4
NEWS_37433,5
NEWS_37434,3
NEWS_37435,4
NEWS_37436,5
NEWS_37437,3
NEWS_37438,4
NEWS_37439,0
NEWS_37440,1
NEWS_37441,3
NEWS_37442,3
NEWS_37443,3
NEWS_37444,4
NEWS_37445,4
NEWS_37446,1
NEWS_37447,4
NEWS_37448,1
NEWS_37449,3
NEWS_37450,4
NEWS_37451,4
NEWS_37452,5
NEWS_37453,4
NEWS_37454,3
NEWS_37455,4
NEWS_37456,3
NEWS_37457,1
NEWS_37458,3
NEWS_37459,4
NEWS_37460,1
NEWS_37461,1
NEWS_37462,4
NEWS_37463,4
NEWS_37464,3
NEWS_37465,4
NEWS_37466,4
NEWS_37467,2
NEWS_37468,2
NEWS_37469,2
NEWS_37470,1
NEWS_37471,3
NEWS_37472,1
NEWS_37473,2
NEWS_37474,4
NEWS_37475,3
NEWS_37476,4
NEWS_37477,4
NEWS_37478,4
NEWS_37479,3
NEWS_37480,3
NEWS_37481,1
NEWS_37482,3
NEWS_37483,2
NEWS_37484,4
NEWS_37485,4
NEWS_37486,2
NEWS_37487,4
NEWS_37488,4
NEWS_37489,2
NEWS_37490,2
NEWS_37491,3
NEWS_37492,4
NEWS_37493,4
NEWS_37494,4
NEWS_37495,1
NEWS_37496,1
NEWS_37497,1
NEWS_37498,5
NEWS_37499,2
NEWS_37500,3
NEWS_37501,1
NEWS_37502,3
NEWS_37503,4
NEWS_37504,4
NEWS_37505,1
NEWS_37506,5
NEWS_37507,4
NEWS_37508,2
NEWS_37509,3
NEWS_37510,4
NEWS_37511,3
NEWS_37512,3
NEWS_37513,3
NEWS_37514,3
NEWS_37515,1
NEWS_37516,5
NEWS_37517,3
NEWS_37518,3
NEWS_37519,5
NEWS_37520,2
NEWS_37521,1
NEWS_37522,2
NEWS_37523,1
NEWS_37524,1
NEWS_37525,2
NEWS_37526,3
NEWS_37527,1
NEWS_37528,2
NEWS_37529,4
NEWS_37530,1
NEWS_37531,3
NEWS_37532,1
NEWS_37533,3
NEWS_37534,3
NEWS_37535,2
NEWS_37536,5
NEWS_37537,2
NEWS_37538,1
NEWS_37539,5
NEWS_37540,2
NEWS_37541,1
NEWS_37542,4
NEWS_37543,4
NEWS_37544,5
NEWS_37545,4
NEWS_37546,4
NEWS_37547,4
NEWS_37548,4
NEWS_37549,1
NEWS_37550,3
NEWS_37551,4
NEWS_37552,4
NEWS_37553,5
NEWS_37554,1
NEWS_37555,5
NEWS_37556,3
NEWS_37557,5
NEWS_37558,3
NEWS_37559,3
NEWS_37560,4
NEWS_37561,3
NEWS_37562,1
NEWS_37563,1
NEWS_37564,5
NEWS_37565,3
NEWS_37566,3
NEWS_37567,5
NEWS_37568,4
NEWS_37569,5
NEWS_37570,3
NEWS_37571,0
NEWS_37572,3
NEWS_37573,4
NEWS_37574,0
NEWS_37575,1
NEWS_37576,3
NEWS_37577,3
NEWS_37578,1
NEWS_37579,4
NEWS_37580,0
NEWS_37581,1
NEWS_37582,1
NEWS_37583,3
NEWS_37584,3
NEWS_37585,1
NEWS_37586,2
NEWS_37587,4
NEWS_37588,4
NEWS_37589,5
NEWS_37590,0
NEWS_37591,4
NEWS_37592,4
NEWS_37593,1
NEWS_37594,3
NEWS_37595,4
NEWS_37596,2
NEWS_37597,1
NEWS_37598,4
NEWS_37599,1
NEWS_37600,4
NEWS_37601,2
NEWS_37602,4
NEWS_37603,4
NEWS_37604,4
NEWS_37605,3
NEWS_37606,4
NEWS_37607,4
NEWS_37608,2
NEWS_37609,3
NEWS_37610,1
NEWS_37611,2
NEWS_37612,0
NEWS_37613,5
NEWS_37614,4
NEWS_37615,4
NEWS_37616,4
NEWS_37617,2
NEWS_37618,1
NEWS_37619,1
NEWS_37620,1
NEWS_37621,0
NEWS_37622,5
NEWS_37623,3
NEWS_37624,4
NEWS_37625,4
NEWS_37626,4
NEWS_37627,3
NEWS_37628,5
NEWS_37629,5
NEWS_37630,3
NEWS_37631,1
NEWS_37632,1
NEWS_37633,3
NEWS_37634,1
NEWS_37635,4
NEWS_37636,0
NEWS_37637,4
NEWS_37638,2
NEWS_37639,2
NEWS_37640,5
NEWS_37641,4
NEWS_37642,5
NEWS_37643,1
NEWS_37644,1
NEWS_37645,4
NEWS_37646,1
NEWS_37647,1
NEWS_37648,5
NEWS_37649,2
NEWS_37650,3
NEWS_37651,1
NEWS_37652,3
NEWS_37653,3
NEWS_37654,4
NEWS_37655,4
NEWS_37656,5
NEWS_37657,1
NEWS_37658,0
NEWS_37659,2
NEWS_37660,1
NEWS_37661,1
NEWS_37662,3
NEWS_37663,3
NEWS_37664,4
NEWS_37665,4
NEWS_37666,5
NEWS_37667,5
NEWS_37668,1
NEWS_37669,3
NEWS_37670,3
NEWS_37671,3
NEWS_37672,3
NEWS_37673,1
NEWS_37674,4
NEWS_37675,4
NEWS_37676,3
NEWS_37677,5
NEWS_37678,1
NEWS_37679,4
NEWS_37680,5
NEWS_37681,2
NEWS_37682,4
NEWS_37683,1
NEWS_37684,3
NEWS_37685,3
NEWS_37686,1
NEWS_37687,1
NEWS_37688,5
NEWS_37689,2
NEWS_37690,3
NEWS_37691,4
NEWS_37692,1
NEWS_37693,4
NEWS_37694,3
NEWS_37695,5
NEWS_37696,3
NEWS_37697,5
NEWS_37698,2
NEWS_37699,3
NEWS_37700,3
NEWS_37701,2
NEWS_37702,4
NEWS_37703,3
NEWS_37704,3
NEWS_37705,3
NEWS_37706,4
NEWS_37707,3
NEWS_37708,4
NEWS_37709,4
NEWS_37710,2
NEWS_37711,4
NEWS_37712,4
NEWS_37713,0
NEWS_37714,3
NEWS_37715,2
NEWS_37716,5
NEWS_37717,4
NEWS_37718,2
NEWS_37719,1
NEWS_37720,5
NEWS_37721,4
NEWS_37722,3
NEWS_37723,5
NEWS_37724,1
NEWS_37725,1
NEWS_37726,3
NEWS_37727,4
NEWS_37728,2
NEWS_37729,4
NEWS_37730,1
NEWS_37731,4
NEWS_37732,3
NEWS_37733,4
NEWS_37734,2
NEWS_37735,4
NEWS_37736,1
NEWS_37737,4
NEWS_37738,1
NEWS_37739,2
NEWS_37740,5
NEWS_37741,3
NEWS_37742,5
NEWS_37743,4
NEWS_37744,3
NEWS_37745,4
NEWS_37746,4
NEWS_37747,4
NEWS_37748,3
NEWS_37749,2
NEWS_37750,1
NEWS_37751,1
NEWS_37752,1
NEWS_37753,4
NEWS_37754,5
NEWS_37755,1
NEWS_37756,3
NEWS_37757,2
NEWS_37758,4
NEWS_37759,3
NEWS_37760,3
NEWS_37761,0
NEWS_37762,2
NEWS_37763,1
NEWS_37764,4
NEWS_37765,3
NEWS_37766,1
NEWS_37767,0
NEWS_37768,4
NEWS_37769,3
NEWS_37770,5
NEWS_37771,3
NEWS_37772,4
NEWS_37773,1
NEWS_37774,5
NEWS_37775,4
NEWS_37776,4
NEWS_37777,4
NEWS_37778,5
NEWS_37779,4
NEWS_37780,4
NEWS_37781,3
NEWS_37782,5
NEWS_37783,2
NEWS_37784,5
NEWS_37785,5
NEWS_37786,1
NEWS_37787,4
NEWS_37788,4
NEWS_37789,4
NEWS_37790,4
NEWS_37791,4
NEWS_37792,3
NEWS_37793,1
NEWS_37794,4
NEWS_37795,4
NEWS_37796,5
NEWS_37797,5
NEWS_37798,3
NEWS_37799,2
NEWS_37800,4
NEWS_37801,3
NEWS_37802,3
NEWS_37803,3
NEWS_37804,5
NEWS_37805,2
NEWS_37806,5
NEWS_37807,1
NEWS_37808,1
NEWS_37809,3
NEWS_37810,4
NEWS_37811,2
NEWS_37812,0
NEWS_37813,4
NEWS_37814,2
NEWS_37815,4
NEWS_37816,4
NEWS_37817,4
NEWS_37818,2
NEWS_37819,3
NEWS_37820,3
NEWS_37821,2
NEWS_37822,3
NEWS_37823,2
NEWS_37824,2
NEWS_37825,4
NEWS_37826,4
NEWS_37827,4
NEWS_37828,3
NEWS_37829,4
NEWS_37830,2
NEWS_37831,1
NEWS_37832,1
NEWS_37833,4
NEWS_37834,1
NEWS_37835,5
NEWS_37836,2
NEWS_37837,4
NEWS_37838,4
NEWS_37839,4
NEWS_37840,4
NEWS_37841,4
NEWS_37842,0
NEWS_37843,4
NEWS_37844,3
NEWS_37845,1
NEWS_37846,4
NEWS_37847,5
NEWS_37848,5
NEWS_37849,5
NEWS_37850,2
NEWS_37851,3
NEWS_37852,2
NEWS_37853,1
NEWS_37854,1
NEWS_37855,4
NEWS_37856,5
NEWS_37857,2
NEWS_37858,4
NEWS_37859,1
NEWS_37860,5
NEWS_37861,4
NEWS_37862,4
NEWS_37863,2
NEWS_37864,4
NEWS_37865,3
NEWS_37866,1
NEWS_37867,3
NEWS_37868,2
NEWS_37869,4
NEWS_37870,5
NEWS_37871,1
NEWS_37872,3
NEWS_37873,2
NEWS_37874,1
NEWS_37875,4
NEWS_37876,4
NEWS_37877,4
NEWS_37878,4
NEWS_37879,4
NEWS_37880,3
NEWS_37881,5
NEWS_37882,4
NEWS_37883,2
NEWS_37884,4
NEWS_37885,1
NEWS_37886,2
NEWS_37887,5
NEWS_37888,1
NEWS_37889,4
NEWS_37890,0
NEWS_37891,3
NEWS_37892,3
NEWS_37893,3
NEWS_37894,2
NEWS_37895,1
NEWS_37896,4
NEWS_37897,4
NEWS_37898,2
NEWS_37899,3
NEWS_37900,1
NEWS_37901,1
NEWS_37902,5
NEWS_37903,5
NEWS_37904,4
NEWS_37905,4
NEWS_37906,2
NEWS_37907,1
NEWS_37908,3
NEWS_37909,4
NEWS_37910,2
NEWS_37911,4
NEWS_37912,4
NEWS_37913,2
NEWS_37914,5
NEWS_37915,1
NEWS_37916,4
NEWS_37917,2
NEWS_37918,4
NEWS_37919,3
NEWS_37920,4
NEWS_37921,1
NEWS_37922,4
NEWS_37923,5
NEWS_37924,5
NEWS_37925,1
NEWS_37926,5
NEWS_37927,5
NEWS_37928,5
NEWS_37929,5
NEWS_37930,3
NEWS_37931,4
NEWS_37932,4
NEWS_37933,4
NEWS_37934,1
NEWS_37935,3
NEWS_37936,5
NEWS_37937,1
NEWS_37938,5
NEWS_37939,4
NEWS_37940,1
NEWS_37941,5
NEWS_37942,2
NEWS_37943,2
NEWS_37944,1
NEWS_37945,1
NEWS_37946,2
NEWS_37947,4
NEWS_37948,4
NEWS_37949,4
NEWS_37950,1
NEWS_37951,5
NEWS_37952,4
NEWS_37953,1
NEWS_37954,5
NEWS_37955,5
NEWS_37956,1
NEWS_37957,2
NEWS_37958,4
NEWS_37959,0
NEWS_37960,2
NEWS_37961,1
NEWS_37962,4
NEWS_37963,4
NEWS_37964,2
NEWS_37965,3
NEWS_37966,4
NEWS_37967,1
NEWS_37968,3
NEWS_37969,4
NEWS_37970,1
NEWS_37971,0
NEWS_37972,1
NEWS_37973,1
NEWS_37974,5
NEWS_37975,1
NEWS_37976,5
NEWS_37977,4
NEWS_37978,4
NEWS_37979,4
NEWS_37980,3
NEWS_37981,1
NEWS_37982,4
NEWS_37983,1
NEWS_37984,5
NEWS_37985,2
NEWS_37986,1
NEWS_37987,3
NEWS_37988,3
NEWS_37989,3
NEWS_37990,3
NEWS_37991,3
NEWS_37992,3
NEWS_37993,2
NEWS_37994,4
NEWS_37995,3
NEWS_37996,1
NEWS_37997,0
NEWS_37998,1
NEWS_37999,4
NEWS_38000,5
NEWS_38001,5
NEWS_38002,1
NEWS_38003,0
NEWS_38004,1
NEWS_38005,4
NEWS_38006,1
NEWS_38007,1
NEWS_38008,3
NEWS_38009,2
NEWS_38010,2
NEWS_38011,5
NEWS_38012,2
NEWS_38013,2
NEWS_38014,3
NEWS_38015,4
NEWS_38016,5
NEWS_38017,1
NEWS_38018,1
NEWS_38019,5
NEWS_38020,3
NEWS_38021,4
NEWS_38022,5
NEWS_38023,4
NEWS_38024,5
NEWS_38025,3
NEWS_38026,1
NEWS_38027,4
NEWS_38028,4
NEWS_38029,5
NEWS_38030,5
NEWS_38031,1
NEWS_38032,4
NEWS_38033,4
NEWS_38034,5
NEWS_38035,2
NEWS_38036,4
NEWS_38037,2
NEWS_38038,4
NEWS_38039,5
NEWS_38040,1
NEWS_38041,2
NEWS_38042,3
NEWS_38043,3
NEWS_38044,0
NEWS_38045,5
NEWS_38046,5
NEWS_38047,0
NEWS_38048,2
NEWS_38049,5
NEWS_38050,4
NEWS_38051,4
NEWS_38052,2
NEWS_38053,3
NEWS_38054,4
NEWS_38055,2
NEWS_38056,5
NEWS_38057,1
NEWS_38058,4
NEWS_38059,3
NEWS_38060,3
NEWS_38061,3
NEWS_38062,5
NEWS_38063,4
NEWS_38064,2
NEWS_38065,5
NEWS_38066,2
NEWS_38067,4
NEWS_38068,1
NEWS_38069,2
NEWS_38070,1
NEWS_38071,4
NEWS_38072,3
NEWS_38073,4
NEWS_38074,5
NEWS_38075,1
NEWS_38076,2
NEWS_38077,3
NEWS_38078,4
NEWS_38079,2
NEWS_38080,2
NEWS_38081,4
NEWS_38082,2
NEWS_38083,4
NEWS_38084,4
NEWS_38085,2
NEWS_38086,3
NEWS_38087,1
NEWS_38088,3
NEWS_38089,2
NEWS_38090,4
NEWS_38091,1
NEWS_38092,3
NEWS_38093,4
NEWS_38094,3
NEWS_38095,1
NEWS_38096,5
NEWS_38097,1
NEWS_38098,4
NEWS_38099,1
NEWS_38100,4
NEWS_38101,3
NEWS_38102,1
NEWS_38103,5
NEWS_38104,4
NEWS_38105,1
NEWS_38106,1
NEWS_38107,2
NEWS_38108,0
NEWS_38109,1
NEWS_38110,2
NEWS_38111,0
NEWS_38112,5
NEWS_38113,5
NEWS_38114,4
NEWS_38115,1
NEWS_38116,2
NEWS_38117,1
NEWS_38118,4
NEWS_38119,3
NEWS_38120,0
NEWS_38121,2
NEWS_38122,3
NEWS_38123,5
NEWS_38124,3
NEWS_38125,4
NEWS_38126,2
NEWS_38127,1
NEWS_38128,4
NEWS_38129,1
NEWS_38130,4
NEWS_38131,4
NEWS_38132,1
NEWS_38133,1
NEWS_38134,2
NEWS_38135,5
NEWS_38136,5
NEWS_38137,2
NEWS_38138,3
NEWS_38139,2
NEWS_38140,2
NEWS_38141,1
NEWS_38142,0
NEWS_38143,5
NEWS_38144,3
NEWS_38145,3
NEWS_38146,4
NEWS_38147,4
NEWS_38148,4
NEWS_38149,4
NEWS_38150,3
NEWS_38151,3
NEWS_38152,2
NEWS_38153,4
NEWS_38154,2
NEWS_38155,1
NEWS_38156,3
NEWS_38157,4
NEWS_38158,1
NEWS_38159,1
NEWS_38160,1
NEWS_38161,2
NEWS_38162,5
NEWS_38163,5
NEWS_38164,4
NEWS_38165,3
NEWS_38166,1
NEWS_38167,3
NEWS_38168,4
NEWS_38169,4
NEWS_38170,2
NEWS_38171,4
NEWS_38172,5
NEWS_38173,5
NEWS_38174,5
NEWS_38175,2
NEWS_38176,2
NEWS_38177,3
NEWS_38178,5
NEWS_38179,0
NEWS_38180,0
NEWS_38181,2
NEWS_38182,3
NEWS_38183,1
NEWS_38184,3
NEWS_38185,4
NEWS_38186,2
NEWS_38187,5
NEWS_38188,1
NEWS_38189,3
NEWS_38190,1
NEWS_38191,4
NEWS_38192,4
NEWS_38193,3
NEWS_38194,3
NEWS_38195,4
NEWS_38196,4
NEWS_38197,1
NEWS_38198,4
NEWS_38199,5
NEWS_38200,3
NEWS_38201,2
NEWS_38202,3
NEWS_38203,3
NEWS_38204,1
NEWS_38205,5
NEWS_38206,1
NEWS_38207,1
NEWS_38208,2
NEWS_38209,5
NEWS_38210,1
NEWS_38211,0
NEWS_38212,0
NEWS_38213,4
NEWS_38214,3
NEWS_38215,5
NEWS_38216,5
NEWS_38217,4
NEWS_38218,4
NEWS_38219,4
NEWS_38220,2
NEWS_38221,5
NEWS_38222,0
NEWS_38223,5
NEWS_38224,1
NEWS_38225,4
NEWS_38226,0
NEWS_38227,1
NEWS_38228,1
NEWS_38229,4
NEWS_38230,2
NEWS_38231,3
NEWS_38232,2
NEWS_38233,1
NEWS_38234,4
NEWS_38235,3
NEWS_38236,3
NEWS_38237,4
NEWS_38238,4
NEWS_38239,4
NEWS_38240,1
NEWS_38241,4
NEWS_38242,3
NEWS_38243,3
NEWS_38244,1
NEWS_38245,4
NEWS_38246,5
NEWS_38247,4
NEWS_38248,5
NEWS_38249,3
NEWS_38250,1
NEWS_38251,1
NEWS_38252,4
NEWS_38253,1
NEWS_38254,0
NEWS_38255,3
NEWS_38256,4
NEWS_38257,4
NEWS_38258,2
NEWS_38259,4
NEWS_38260,0
NEWS_38261,4
NEWS_38262,4
NEWS_38263,1
NEWS_38264,4
NEWS_38265,3
NEWS_38266,1
NEWS_38267,3
NEWS_38268,1
NEWS_38269,4
NEWS_38270,1
NEWS_38271,4
NEWS_38272,4
NEWS_38273,3
NEWS_38274,4
NEWS_38275,4
NEWS_38276,5
NEWS_38277,4
NEWS_38278,5
NEWS_38279,3
NEWS_38280,1
NEWS_38281,1
NEWS_38282,4
NEWS_38283,5
NEWS_38284,2
NEWS_38285,3
NEWS_38286,5
NEWS_38287,3
NEWS_38288,4
NEWS_38289,3
NEWS_38290,4
NEWS_38291,5
NEWS_38292,5
NEWS_38293,2
NEWS_38294,4
NEWS_38295,3
NEWS_38296,5
NEWS_38297,4
NEWS_38298,4
NEWS_38299,4
NEWS_38300,3
NEWS_38301,1
NEWS_38302,4
NEWS_38303,5
NEWS_38304,2
NEWS_38305,3
NEWS_38306,3
NEWS_38307,1
NEWS_38308,2
NEWS_38309,2
NEWS_38310,4
NEWS_38311,0
NEWS_38312,4
NEWS_38313,4
NEWS_38314,1
NEWS_38315,5
NEWS_38316,3
NEWS_38317,3
NEWS_38318,3
NEWS_38319,4
NEWS_38320,4
NEWS_38321,5
NEWS_38322,1
NEWS_38323,2
NEWS_38324,1
NEWS_38325,0
NEWS_38326,4
NEWS_38327,4
NEWS_38328,4
NEWS_38329,3
NEWS_38330,4
NEWS_38331,1
NEWS_38332,4
NEWS_38333,5
NEWS_38334,2
NEWS_38335,2
NEWS_38336,5
NEWS_38337,5
NEWS_38338,4
NEWS_38339,2
NEWS_38340,2
NEWS_38341,3
NEWS_38342,3
NEWS_38343,5
NEWS_38344,4
NEWS_38345,5
NEWS_38346,4
NEWS_38347,4
NEWS_38348,0
NEWS_38349,2
NEWS_38350,1
NEWS_38351,4
NEWS_38352,1
NEWS_38353,2
NEWS_38354,1
NEWS_38355,3
NEWS_38356,2
NEWS_38357,3
NEWS_38358,0
NEWS_38359,1
NEWS_38360,2
NEWS_38361,4
NEWS_38362,3
NEWS_38363,5
NEWS_38364,1
NEWS_38365,0
NEWS_38366,2
NEWS_38367,3
NEWS_38368,1
NEWS_38369,4
NEWS_38370,5
NEWS_38371,4
NEWS_38372,3
NEWS_38373,3
NEWS_38374,4
NEWS_38375,1
NEWS_38376,2
NEWS_38377,1
NEWS_38378,3
NEWS_38379,5
NEWS_38380,1
NEWS_38381,5
NEWS_38382,0
NEWS_38383,1
NEWS_38384,0
NEWS_38385,4
NEWS_38386,1
NEWS_38387,2
NEWS_38388,0
NEWS_38389,2
NEWS_38390,2
NEWS_38391,4
NEWS_38392,5
NEWS_38393,3
NEWS_38394,4
NEWS_38395,3
NEWS_38396,5
NEWS_38397,5
NEWS_38398,3
NEWS_38399,4
NEWS_38400,5
NEWS_38401,3
NEWS_38402,1
NEWS_38403,4
NEWS_38404,2
NEWS_38405,1
NEWS_38406,4
NEWS_38407,4
NEWS_38408,5
NEWS_38409,3
NEWS_38410,2
NEWS_38411,5
NEWS_38412,4
NEWS_38413,3
NEWS_38414,4
NEWS_38415,3
NEWS_38416,2
NEWS_38417,2
NEWS_38418,2
NEWS_38419,4
NEWS_38420,2
NEWS_38421,1
NEWS_38422,4
NEWS_38423,4
NEWS_38424,2
NEWS_38425,1
NEWS_38426,2
NEWS_38427,4
NEWS_38428,5
NEWS_38429,4
NEWS_38430,1
NEWS_38431,1
NEWS_38432,4
NEWS_38433,1
NEWS_38434,3
NEWS_38435,4
NEWS_38436,2
NEWS_38437,3
NEWS_38438,4
NEWS_38439,4
NEWS_38440,5
NEWS_38441,1
NEWS_38442,2
NEWS_38443,3
NEWS_38444,3
NEWS_38445,4
NEWS_38446,0
NEWS_38447,3
NEWS_38448,4
NEWS_38449,2
NEWS_38450,4
NEWS_38451,4
NEWS_38452,4
NEWS_38453,4
NEWS_38454,3
NEWS_38455,2
NEWS_38456,4
NEWS_38457,4
NEWS_38458,1
NEWS_38459,1
NEWS_38460,4
NEWS_38461,5
NEWS_38462,2
NEWS_38463,1
NEWS_38464,3
NEWS_38465,3
NEWS_38466,2
NEWS_38467,3
NEWS_38468,0
NEWS_38469,4
NEWS_38470,3
NEWS_38471,3
NEWS_38472,5
NEWS_38473,4
NEWS_38474,5
NEWS_38475,1
NEWS_38476,4
NEWS_38477,1
NEWS_38478,2
NEWS_38479,4
NEWS_38480,4
NEWS_38481,3
NEWS_38482,2
NEWS_38483,3
NEWS_38484,4
NEWS_38485,5
NEWS_38486,4
NEWS_38487,1
NEWS_38488,4
NEWS_38489,5
NEWS_38490,1
NEWS_38491,2
NEWS_38492,4
NEWS_38493,2
NEWS_38494,1
NEWS_38495,1
NEWS_38496,2
NEWS_38497,4
NEWS_38498,2
NEWS_38499,4
NEWS_38500,4
NEWS_38501,4
NEWS_38502,5
NEWS_38503,2
NEWS_38504,4
NEWS_38505,1
NEWS_38506,5
NEWS_38507,1
NEWS_38508,5
NEWS_38509,1
NEWS_38510,3
NEWS_38511,0
NEWS_38512,1
NEWS_38513,4
NEWS_38514,2
NEWS_38515,4
NEWS_38516,4
NEWS_38517,1
NEWS_38518,5
NEWS_38519,1
NEWS_38520,4
NEWS_38521,4
NEWS_38522,4
NEWS_38523,1
NEWS_38524,0
NEWS_38525,4
NEWS_38526,4
NEWS_38527,1
NEWS_38528,3
NEWS_38529,3
NEWS_38530,2
NEWS_38531,5
NEWS_38532,4
NEWS_38533,0
NEWS_38534,2
NEWS_38535,5
NEWS_38536,2
NEWS_38537,4
NEWS_38538,4
NEWS_38539,1
NEWS_38540,0
NEWS_38541,2
NEWS_38542,4
NEWS_38543,3
NEWS_38544,2
NEWS_38545,1
NEWS_38546,2
NEWS_38547,3
NEWS_38548,1
NEWS_38549,1
NEWS_38550,5
NEWS_38551,5
NEWS_38552,1
NEWS_38553,1
NEWS_38554,5
NEWS_38555,1
NEWS_38556,4
NEWS_38557,0
NEWS_38558,4
NEWS_38559,2
NEWS_38560,1
NEWS_38561,5
NEWS_38562,3
NEWS_38563,2
NEWS_38564,4
NEWS_38565,1
NEWS_38566,4
NEWS_38567,4
NEWS_38568,1
NEWS_38569,3
NEWS_38570,4
NEWS_38571,4
NEWS_38572,4
NEWS_38573,4
NEWS_38574,1
NEWS_38575,1
NEWS_38576,0
NEWS_38577,4
NEWS_38578,5
NEWS_38579,1
NEWS_38580,3
NEWS_38581,1
NEWS_38582,1
NEWS_38583,3
NEWS_38584,5
NEWS_38585,1
NEWS_38586,2
NEWS_38587,2
NEWS_38588,1
NEWS_38589,4
NEWS_38590,3
NEWS_38591,5
NEWS_38592,3
NEWS_38593,4
NEWS_38594,3
NEWS_38595,2
NEWS_38596,3
NEWS_38597,4
NEWS_38598,3
NEWS_38599,4
NEWS_38600,1
NEWS_38601,3
NEWS_38602,4
NEWS_38603,4
NEWS_38604,5
NEWS_38605,4
NEWS_38606,4
NEWS_38607,5
NEWS_38608,4
NEWS_38609,1
NEWS_38610,3
NEWS_38611,4
NEWS_38612,2
NEWS_38613,0
NEWS_38614,1
NEWS_38615,0
NEWS_38616,2
NEWS_38617,4
NEWS_38618,4
NEWS_38619,2
NEWS_38620,3
NEWS_38621,3
NEWS_38622,3
NEWS_38623,5
NEWS_38624,4
NEWS_38625,2
NEWS_38626,3
NEWS_38627,2
NEWS_38628,2
NEWS_38629,4
NEWS_38630,1
NEWS_38631,4
NEWS_38632,5
NEWS_38633,4
NEWS_38634,3
NEWS_38635,4
NEWS_38636,2
NEWS_38637,1
NEWS_38638,4
NEWS_38639,1
NEWS_38640,4
NEWS_38641,3
NEWS_38642,1
NEWS_38643,3
NEWS_38644,0
NEWS_38645,1
NEWS_38646,5
NEWS_38647,5
NEWS_38648,3
NEWS_38649,1
NEWS_38650,1
NEWS_38651,3
NEWS_38652,1
NEWS_38653,3
NEWS_38654,4
NEWS_38655,3
NEWS_38656,2
NEWS_38657,4
NEWS_38658,4
NEWS_38659,3
NEWS_38660,3
NEWS_38661,3
NEWS_38662,4
NEWS_38663,0
NEWS_38664,3
NEWS_38665,3
NEWS_38666,1
NEWS_38667,4
NEWS_38668,3
NEWS_38669,1
NEWS_38670,4
NEWS_38671,4
NEWS_38672,2
NEWS_38673,2
NEWS_38674,3
NEWS_38675,4
NEWS_38676,0
NEWS_38677,4
NEWS_38678,2
NEWS_38679,1
NEWS_38680,1
NEWS_38681,5
NEWS_38682,4
NEWS_38683,3
NEWS_38684,1
NEWS_38685,3
NEWS_38686,4
NEWS_38687,5
NEWS_38688,4
NEWS_38689,1
NEWS_38690,3
NEWS_38691,4
NEWS_38692,5
NEWS_38693,1
NEWS_38694,4
NEWS_38695,4
NEWS_38696,5
NEWS_38697,2
NEWS_38698,4
NEWS_38699,4
NEWS_38700,3
NEWS_38701,5
NEWS_38702,3
NEWS_38703,4
NEWS_38704,2
NEWS_38705,4
NEWS_38706,3
NEWS_38707,4
NEWS_38708,1
NEWS_38709,4
NEWS_38710,2
NEWS_38711,1
NEWS_38712,4
NEWS_38713,4
NEWS_38714,3
NEWS_38715,4
NEWS_38716,2
NEWS_38717,1
NEWS_38718,3
NEWS_38719,5
NEWS_38720,1
NEWS_38721,1
NEWS_38722,4
NEWS_38723,2
NEWS_38724,4
NEWS_38725,3
NEWS_38726,5
NEWS_38727,4
NEWS_38728,4
NEWS_38729,5
NEWS_38730,3
NEWS_38731,5
NEWS_38732,2
NEWS_38733,5
NEWS_38734,2
NEWS_38735,4
NEWS_38736,2
NEWS_38737,4
NEWS_38738,4
NEWS_38739,4
NEWS_38740,4
NEWS_38741,0
NEWS_38742,4
NEWS_38743,1
NEWS_38744,4
NEWS_38745,3
NEWS_38746,5
NEWS_38747,5
NEWS_38748,1
NEWS_38749,0
NEWS_38750,4
NEWS_38751,1
NEWS_38752,3
NEWS_38753,1
NEWS_38754,5
NEWS_38755,4
NEWS_38756,4
NEWS_38757,3
NEWS_38758,2
NEWS_38759,4
NEWS_38760,2
NEWS_38761,5
NEWS_38762,4
NEWS_38763,1
NEWS_38764,4
NEWS_38765,4
NEWS_38766,1
NEWS_38767,0
NEWS_38768,2
NEWS_38769,3
NEWS_38770,2
NEWS_38771,2
NEWS_38772,4
NEWS_38773,4
NEWS_38774,3
NEWS_38775,4
NEWS_38776,2
NEWS_38777,3
NEWS_38778,2
NEWS_38779,4
NEWS_38780,3
NEWS_38781,2
NEWS_38782,0
NEWS_38783,3
NEWS_38784,1
NEWS_38785,5
NEWS_38786,0
NEWS_38787,5
NEWS_38788,4
NEWS_38789,3
NEWS_38790,5
NEWS_38791,3
NEWS_38792,2
NEWS_38793,3
NEWS_38794,4
NEWS_38795,1
NEWS_38796,3
NEWS_38797,1
NEWS_38798,2
NEWS_38799,4
NEWS_38800,2
NEWS_38801,5
NEWS_38802,2
NEWS_38803,2
NEWS_38804,1
NEWS_38805,4
NEWS_38806,4
NEWS_38807,5
NEWS_38808,2
NEWS_38809,4
NEWS_38810,4
NEWS_38811,2
NEWS_38812,4
NEWS_38813,4
NEWS_38814,4
NEWS_38815,2
NEWS_38816,3
NEWS_38817,5
NEWS_38818,4
NEWS_38819,2
NEWS_38820,4
NEWS_38821,1
NEWS_38822,1
NEWS_38823,3
NEWS_38824,3
NEWS_38825,4
NEWS_38826,4
NEWS_38827,3
NEWS_38828,5
NEWS_38829,2
NEWS_38830,5
NEWS_38831,2
NEWS_38832,2
NEWS_38833,2
NEWS_38834,1
NEWS_38835,1
NEWS_38836,2
NEWS_38837,1
NEWS_38838,1
NEWS_38839,2
NEWS_38840,3
NEWS_38841,3
NEWS_38842,5
NEWS_38843,4
NEWS_38844,1
NEWS_38845,4
NEWS_38846,4
NEWS_38847,2
NEWS_38848,4
NEWS_38849,5
NEWS_38850,0
NEWS_38851,2
NEWS_38852,4
NEWS_38853,2
NEWS_38854,0
NEWS_38855,3
NEWS_38856,2
NEWS_38857,1
NEWS_38858,4
NEWS_38859,2
NEWS_38860,1
NEWS_38861,4
NEWS_38862,1
NEWS_38863,4
NEWS_38864,2
NEWS_38865,3
NEWS_38866,1
NEWS_38867,4
NEWS_38868,2
NEWS_38869,1
NEWS_38870,2
NEWS_38871,2
NEWS_38872,1
NEWS_38873,3
NEWS_38874,4
NEWS_38875,4
NEWS_38876,4
NEWS_38877,3
NEWS_38878,4
NEWS_38879,4
NEWS_38880,1
NEWS_38881,3
NEWS_38882,4
NEWS_38883,4
NEWS_38884,3
NEWS_38885,4
NEWS_38886,3
NEWS_38887,4
NEWS_38888,4
NEWS_38889,4
NEWS_38890,1
NEWS_38891,1
NEWS_38892,1
NEWS_38893,3
NEWS_38894,5
NEWS_38895,1
NEWS_38896,5
NEWS_38897,4
NEWS_38898,4
NEWS_38899,1
NEWS_38900,5
NEWS_38901,4
NEWS_38902,3
NEWS_38903,1
NEWS_38904,3
NEWS_38905,4
NEWS_38906,4
NEWS_38907,1
NEWS_38908,3
NEWS_38909,1
NEWS_38910,5
NEWS_38911,1
NEWS_38912,4
NEWS_38913,4
NEWS_38914,5
NEWS_38915,0
NEWS_38916,5
NEWS_38917,3
NEWS_38918,2
NEWS_38919,3
NEWS_38920,1
NEWS_38921,3
NEWS_38922,0
NEWS_38923,5
NEWS_38924,4
NEWS_38925,3
NEWS_38926,2
NEWS_38927,5
NEWS_38928,5
NEWS_38929,5
NEWS_38930,5
NEWS_38931,2
NEWS_38932,4
NEWS_38933,5
NEWS_38934,2
NEWS_38935,2
NEWS_38936,4
NEWS_38937,5
NEWS_38938,5
NEWS_38939,4
NEWS_38940,3
NEWS_38941,5
NEWS_38942,4
NEWS_38943,4
NEWS_38944,1
NEWS_38945,1
NEWS_38946,5
NEWS_38947,2
NEWS_38948,3
NEWS_38949,3
NEWS_38950,3
NEWS_38951,4
NEWS_38952,4
NEWS_38953,2
NEWS_38954,5
NEWS_38955,1
NEWS_38956,1
NEWS_38957,4
NEWS_38958,2
NEWS_38959,3
NEWS_38960,1
NEWS_38961,1
NEWS_38962,4
NEWS_38963,1
NEWS_38964,4
NEWS_38965,5
NEWS_38966,2
NEWS_38967,4
NEWS_38968,3
NEWS_38969,4
NEWS_38970,1
NEWS_38971,2
NEWS_38972,3
NEWS_38973,5
NEWS_38974,5
NEWS_38975,5
NEWS_38976,2
NEWS_38977,0
NEWS_38978,3
NEWS_38979,4
NEWS_38980,5
NEWS_38981,2
NEWS_38982,1
NEWS_38983,1
NEWS_38984,4
NEWS_38985,3
NEWS_38986,3
NEWS_38987,5
NEWS_38988,4
NEWS_38989,5
NEWS_38990,0
NEWS_38991,0
NEWS_38992,5
NEWS_38993,3
NEWS_38994,4
NEWS_38995,4
NEWS_38996,4
NEWS_38997,0
NEWS_38998,1
NEWS_38999,4
NEWS_39000,0
NEWS_39001,5
NEWS_39002,4
NEWS_39003,2
NEWS_39004,3
NEWS_39005,4
NEWS_39006,3
NEWS_39007,5
NEWS_39008,3
NEWS_39009,4
NEWS_39010,5
NEWS_39011,1
NEWS_39012,4
NEWS_39013,3
NEWS_39014,2
NEWS_39015,2
NEWS_39016,5
NEWS_39017,3
NEWS_39018,1
NEWS_39019,5
NEWS_39020,3
NEWS_39021,3
NEWS_39022,1
NEWS_39023,4
NEWS_39024,3
NEWS_39025,4
NEWS_39026,1
NEWS_39027,2
NEWS_39028,0
NEWS_39029,4
NEWS_39030,3
NEWS_39031,4
NEWS_39032,3
NEWS_39033,5
NEWS_39034,4
NEWS_39035,4
NEWS_39036,3
NEWS_39037,5
NEWS_39038,5
NEWS_39039,1
NEWS_39040,3
NEWS_39041,4
NEWS_39042,4
NEWS_39043,5
NEWS_39044,4
NEWS_39045,4
NEWS_39046,4
NEWS_39047,5
NEWS_39048,2
NEWS_39049,5
NEWS_39050,1
NEWS_39051,1
NEWS_39052,1
NEWS_39053,3
NEWS_39054,2
NEWS_39055,2
NEWS_39056,5
NEWS_39057,4
NEWS_39058,3
NEWS_39059,2
NEWS_39060,4
NEWS_39061,4
NEWS_39062,3
NEWS_39063,5
NEWS_39064,4
NEWS_39065,4
NEWS_39066,5
NEWS_39067,4
NEWS_39068,0
NEWS_39069,4
NEWS_39070,2
NEWS_39071,5
NEWS_39072,3
NEWS_39073,4
NEWS_39074,4
NEWS_39075,2
NEWS_39076,5
NEWS_39077,4
NEWS_39078,4
NEWS_39079,4
NEWS_39080,4
NEWS_39081,1
NEWS_39082,2
NEWS_39083,5
NEWS_39084,1
NEWS_39085,3
NEWS_39086,1
NEWS_39087,3
NEWS_39088,1
NEWS_39089,1
NEWS_39090,2
NEWS_39091,0
NEWS_39092,4
NEWS_39093,3
NEWS_39094,1
NEWS_39095,1
NEWS_39096,1
NEWS_39097,3
NEWS_39098,1
NEWS_39099,4
NEWS_39100,4
NEWS_39101,5
NEWS_39102,3
NEWS_39103,2
NEWS_39104,4
NEWS_39105,1
NEWS_39106,0
NEWS_39107,1
NEWS_39108,0
NEWS_39109,5
NEWS_39110,4
NEWS_39111,4
NEWS_39112,4
NEWS_39113,4
NEWS_39114,5
NEWS_39115,4
NEWS_39116,2
NEWS_39117,4
NEWS_39118,4
NEWS_39119,2
NEWS_39120,3
NEWS_39121,4
NEWS_39122,3
NEWS_39123,1
NEWS_39124,1
NEWS_39125,5
NEWS_39126,4
NEWS_39127,4
NEWS_39128,1
NEWS_39129,0
NEWS_39130,5
NEWS_39131,1
NEWS_39132,5
NEWS_39133,4
NEWS_39134,4
NEWS_39135,3
NEWS_39136,3
NEWS_39137,4
NEWS_39138,5
NEWS_39139,4
NEWS_39140,2
NEWS_39141,4
NEWS_39142,4
NEWS_39143,1
NEWS_39144,0
NEWS_39145,2
NEWS_39146,3
NEWS_39147,5
NEWS_39148,0
NEWS_39149,3
NEWS_39150,1
NEWS_39151,3
NEWS_39152,5
NEWS_39153,5
NEWS_39154,4
NEWS_39155,4
NEWS_39156,4
NEWS_39157,5
NEWS_39158,4
NEWS_39159,1
NEWS_39160,5
NEWS_39161,2
NEWS_39162,3
NEWS_39163,1
NEWS_39164,2
NEWS_39165,2
NEWS_39166,4
NEWS_39167,3
NEWS_39168,1
NEWS_39169,2
NEWS_39170,2
NEWS_39171,4
NEWS_39172,0
NEWS_39173,5
NEWS_39174,2
NEWS_39175,3
NEWS_39176,4
NEWS_39177,3
NEWS_39178,2
NEWS_39179,3
NEWS_39180,1
NEWS_39181,3
NEWS_39182,4
NEWS_39183,2
NEWS_39184,1
NEWS_39185,5
NEWS_39186,4
NEWS_39187,3
NEWS_39188,5
NEWS_39189,3
NEWS_39190,2
NEWS_39191,3
NEWS_39192,3
NEWS_39193,3
NEWS_39194,4
NEWS_39195,4
NEWS_39196,2
NEWS_39197,5
NEWS_39198,3
NEWS_39199,1
NEWS_39200,3
NEWS_39201,4
NEWS_39202,3
NEWS_39203,2
NEWS_39204,4
NEWS_39205,4
NEWS_39206,2
NEWS_39207,1
NEWS_39208,4
NEWS_39209,4
NEWS_39210,4
NEWS_39211,1
NEWS_39212,5
NEWS_39213,1
NEWS_39214,4
NEWS_39215,4
NEWS_39216,3
NEWS_39217,2
NEWS_39218,4
NEWS_39219,3
NEWS_39220,5
NEWS_39221,3
NEWS_39222,1
NEWS_39223,1
NEWS_39224,1
NEWS_39225,3
NEWS_39226,4
NEWS_39227,4
NEWS_39228,4
NEWS_39229,1
NEWS_39230,1
NEWS_39231,3
NEWS_39232,4
NEWS_39233,4
NEWS_39234,5
NEWS_39235,5
NEWS_39236,4
NEWS_39237,4
NEWS_39238,3
NEWS_39239,2
NEWS_39240,4
NEWS_39241,4
NEWS_39242,1
NEWS_39243,4
NEWS_39244,3
NEWS_39245,2
NEWS_39246,4
NEWS_39247,2
NEWS_39248,5
NEWS_39249,4
NEWS_39250,3
NEWS_39251,4
NEWS_39252,2
NEWS_39253,5
NEWS_39254,5
NEWS_39255,3
NEWS_39256,4
NEWS_39257,3
NEWS_39258,2
NEWS_39259,5
NEWS_39260,4
NEWS_39261,0
NEWS_39262,0
NEWS_39263,2
NEWS_39264,3
NEWS_39265,4
NEWS_39266,3
NEWS_39267,3
NEWS_39268,1
NEWS_39269,0
NEWS_39270,2
NEWS_39271,1
NEWS_39272,1
NEWS_39273,2
NEWS_39274,5
NEWS_39275,1
NEWS_39276,3
NEWS_39277,4
NEWS_39278,3
NEWS_39279,3
NEWS_39280,5
NEWS_39281,3
NEWS_39282,0
NEWS_39283,0
NEWS_39284,1
NEWS_39285,4
NEWS_39286,5
NEWS_39287,5
NEWS_39288,5
NEWS_39289,3
NEWS_39290,4
NEWS_39291,3
NEWS_39292,4
NEWS_39293,0
NEWS_39294,0
NEWS_39295,4
NEWS_39296,4
NEWS_39297,2
NEWS_39298,1
NEWS_39299,3
NEWS_39300,1
NEWS_39301,4
NEWS_39302,1
NEWS_39303,2
NEWS_39304,0
NEWS_39305,2
NEWS_39306,2
NEWS_39307,4
NEWS_39308,4
NEWS_39309,2
NEWS_39310,1
NEWS_39311,1
NEWS_39312,5
NEWS_39313,5
NEWS_39314,2
NEWS_39315,3
NEWS_39316,4
NEWS_39317,4
NEWS_39318,3
NEWS_39319,1
NEWS_39320,5
NEWS_39321,3
NEWS_39322,2
NEWS_39323,1
NEWS_39324,4
NEWS_39325,1
NEWS_39326,4
NEWS_39327,3
NEWS_39328,4
NEWS_39329,4
NEWS_39330,4
NEWS_39331,4
NEWS_39332,4
NEWS_39333,4
NEWS_39334,2
NEWS_39335,1
NEWS_39336,4
NEWS_39337,0
NEWS_39338,4
NEWS_39339,3
NEWS_39340,5
NEWS_39341,5
NEWS_39342,1
NEWS_39343,1
NEWS_39344,4
NEWS_39345,4
NEWS_39346,2
NEWS_39347,3
NEWS_39348,2
NEWS_39349,1
NEWS_39350,1
NEWS_39351,4
NEWS_39352,4
NEWS_39353,3
NEWS_39354,1
NEWS_39355,4
NEWS_39356,3
NEWS_39357,4
NEWS_39358,3
NEWS_39359,1
NEWS_39360,5
NEWS_39361,2
NEWS_39362,3
NEWS_39363,5
NEWS_39364,0
NEWS_39365,3
NEWS_39366,3
NEWS_39367,5
NEWS_39368,5
NEWS_39369,1
NEWS_39370,4
NEWS_39371,5
NEWS_39372,5
NEWS_39373,3
NEWS_39374,4
NEWS_39375,3
NEWS_39376,5
NEWS_39377,3
NEWS_39378,4
NEWS_39379,4
NEWS_39380,1
NEWS_39381,5
NEWS_39382,4
NEWS_39383,5
NEWS_39384,4
NEWS_39385,3
NEWS_39386,4
NEWS_39387,3
NEWS_39388,4
NEWS_39389,3
NEWS_39390,1
NEWS_39391,5
NEWS_39392,4
NEWS_39393,1
NEWS_39394,3
NEWS_39395,1
NEWS_39396,1
NEWS_39397,3
NEWS_39398,1
NEWS_39399,5
NEWS_39400,1
NEWS_39401,4
NEWS_39402,4
NEWS_39403,4
NEWS_39404,2
NEWS_39405,5
NEWS_39406,2
NEWS_39407,2
NEWS_39408,2
NEWS_39409,4
NEWS_39410,5
NEWS_39411,4
NEWS_39412,3
NEWS_39413,1
NEWS_39414,4
NEWS_39415,0
NEWS_39416,0
NEWS_39417,3
NEWS_39418,1
NEWS_39419,1
NEWS_39420,4
NEWS_39421,2
NEWS_39422,5
NEWS_39423,1
NEWS_39424,2
NEWS_39425,3
NEWS_39426,0
NEWS_39427,5
NEWS_39428,4
NEWS_39429,5
NEWS_39430,1
NEWS_39431,3
NEWS_39432,4
NEWS_39433,5
NEWS_39434,0
NEWS_39435,4
NEWS_39436,4
NEWS_39437,1
NEWS_39438,4
NEWS_39439,4
NEWS_39440,1
NEWS_39441,4
NEWS_39442,3
NEWS_39443,1
NEWS_39444,4
NEWS_39445,5
NEWS_39446,1
NEWS_39447,1
NEWS_39448,4
NEWS_39449,4
NEWS_39450,5
NEWS_39451,2
NEWS_39452,2
NEWS_39453,4
NEWS_39454,3
NEWS_39455,3
NEWS_39456,4
NEWS_39457,2
NEWS_39458,5
NEWS_39459,5
NEWS_39460,3
NEWS_39461,4
NEWS_39462,5
NEWS_39463,3
NEWS_39464,4
NEWS_39465,2
NEWS_39466,4
NEWS_39467,3
NEWS_39468,0
NEWS_39469,2
NEWS_39470,4
NEWS_39471,2
NEWS_39472,4
NEWS_39473,1
NEWS_39474,1
NEWS_39475,5
NEWS_39476,5
NEWS_39477,3
NEWS_39478,5
NEWS_39479,2
NEWS_39480,1
NEWS_39481,2
NEWS_39482,0
NEWS_39483,4
NEWS_39484,4
NEWS_39485,3
NEWS_39486,4
NEWS_39487,5
NEWS_39488,3
NEWS_39489,4
NEWS_39490,4
NEWS_39491,0
NEWS_39492,1
NEWS_39493,4
NEWS_39494,5
NEWS_39495,4
NEWS_39496,3
NEWS_39497,1
NEWS_39498,3
NEWS_39499,3
NEWS_39500,5
NEWS_39501,5
NEWS_39502,1
NEWS_39503,4
NEWS_39504,1
NEWS_39505,4
NEWS_39506,5
NEWS_39507,4
NEWS_39508,2
NEWS_39509,3
NEWS_39510,3
NEWS_39511,4
NEWS_39512,1
NEWS_39513,1
NEWS_39514,4
NEWS_39515,4
NEWS_39516,3
NEWS_39517,4
NEWS_39518,1
NEWS_39519,0
NEWS_39520,3
NEWS_39521,2
NEWS_39522,3
NEWS_39523,0
NEWS_39524,2
NEWS_39525,3
NEWS_39526,3
NEWS_39527,3
NEWS_39528,5
NEWS_39529,5
NEWS_39530,2
NEWS_39531,4
NEWS_39532,2
NEWS_39533,4
NEWS_39534,5
NEWS_39535,1
NEWS_39536,2
NEWS_39537,4
NEWS_39538,5
NEWS_39539,5
NEWS_39540,2
NEWS_39541,1
NEWS_39542,1
NEWS_39543,4
NEWS_39544,2
NEWS_39545,5
NEWS_39546,4
NEWS_39547,1
NEWS_39548,4
NEWS_39549,2
NEWS_39550,3
NEWS_39551,4
NEWS_39552,4
NEWS_39553,1
NEWS_39554,1
NEWS_39555,4
NEWS_39556,4
NEWS_39557,4
NEWS_39558,4
NEWS_39559,5
NEWS_39560,4
NEWS_39561,2
NEWS_39562,3
NEWS_39563,1
NEWS_39564,3
NEWS_39565,4
NEWS_39566,4
NEWS_39567,1
NEWS_39568,4
NEWS_39569,4
NEWS_39570,1
NEWS_39571,1
NEWS_39572,4
NEWS_39573,3
NEWS_39574,5
NEWS_39575,4
NEWS_39576,4
NEWS_39577,4
NEWS_39578,2
NEWS_39579,4
NEWS_39580,2
NEWS_39581,3
NEWS_39582,3
NEWS_39583,0
NEWS_39584,4
NEWS_39585,2
NEWS_39586,1
NEWS_39587,4
NEWS_39588,5
NEWS_39589,1
NEWS_39590,4
NEWS_39591,0
NEWS_39592,3
NEWS_39593,4
NEWS_39594,3
NEWS_39595,0
NEWS_39596,3
NEWS_39597,3
NEWS_39598,2
NEWS_39599,3
NEWS_39600,3
NEWS_39601,1
NEWS_39602,3
NEWS_39603,1
NEWS_39604,4
NEWS_39605,0
NEWS_39606,4
NEWS_39607,4
NEWS_39608,4
NEWS_39609,2
NEWS_39610,3
NEWS_39611,2
NEWS_39612,4
NEWS_39613,3
NEWS_39614,3
NEWS_39615,3
NEWS_39616,1
NEWS_39617,1
NEWS_39618,1
NEWS_39619,5
NEWS_39620,4
NEWS_39621,0
NEWS_39622,3
NEWS_39623,1
NEWS_39624,1
NEWS_39625,1
NEWS_39626,1
NEWS_39627,4
NEWS_39628,3
NEWS_39629,3
NEWS_39630,3
NEWS_39631,1
NEWS_39632,5
NEWS_39633,4
NEWS_39634,1
NEWS_39635,1
NEWS_39636,3
NEWS_39637,4
NEWS_39638,2
NEWS_39639,4
NEWS_39640,4
NEWS_39641,4
NEWS_39642,3
NEWS_39643,4
NEWS_39644,2
NEWS_39645,3
NEWS_39646,4
NEWS_39647,2
NEWS_39648,1
NEWS_39649,3
NEWS_39650,1
NEWS_39651,1
NEWS_39652,1
NEWS_39653,3
NEWS_39654,4
NEWS_39655,2
NEWS_39656,4
NEWS_39657,5
NEWS_39658,2
NEWS_39659,4
NEWS_39660,4
NEWS_39661,4
NEWS_39662,2
NEWS_39663,4
NEWS_39664,1
NEWS_39665,4
NEWS_39666,1
NEWS_39667,1
NEWS_39668,4
NEWS_39669,1
NEWS_39670,4
NEWS_39671,0
NEWS_39672,4
NEWS_39673,2
NEWS_39674,1
NEWS_39675,2
NEWS_39676,1
NEWS_39677,4
NEWS_39678,1
NEWS_39679,2
NEWS_39680,4
NEWS_39681,5
NEWS_39682,2
NEWS_39683,2
NEWS_39684,3
NEWS_39685,4
NEWS_39686,2
NEWS_39687,2
NEWS_39688,2
NEWS_39689,4
NEWS_39690,4
NEWS_39691,4
NEWS_39692,3
NEWS_39693,4
NEWS_39694,3
NEWS_39695,5
NEWS_39696,0
NEWS_39697,1
NEWS_39698,2
NEWS_39699,4
NEWS_39700,1
NEWS_39701,3
NEWS_39702,1
NEWS_39703,4
NEWS_39704,4
NEWS_39705,1
NEWS_39706,5
NEWS_39707,3
NEWS_39708,4
NEWS_39709,5
NEWS_39710,4
NEWS_39711,2
NEWS_39712,0
NEWS_39713,1
NEWS_39714,4
NEWS_39715,3
NEWS_39716,2
NEWS_39717,2
NEWS_39718,1
NEWS_39719,1
NEWS_39720,1
NEWS_39721,4
NEWS_39722,3
NEWS_39723,4
NEWS_39724,4
NEWS_39725,4
NEWS_39726,5
NEWS_39727,0
NEWS_39728,4
NEWS_39729,1
NEWS_39730,3
NEWS_39731,3
NEWS_39732,3
NEWS_39733,4
NEWS_39734,5
NEWS_39735,4
NEWS_39736,1
NEWS_39737,5
NEWS_39738,1
NEWS_39739,1
NEWS_39740,3
NEWS_39741,4
NEWS_39742,3
NEWS_39743,2
NEWS_39744,4
NEWS_39745,5
NEWS_39746,5
NEWS_39747,4
NEWS_39748,3
NEWS_39749,4
NEWS_39750,5
NEWS_39751,3
NEWS_39752,1
NEWS_39753,5
NEWS_39754,3
NEWS_39755,0
NEWS_39756,5
NEWS_39757,4
NEWS_39758,3
NEWS_39759,2
NEWS_39760,1
NEWS_39761,2
NEWS_39762,4
NEWS_39763,4
NEWS_39764,3
NEWS_39765,2
NEWS_39766,4
NEWS_39767,2
NEWS_39768,1
NEWS_39769,0
NEWS_39770,0
NEWS_39771,2
NEWS_39772,3
NEWS_39773,1
NEWS_39774,5
NEWS_39775,1
NEWS_39776,5
NEWS_39777,1
NEWS_39778,3
NEWS_39779,3
NEWS_39780,2
NEWS_39781,5
NEWS_39782,4
NEWS_39783,2
NEWS_39784,5
NEWS_39785,3
NEWS_39786,3
NEWS_39787,3
NEWS_39788,2
NEWS_39789,3
NEWS_39790,4
NEWS_39791,1
NEWS_39792,4
NEWS_39793,3
NEWS_39794,4
NEWS_39795,3
NEWS_39796,3
NEWS_39797,4
NEWS_39798,4
NEWS_39799,5
NEWS_39800,5
NEWS_39801,4
NEWS_39802,0
NEWS_39803,1
NEWS_39804,1
NEWS_39805,2
NEWS_39806,1
NEWS_39807,5
NEWS_39808,5
NEWS_39809,4
NEWS_39810,4
NEWS_39811,4
NEWS_39812,0
NEWS_39813,5
NEWS_39814,3
NEWS_39815,3
NEWS_39816,2
NEWS_39817,0
NEWS_39818,0
NEWS_39819,4
NEWS_39820,4
NEWS_39821,4
NEWS_39822,2
NEWS_39823,2
NEWS_39824,4
NEWS_39825,1
NEWS_39826,3
NEWS_39827,1
NEWS_39828,4
NEWS_39829,4
NEWS_39830,4
NEWS_39831,3
NEWS_39832,4
NEWS_39833,1
NEWS_39834,3
NEWS_39835,4
NEWS_39836,1
NEWS_39837,1
NEWS_39838,5
NEWS_39839,1
NEWS_39840,3
NEWS_39841,2
NEWS_39842,5
NEWS_39843,1
NEWS_39844,4
NEWS_39845,4
NEWS_39846,1
NEWS_39847,4
NEWS_39848,2
NEWS_39849,1
NEWS_39850,2
NEWS_39851,4
NEWS_39852,4
NEWS_39853,1
NEWS_39854,5
NEWS_39855,1
NEWS_39856,4
NEWS_39857,4
NEWS_39858,4
NEWS_39859,4
NEWS_39860,4
NEWS_39861,2
NEWS_39862,1
NEWS_39863,4
NEWS_39864,1
NEWS_39865,1
NEWS_39866,2
NEWS_39867,5
NEWS_39868,5
NEWS_39869,3
NEWS_39870,4
NEWS_39871,4
NEWS_39872,4
NEWS_39873,3
NEWS_39874,4
NEWS_39875,4
NEWS_39876,4
NEWS_39877,4
NEWS_39878,3
NEWS_39879,3
NEWS_39880,3
NEWS_39881,5
NEWS_39882,3
NEWS_39883,1
NEWS_39884,2
NEWS_39885,3
NEWS_39886,4
NEWS_39887,4
NEWS_39888,4
NEWS_39889,4
NEWS_39890,2
NEWS_39891,1
NEWS_39892,1
NEWS_39893,4
NEWS_39894,4
NEWS_39895,3
NEWS_39896,2
NEWS_39897,2
NEWS_39898,1
NEWS_39899,1
NEWS_39900,3
NEWS_39901,4
NEWS_39902,0
NEWS_39903,5
NEWS_39904,0
NEWS_39905,2
NEWS_39906,3
NEWS_39907,4
NEWS_39908,3
NEWS_39909,2
NEWS_39910,0
NEWS_39911,3
NEWS_39912,4
NEWS_39913,5
NEWS_39914,1
NEWS_39915,1
NEWS_39916,3
NEWS_39917,4
NEWS_39918,3
NEWS_39919,3
NEWS_39920,3
NEWS_39921,4
NEWS_39922,4
NEWS_39923,5
NEWS_39924,5
NEWS_39925,0
NEWS_39926,3
NEWS_39927,1
NEWS_39928,4
NEWS_39929,5
NEWS_39930,4
NEWS_39931,3
NEWS_39932,1
NEWS_39933,3
NEWS_39934,1
NEWS_39935,1
NEWS_39936,4
NEWS_39937,4
NEWS_39938,1
NEWS_39939,3
NEWS_39940,4
NEWS_39941,5
NEWS_39942,3
NEWS_39943,5
NEWS_39944,1
NEWS_39945,4
NEWS_39946,3
NEWS_39947,3
NEWS_39948,1
NEWS_39949,2
NEWS_39950,2
NEWS_39951,1
NEWS_39952,2
NEWS_39953,1
NEWS_39954,5
NEWS_39955,4
NEWS_39956,2
NEWS_39957,4
NEWS_39958,4
NEWS_39959,1
NEWS_39960,0
NEWS_39961,3
NEWS_39962,1
NEWS_39963,1
NEWS_39964,1
NEWS_39965,2
NEWS_39966,1
NEWS_39967,2
NEWS_39968,4
NEWS_39969,3
NEWS_39970,4
NEWS_39971,5
NEWS_39972,2
NEWS_39973,1
NEWS_39974,1
NEWS_39975,4
NEWS_39976,1
NEWS_39977,4
NEWS_39978,1
NEWS_39979,4
NEWS_39980,2
NEWS_39981,4
NEWS_39982,4
NEWS_39983,1
NEWS_39984,2
NEWS_39985,2
NEWS_39986,0
NEWS_39987,4
NEWS_39988,1
NEWS_39989,4
NEWS_39990,4
NEWS_39991,4
NEWS_39992,2
NEWS_39993,2
NEWS_39994,0
NEWS_39995,5
NEWS_39996,4
NEWS_39997,5
NEWS_39998,1
NEWS_39999,4
NEWS_40000,0
NEWS_40001,1
NEWS_40002,0
NEWS_40003,3
NEWS_40004,3
NEWS_40005,1
NEWS_40006,3
NEWS_40007,4
NEWS_40008,3
NEWS_40009,0
NEWS_40010,4
NEWS_40011,4
NEWS_40012,4
NEWS_40013,3
NEWS_40014,4
NEWS_40015,1
NEWS_40016,4
NEWS_40017,5
NEWS_40018,2
NEWS_40019,5
NEWS_40020,2
NEWS_40021,3
NEWS_40022,4
NEWS_40023,4
NEWS_40024,5
NEWS_40025,5
NEWS_40026,1
NEWS_40027,4
NEWS_40028,2
NEWS_40029,3
NEWS_40030,4
NEWS_40031,3
NEWS_40032,2
NEWS_40033,1
NEWS_40034,1
NEWS_40035,5
NEWS_40036,5
NEWS_40037,3
NEWS_40038,1
NEWS_40039,3
NEWS_40040,5
NEWS_40041,2
NEWS_40042,4
NEWS_40043,1
NEWS_40044,4
NEWS_40045,1
NEWS_40046,3
NEWS_40047,1
NEWS_40048,2
NEWS_40049,4
NEWS_40050,4
NEWS_40051,4
NEWS_40052,2
NEWS_40053,3
NEWS_40054,5
NEWS_40055,1
NEWS_40056,3
NEWS_40057,4
NEWS_40058,1
NEWS_40059,4
NEWS_40060,0
NEWS_40061,4
NEWS_40062,4
NEWS_40063,4
NEWS_40064,3
NEWS_40065,2
NEWS_40066,4
NEWS_40067,3
NEWS_40068,2
NEWS_40069,3
NEWS_40070,4
NEWS_40071,3
NEWS_40072,5
NEWS_40073,3
NEWS_40074,0
NEWS_40075,3
NEWS_40076,1
NEWS_40077,4
NEWS_40078,4
NEWS_40079,4
NEWS_40080,1
NEWS_40081,1
NEWS_40082,2
NEWS_40083,5
NEWS_40084,2
NEWS_40085,1
NEWS_40086,3
NEWS_40087,3
NEWS_40088,4
NEWS_40089,5
NEWS_40090,5
NEWS_40091,4
NEWS_40092,4
NEWS_40093,1
NEWS_40094,4
NEWS_40095,4
NEWS_40096,2
NEWS_40097,1
NEWS_40098,5
NEWS_40099,4
NEWS_40100,4
NEWS_40101,1
NEWS_40102,1
NEWS_40103,3
NEWS_40104,2
NEWS_40105,4
NEWS_40106,0
NEWS_40107,5
NEWS_40108,4
NEWS_40109,0
NEWS_40110,4
NEWS_40111,4
NEWS_40112,4
NEWS_40113,4
NEWS_40114,1
NEWS_40115,4
NEWS_40116,4
NEWS_40117,1
NEWS_40118,4
NEWS_40119,2
NEWS_40120,4
NEWS_40121,4
NEWS_40122,3
NEWS_40123,4
NEWS_40124,0
NEWS_40125,0
NEWS_40126,1
NEWS_40127,5
NEWS_40128,4
NEWS_40129,5
NEWS_40130,4
NEWS_40131,4
NEWS_40132,4
NEWS_40133,5
NEWS_40134,5
NEWS_40135,2
NEWS_40136,4
NEWS_40137,4
NEWS_40138,2
NEWS_40139,2
NEWS_40140,4
NEWS_40141,0
NEWS_40142,4
NEWS_40143,4
NEWS_40144,1
NEWS_40145,0
NEWS_40146,2
NEWS_40147,3
NEWS_40148,2
NEWS_40149,2
NEWS_40150,5
NEWS_40151,4
NEWS_40152,4
NEWS_40153,4
NEWS_40154,5
NEWS_40155,3
NEWS_40156,3
NEWS_40157,3
NEWS_40158,3
NEWS_40159,4
NEWS_40160,1
NEWS_40161,5
NEWS_40162,4
NEWS_40163,5
NEWS_40164,0
NEWS_40165,4
NEWS_40166,4
NEWS_40167,4
NEWS_40168,4
NEWS_40169,2
NEWS_40170,4
NEWS_40171,2
NEWS_40172,4
NEWS_40173,4
NEWS_40174,4
NEWS_40175,5
NEWS_40176,3
NEWS_40177,4
NEWS_40178,4
NEWS_40179,2
NEWS_40180,5
NEWS_40181,4
NEWS_40182,3
NEWS_40183,1
NEWS_40184,4
NEWS_40185,1
NEWS_40186,4
NEWS_40187,4
NEWS_40188,1
NEWS_40189,4
NEWS_40190,3
NEWS_40191,5
NEWS_40192,4
NEWS_40193,2
NEWS_40194,1
NEWS_40195,3
NEWS_40196,1
NEWS_40197,1
NEWS_40198,2
NEWS_40199,5
NEWS_40200,5
NEWS_40201,1
NEWS_40202,3
NEWS_40203,4
NEWS_40204,4
NEWS_40205,3
NEWS_40206,0
NEWS_40207,5
NEWS_40208,3
NEWS_40209,3
NEWS_40210,2
NEWS_40211,4
NEWS_40212,2
NEWS_40213,1
NEWS_40214,2
NEWS_40215,4
NEWS_40216,3
NEWS_40217,3
NEWS_40218,1
NEWS_40219,3
NEWS_40220,2
NEWS_40221,5
NEWS_40222,1
NEWS_40223,4
NEWS_40224,1
NEWS_40225,1
NEWS_40226,5
NEWS_40227,1
NEWS_40228,4
NEWS_40229,4
NEWS_40230,1
NEWS_40231,4
NEWS_40232,4
NEWS_40233,3
NEWS_40234,3
NEWS_40235,2
NEWS_40236,4
NEWS_40237,3
NEWS_40238,4
NEWS_40239,1
NEWS_40240,1
NEWS_40241,1
NEWS_40242,4
NEWS_40243,4
NEWS_40244,4
NEWS_40245,2
NEWS_40246,3
NEWS_40247,1
NEWS_40248,1
NEWS_40249,5
NEWS_40250,3
NEWS_40251,3
NEWS_40252,5
NEWS_40253,3
NEWS_40254,1
NEWS_40255,2
NEWS_40256,4
NEWS_40257,3
NEWS_40258,3
NEWS_40259,5
NEWS_40260,3
NEWS_40261,4
NEWS_40262,3
NEWS_40263,4
NEWS_40264,4
NEWS_40265,1
NEWS_40266,4
NEWS_40267,1
NEWS_40268,5
NEWS_40269,4
NEWS_40270,2
NEWS_40271,4
NEWS_40272,2
NEWS_40273,4
NEWS_40274,4
NEWS_40275,4
NEWS_40276,3
NEWS_40277,4
NEWS_40278,2
NEWS_40279,4
NEWS_40280,3
NEWS_40281,1
NEWS_40282,0
NEWS_40283,4
NEWS_40284,4
NEWS_40285,4
NEWS_40286,4
NEWS_40287,4
NEWS_40288,3
NEWS_40289,4
NEWS_40290,5
NEWS_40291,3
NEWS_40292,4
NEWS_40293,1
NEWS_40294,3
NEWS_40295,4
NEWS_40296,2
NEWS_40297,2
NEWS_40298,0
NEWS_40299,1
NEWS_40300,5
NEWS_40301,0
NEWS_40302,2
NEWS_40303,1
NEWS_40304,3
NEWS_40305,1
NEWS_40306,4
NEWS_40307,1
NEWS_40308,4
NEWS_40309,3
NEWS_40310,5
NEWS_40311,4
NEWS_40312,0
NEWS_40313,1
NEWS_40314,3
NEWS_40315,3
NEWS_40316,2
NEWS_40317,5
NEWS_40318,1
NEWS_40319,1
NEWS_40320,3
NEWS_40321,5
NEWS_40322,4
NEWS_40323,2
NEWS_40324,2
NEWS_40325,4
NEWS_40326,1
NEWS_40327,4
NEWS_40328,4
NEWS_40329,2
NEWS_40330,4
NEWS_40331,0
NEWS_40332,1
NEWS_40333,1
NEWS_40334,3
NEWS_40335,4
NEWS_40336,1
NEWS_40337,2
NEWS_40338,2
NEWS_40339,3
NEWS_40340,5
NEWS_40341,4
NEWS_40342,5
NEWS_40343,0
NEWS_40344,5
NEWS_40345,5
NEWS_40346,2
NEWS_40347,3
NEWS_40348,0
NEWS_40349,3
NEWS_40350,4
NEWS_40351,4
NEWS_40352,4
NEWS_40353,1
NEWS_40354,2
NEWS_40355,1
NEWS_40356,4
NEWS_40357,3
NEWS_40358,4
NEWS_40359,4
NEWS_40360,5
NEWS_40361,4
NEWS_40362,2
NEWS_40363,4
NEWS_40364,1
NEWS_40365,5
NEWS_40366,3
NEWS_40367,4
NEWS_40368,1
NEWS_40369,4
NEWS_40370,4
NEWS_40371,2
NEWS_40372,5
NEWS_40373,1
NEWS_40374,4
NEWS_40375,4
NEWS_40376,4
NEWS_40377,2
NEWS_40378,1
NEWS_40379,1
NEWS_40380,4
NEWS_40381,3
NEWS_40382,4
NEWS_40383,3
NEWS_40384,3
NEWS_40385,2
NEWS_40386,4
NEWS_40387,1
NEWS_40388,4
NEWS_40389,4
NEWS_40390,4
NEWS_40391,1
NEWS_40392,1
NEWS_40393,5
NEWS_40394,5
NEWS_40395,3
NEWS_40396,4
NEWS_40397,3
NEWS_40398,4
NEWS_40399,2
NEWS_40400,1
NEWS_40401,4
NEWS_40402,5
NEWS_40403,3
NEWS_40404,4
NEWS_40405,5
NEWS_40406,3
NEWS_40407,5
NEWS_40408,4
NEWS_40409,1
NEWS_40410,1
NEWS_40411,2
NEWS_40412,1
NEWS_40413,2
NEWS_40414,1
NEWS_40415,5
NEWS_40416,4
NEWS_40417,3
NEWS_40418,4
NEWS_40419,3
NEWS_40420,1
NEWS_40421,2
NEWS_40422,1
NEWS_40423,3
NEWS_40424,1
NEWS_40425,2
NEWS_40426,5
NEWS_40427,1
NEWS_40428,2
NEWS_40429,2
NEWS_40430,4
NEWS_40431,2
NEWS_40432,1
NEWS_40433,1
NEWS_40434,5
NEWS_40435,2
NEWS_40436,2
NEWS_40437,1
NEWS_40438,1
NEWS_40439,1
NEWS_40440,1
NEWS_40441,0
NEWS_40442,5
NEWS_40443,5
NEWS_40444,1
NEWS_40445,3
NEWS_40446,4
NEWS_40447,4
NEWS_40448,2
NEWS_40449,3
NEWS_40450,5
NEWS_40451,5
NEWS_40452,4
NEWS_40453,5
NEWS_40454,3
NEWS_40455,1
NEWS_40456,4
NEWS_40457,5
NEWS_40458,2
NEWS_40459,1
NEWS_40460,2
NEWS_40461,3
NEWS_40462,3
NEWS_40463,4
NEWS_40464,1
NEWS_40465,1
NEWS_40466,1
NEWS_40467,4
NEWS_40468,1
NEWS_40469,0
NEWS_40470,1
NEWS_40471,4
NEWS_40472,4
NEWS_40473,4
NEWS_40474,1
NEWS_40475,4
NEWS_40476,5
NEWS_40477,4
NEWS_40478,2
NEWS_40479,3
NEWS_40480,3
NEWS_40481,5
NEWS_40482,1
NEWS_40483,4
NEWS_40484,1
NEWS_40485,5
NEWS_40486,0
NEWS_40487,2
NEWS_40488,5
NEWS_40489,1
NEWS_40490,1
NEWS_40491,3
NEWS_40492,3
NEWS_40493,4
NEWS_40494,2
NEWS_40495,1
NEWS_40496,2
NEWS_40497,3
NEWS_40498,1
NEWS_40499,4
NEWS_40500,2
NEWS_40501,1
NEWS_40502,0
NEWS_40503,3
NEWS_40504,2
NEWS_40505,4
NEWS_40506,1
NEWS_40507,1
NEWS_40508,3
NEWS_40509,5
NEWS_40510,4
NEWS_40511,2
NEWS_40512,1
NEWS_40513,1
NEWS_40514,4
NEWS_40515,5
NEWS_40516,1
NEWS_40517,4
NEWS_40518,3
NEWS_40519,3
NEWS_40520,1
NEWS_40521,1
NEWS_40522,1
NEWS_40523,4
NEWS_40524,3
NEWS_40525,5
NEWS_40526,4
NEWS_40527,1
NEWS_40528,4
NEWS_40529,3
NEWS_40530,4
NEWS_40531,2
NEWS_40532,3
NEWS_40533,1
NEWS_40534,2
NEWS_40535,0
NEWS_40536,1
NEWS_40537,3
NEWS_40538,3
NEWS_40539,1
NEWS_40540,5
NEWS_40541,4
NEWS_40542,1
NEWS_40543,1
NEWS_40544,4
NEWS_40545,4
NEWS_40546,1
NEWS_40547,3
NEWS_40548,2
NEWS_40549,2
NEWS_40550,2
NEWS_40551,4
NEWS_40552,3
NEWS_40553,2
NEWS_40554,1
NEWS_40555,3
NEWS_40556,5
NEWS_40557,5
NEWS_40558,5
NEWS_40559,1
NEWS_40560,1
NEWS_40561,2
NEWS_40562,3
NEWS_40563,4
NEWS_40564,4
NEWS_40565,4
NEWS_40566,4
NEWS_40567,2
NEWS_40568,5
NEWS_40569,4
NEWS_40570,3
NEWS_40571,2
NEWS_40572,0
NEWS_40573,3
NEWS_40574,5
NEWS_40575,1
NEWS_40576,1
NEWS_40577,4
NEWS_40578,4
NEWS_40579,1
NEWS_40580,4
NEWS_40581,4
NEWS_40582,4
NEWS_40583,1
NEWS_40584,4
NEWS_40585,4
NEWS_40586,5
NEWS_40587,2
NEWS_40588,4
NEWS_40589,4
NEWS_40590,4
NEWS_40591,4
NEWS_40592,2
NEWS_40593,4
NEWS_40594,1
NEWS_40595,5
NEWS_40596,5
NEWS_40597,5
NEWS_40598,5
NEWS_40599,5
NEWS_40600,4
NEWS_40601,1
NEWS_40602,5
NEWS_40603,5
NEWS_40604,1
NEWS_40605,1
NEWS_40606,1
NEWS_40607,1
NEWS_40608,3
NEWS_40609,5
NEWS_40610,3
NEWS_40611,3
NEWS_40612,3
NEWS_40613,4
NEWS_40614,4
NEWS_40615,4
NEWS_40616,1
NEWS_40617,4
NEWS_40618,4
NEWS_40619,1
NEWS_40620,1
NEWS_40621,1
NEWS_40622,5
NEWS_40623,1
NEWS_40624,1
NEWS_40625,3
NEWS_40626,3
NEWS_40627,4
NEWS_40628,4
NEWS_40629,5
NEWS_40630,5
NEWS_40631,4
NEWS_40632,5
NEWS_40633,4
NEWS_40634,2
NEWS_40635,2
NEWS_40636,3
NEWS_40637,4
NEWS_40638,2
NEWS_40639,4
NEWS_40640,1
NEWS_40641,0
NEWS_40642,5
NEWS_40643,1
NEWS_40644,0
NEWS_40645,3
NEWS_40646,3
NEWS_40647,4
NEWS_40648,2
NEWS_40649,5
NEWS_40650,5
NEWS_40651,4
NEWS_40652,2
NEWS_40653,4
NEWS_40654,1
NEWS_40655,3
NEWS_40656,5
NEWS_40657,4
NEWS_40658,1
NEWS_40659,4
NEWS_40660,4
NEWS_40661,2
NEWS_40662,3
NEWS_40663,4
NEWS_40664,4
NEWS_40665,3
NEWS_40666,3
NEWS_40667,0
NEWS_40668,4
NEWS_40669,2
NEWS_40670,2
NEWS_40671,4
NEWS_40672,4
NEWS_40673,4
NEWS_40674,5
NEWS_40675,2
NEWS_40676,4
NEWS_40677,1
NEWS_40678,0
NEWS_40679,2
NEWS_40680,0
NEWS_40681,2
NEWS_40682,2
NEWS_40683,3
NEWS_40684,1
NEWS_40685,4
NEWS_40686,4
NEWS_40687,3
NEWS_40688,4
NEWS_40689,2
NEWS_40690,2
NEWS_40691,1
NEWS_40692,2
NEWS_40693,5
NEWS_40694,2
NEWS_40695,4
NEWS_40696,4
NEWS_40697,2
NEWS_40698,5
NEWS_40699,4
NEWS_40700,1
NEWS_40701,4
NEWS_40702,1
NEWS_40703,1
NEWS_40704,4
NEWS_40705,4
NEWS_40706,3
NEWS_40707,4
NEWS_40708,4
NEWS_40709,1
NEWS_40710,1
NEWS_40711,4
NEWS_40712,1
NEWS_40713,4
NEWS_40714,2
NEWS_40715,1
NEWS_40716,3
NEWS_40717,3
NEWS_40718,2
NEWS_40719,1
NEWS_40720,0
NEWS_40721,4
NEWS_40722,5
NEWS_40723,1
NEWS_40724,2
NEWS_40725,1
NEWS_40726,4
NEWS_40727,4
NEWS_40728,1
NEWS_40729,2
NEWS_40730,1
NEWS_40731,1
NEWS_40732,5
NEWS_40733,4
NEWS_40734,3
NEWS_40735,4
NEWS_40736,5
NEWS_40737,3
NEWS_40738,2
NEWS_40739,1
NEWS_40740,5
NEWS_40741,5
NEWS_40742,2
NEWS_40743,4
NEWS_40744,2
NEWS_40745,3
NEWS_40746,4
NEWS_40747,2
NEWS_40748,5
NEWS_40749,4
NEWS_40750,1
NEWS_40751,3
NEWS_40752,1
NEWS_40753,5
NEWS_40754,1
NEWS_40755,3
NEWS_40756,2
NEWS_40757,4
NEWS_40758,2
NEWS_40759,1
NEWS_40760,1
NEWS_40761,3
NEWS_40762,3
NEWS_40763,1
NEWS_40764,1
NEWS_40765,2
NEWS_40766,5
NEWS_40767,2
NEWS_40768,2
NEWS_40769,5
NEWS_40770,2
NEWS_40771,3
NEWS_40772,0
NEWS_40773,2
NEWS_40774,5
NEWS_40775,3
NEWS_40776,3
NEWS_40777,5
NEWS_40778,2
NEWS_40779,3
NEWS_40780,5
NEWS_40781,3
NEWS_40782,5
NEWS_40783,5
NEWS_40784,4
NEWS_40785,4
NEWS_40786,5
NEWS_40787,4
NEWS_40788,2
NEWS_40789,1
NEWS_40790,3
NEWS_40791,5
NEWS_40792,5
NEWS_40793,2
NEWS_40794,4
NEWS_40795,2
NEWS_40796,4
NEWS_40797,2
NEWS_40798,3
NEWS_40799,4
NEWS_40800,4
NEWS_40801,0
NEWS_40802,1
NEWS_40803,2
NEWS_40804,4
NEWS_40805,1
NEWS_40806,1
NEWS_40807,1
NEWS_40808,3
NEWS_40809,2
NEWS_40810,2
NEWS_40811,1
NEWS_40812,1
NEWS_40813,3
NEWS_40814,5
NEWS_40815,4
NEWS_40816,0
NEWS_40817,0
NEWS_40818,1
NEWS_40819,4
NEWS_40820,4
NEWS_40821,3
NEWS_40822,2
NEWS_40823,4
NEWS_40824,4
NEWS_40825,1
NEWS_40826,1
NEWS_40827,5
NEWS_40828,1
NEWS_40829,5
NEWS_40830,5
NEWS_40831,5
NEWS_40832,5
NEWS_40833,4
NEWS_40834,4
NEWS_40835,1
NEWS_40836,0
NEWS_40837,5
NEWS_40838,3
NEWS_40839,3
NEWS_40840,3
NEWS_40841,4
NEWS_40842,3
NEWS_40843,2
NEWS_40844,3
NEWS_40845,4
NEWS_40846,4
NEWS_40847,5
NEWS_40848,1
NEWS_40849,2
NEWS_40850,3
NEWS_40851,3
NEWS_40852,1
NEWS_40853,5
NEWS_40854,4
NEWS_40855,1
NEWS_40856,5
NEWS_40857,5
NEWS_40858,2
NEWS_40859,4
NEWS_40860,4
NEWS_40861,1
NEWS_40862,3
NEWS_40863,3
NEWS_40864,4
NEWS_40865,1
NEWS_40866,3
NEWS_40867,4
NEWS_40868,3
NEWS_40869,4
NEWS_40870,2
NEWS_40871,3
NEWS_40872,3
NEWS_40873,3
NEWS_40874,5
NEWS_40875,4
NEWS_40876,5
NEWS_40877,4
NEWS_40878,1
NEWS_40879,5
NEWS_40880,4
NEWS_40881,4
NEWS_40882,2
NEWS_40883,5
NEWS_40884,4
NEWS_40885,2
NEWS_40886,4
NEWS_40887,4
NEWS_40888,3
NEWS_40889,2
NEWS_40890,3
NEWS_40891,4
NEWS_40892,5
NEWS_40893,2
NEWS_40894,5
NEWS_40895,3
NEWS_40896,5
NEWS_40897,1
NEWS_40898,5
NEWS_40899,3
NEWS_40900,1
NEWS_40901,2
NEWS_40902,3
NEWS_40903,1
NEWS_40904,2
NEWS_40905,5
NEWS_40906,1
NEWS_40907,2
NEWS_40908,3
NEWS_40909,5
NEWS_40910,4
NEWS_40911,4
NEWS_40912,3
NEWS_40913,1
NEWS_40914,2
NEWS_40915,4
NEWS_40916,2
NEWS_40917,4
NEWS_40918,1
NEWS_40919,2
NEWS_40920,4
NEWS_40921,5
NEWS_40922,3
NEWS_40923,0
NEWS_40924,1
NEWS_40925,5
NEWS_40926,3
NEWS_40927,4
NEWS_40928,4
NEWS_40929,3
NEWS_40930,1
NEWS_40931,4
NEWS_40932,4
NEWS_40933,5
NEWS_40934,3
NEWS_40935,3
NEWS_40936,2
NEWS_40937,5
NEWS_40938,2
NEWS_40939,5
NEWS_40940,3
NEWS_40941,3
NEWS_40942,1
NEWS_40943,1
NEWS_40944,5
NEWS_40945,0
NEWS_40946,1
NEWS_40947,0
NEWS_40948,4
NEWS_40949,4
NEWS_40950,3
NEWS_40951,2
NEWS_40952,5
NEWS_40953,4
NEWS_40954,1
NEWS_40955,1
NEWS_40956,4
NEWS_40957,1
NEWS_40958,4
NEWS_40959,0
NEWS_40960,3
NEWS_40961,3
NEWS_40962,4
NEWS_40963,4
NEWS_40964,4
NEWS_40965,5
NEWS_40966,0
NEWS_40967,5
NEWS_40968,4
NEWS_40969,3
NEWS_40970,3
NEWS_40971,1
NEWS_40972,4
NEWS_40973,4
NEWS_40974,1
NEWS_40975,3
NEWS_40976,1
NEWS_40977,4
NEWS_40978,4
NEWS_40979,5
NEWS_40980,0
NEWS_40981,3
NEWS_40982,4
NEWS_40983,3
NEWS_40984,4
NEWS_40985,2
NEWS_40986,4
NEWS_40987,2
NEWS_40988,2
NEWS_40989,4
NEWS_40990,4
NEWS_40991,2
NEWS_40992,4
NEWS_40993,4
NEWS_40994,5
NEWS_40995,3
NEWS_40996,4
NEWS_40997,4
NEWS_40998,5
NEWS_40999,1
NEWS_41000,1
NEWS_41001,5
NEWS_41002,3
NEWS_41003,1
NEWS_41004,0
NEWS_41005,3
NEWS_41006,5
NEWS_41007,2
NEWS_41008,4
NEWS_41009,2
NEWS_41010,2
NEWS_41011,4
NEWS_41012,2
NEWS_41013,4
NEWS_41014,2
NEWS_41015,4
NEWS_41016,4
NEWS_41017,5
NEWS_41018,3
NEWS_41019,4
NEWS_41020,1
NEWS_41021,4
NEWS_41022,1
NEWS_41023,4
NEWS_41024,4
NEWS_41025,2
NEWS_41026,2
NEWS_41027,4
NEWS_41028,3
NEWS_41029,4
NEWS_41030,4
NEWS_41031,3
NEWS_41032,4
NEWS_41033,4
NEWS_41034,5
NEWS_41035,4
NEWS_41036,5
NEWS_41037,3
NEWS_41038,3
NEWS_41039,5
NEWS_41040,4
NEWS_41041,4
NEWS_41042,1
NEWS_41043,4
NEWS_41044,5
NEWS_41045,4
NEWS_41046,2
NEWS_41047,2
NEWS_41048,5
NEWS_41049,5
NEWS_41050,4
NEWS_41051,4
NEWS_41052,2
NEWS_41053,5
NEWS_41054,3
NEWS_41055,4
NEWS_41056,4
NEWS_41057,1
NEWS_41058,4
NEWS_41059,5
NEWS_41060,4
NEWS_41061,2
NEWS_41062,4
NEWS_41063,5
NEWS_41064,4
NEWS_41065,4
NEWS_41066,3
NEWS_41067,3
NEWS_41068,1
NEWS_41069,5
NEWS_41070,4
NEWS_41071,4
NEWS_41072,4
NEWS_41073,2
NEWS_41074,1
NEWS_41075,4
NEWS_41076,1
NEWS_41077,3
NEWS_41078,4
NEWS_41079,4
NEWS_41080,1
NEWS_41081,4
NEWS_41082,2
NEWS_41083,3
NEWS_41084,2
NEWS_41085,1
NEWS_41086,3
NEWS_41087,1
NEWS_41088,4
NEWS_41089,3
NEWS_41090,4
NEWS_41091,4
NEWS_41092,3
NEWS_41093,5
NEWS_41094,3
NEWS_41095,2
NEWS_41096,4
NEWS_41097,3
NEWS_41098,2
NEWS_41099,4
NEWS_41100,3
NEWS_41101,5
NEWS_41102,4
NEWS_41103,5
NEWS_41104,4
NEWS_41105,3
NEWS_41106,3
NEWS_41107,4
NEWS_41108,4
NEWS_41109,3
NEWS_41110,5
NEWS_41111,2
NEWS_41112,4
NEWS_41113,4
NEWS_41114,2
NEWS_41115,5
NEWS_41116,4
NEWS_41117,4
NEWS_41118,4
NEWS_41119,5
NEWS_41120,4
NEWS_41121,1
NEWS_41122,2
NEWS_41123,3
NEWS_41124,4
NEWS_41125,4
NEWS_41126,3
NEWS_41127,3
NEWS_41128,4
NEWS_41129,4
NEWS_41130,3
NEWS_41131,4
NEWS_41132,4
NEWS_41133,5
NEWS_41134,2
NEWS_41135,1
NEWS_41136,1
NEWS_41137,4
NEWS_41138,4
NEWS_41139,4
NEWS_41140,4
NEWS_41141,4
NEWS_41142,1
NEWS_41143,1
NEWS_41144,0
NEWS_41145,3
NEWS_41146,3
NEWS_41147,4
NEWS_41148,2
NEWS_41149,3
NEWS_41150,4
NEWS_41151,4
NEWS_41152,1
NEWS_41153,3
NEWS_41154,1
NEWS_41155,4
NEWS_41156,2
NEWS_41157,2
NEWS_41158,2
NEWS_41159,3
NEWS_41160,1
NEWS_41161,2
NEWS_41162,0
NEWS_41163,1
NEWS_41164,1
NEWS_41165,4
NEWS_41166,5
NEWS_41167,1
NEWS_41168,3
NEWS_41169,4
NEWS_41170,4
NEWS_41171,4
NEWS_41172,4
NEWS_41173,0
NEWS_41174,2
NEWS_41175,3
NEWS_41176,3
NEWS_41177,3
NEWS_41178,4
NEWS_41179,4
NEWS_41180,2
NEWS_41181,4
NEWS_41182,1
NEWS_41183,1
NEWS_41184,1
NEWS_41185,4
NEWS_41186,5
NEWS_41187,3
NEWS_41188,2
NEWS_41189,3
NEWS_41190,1
NEWS_41191,1
NEWS_41192,2
NEWS_41193,5
NEWS_41194,1
NEWS_41195,1
NEWS_41196,1
NEWS_41197,4
NEWS_41198,2
NEWS_41199,4
NEWS_41200,1
NEWS_41201,3
NEWS_41202,5
NEWS_41203,2
NEWS_41204,0
NEWS_41205,1
NEWS_41206,5
NEWS_41207,4
NEWS_41208,4
NEWS_41209,0
NEWS_41210,1
NEWS_41211,3
NEWS_41212,2
NEWS_41213,0
NEWS_41214,1
NEWS_41215,4
NEWS_41216,1
NEWS_41217,4
NEWS_41218,2
NEWS_41219,2
NEWS_41220,2
NEWS_41221,5
NEWS_41222,4
NEWS_41223,2
NEWS_41224,4
NEWS_41225,5
NEWS_41226,2
NEWS_41227,1
NEWS_41228,3
NEWS_41229,4
NEWS_41230,5
NEWS_41231,4
NEWS_41232,2
NEWS_41233,5
NEWS_41234,4
NEWS_41235,4
NEWS_41236,4
NEWS_41237,4
NEWS_41238,3
NEWS_41239,3
NEWS_41240,1
NEWS_41241,5
NEWS_41242,2
NEWS_41243,3
NEWS_41244,3
NEWS_41245,4
NEWS_41246,4
NEWS_41247,4
NEWS_41248,3
NEWS_41249,1
NEWS_41250,0
NEWS_41251,4
NEWS_41252,2
NEWS_41253,0
NEWS_41254,5
NEWS_41255,3
NEWS_41256,3
NEWS_41257,4
NEWS_41258,3
NEWS_41259,1
NEWS_41260,4
NEWS_41261,2
NEWS_41262,1
NEWS_41263,4
NEWS_41264,1
NEWS_41265,4
NEWS_41266,5
NEWS_41267,1
NEWS_41268,5
NEWS_41269,5
NEWS_41270,2
NEWS_41271,3
NEWS_41272,3
NEWS_41273,1
NEWS_41274,1
NEWS_41275,3
NEWS_41276,0
NEWS_41277,4
NEWS_41278,4
NEWS_41279,4
NEWS_41280,4
NEWS_41281,5
NEWS_41282,4
NEWS_41283,5
NEWS_41284,2
NEWS_41285,5
NEWS_41286,1
NEWS_41287,1
NEWS_41288,3
NEWS_41289,3
NEWS_41290,5
NEWS_41291,4
NEWS_41292,2
NEWS_41293,4
NEWS_41294,1
NEWS_41295,1
NEWS_41296,4
NEWS_41297,3
NEWS_41298,1
NEWS_41299,3
NEWS_41300,3
NEWS_41301,1
NEWS_41302,4
NEWS_41303,3
NEWS_41304,3
NEWS_41305,4
NEWS_41306,4
NEWS_41307,4
NEWS_41308,4
NEWS_41309,3
NEWS_41310,4
NEWS_41311,3
NEWS_41312,4
NEWS_41313,3
NEWS_41314,2
NEWS_41315,4
NEWS_41316,3
NEWS_41317,0
NEWS_41318,0
NEWS_41319,1
NEWS_41320,4
NEWS_41321,1
NEWS_41322,5
NEWS_41323,2
NEWS_41324,1
NEWS_41325,1
NEWS_41326,5
NEWS_41327,2
NEWS_41328,1
NEWS_41329,0
NEWS_41330,2
NEWS_41331,5
NEWS_41332,1
NEWS_41333,1
NEWS_41334,3
NEWS_41335,3
NEWS_41336,4
NEWS_41337,5
NEWS_41338,0
NEWS_41339,3
NEWS_41340,4
NEWS_41341,0
NEWS_41342,3
NEWS_41343,1
NEWS_41344,2
NEWS_41345,5
NEWS_41346,1
NEWS_41347,1
NEWS_41348,3
NEWS_41349,3
NEWS_41350,1
NEWS_41351,3
NEWS_41352,3
NEWS_41353,4
NEWS_41354,0
NEWS_41355,4
NEWS_41356,4
NEWS_41357,4
NEWS_41358,5
NEWS_41359,4
NEWS_41360,3
NEWS_41361,3
NEWS_41362,5
NEWS_41363,3
NEWS_41364,4
NEWS_41365,2
NEWS_41366,1
NEWS_41367,2
NEWS_41368,1
NEWS_41369,4
NEWS_41370,5
NEWS_41371,3
NEWS_41372,3
NEWS_41373,4
NEWS_41374,2
NEWS_41375,4
NEWS_41376,2
NEWS_41377,3
NEWS_41378,2
NEWS_41379,3
NEWS_41380,3
NEWS_41381,5
NEWS_41382,3
NEWS_41383,4
NEWS_41384,1
NEWS_41385,4
NEWS_41386,1
NEWS_41387,2
NEWS_41388,1
NEWS_41389,1
NEWS_41390,1
NEWS_41391,1
NEWS_41392,4
NEWS_41393,3
NEWS_41394,3
NEWS_41395,1
NEWS_41396,3
NEWS_41397,4
NEWS_41398,1
NEWS_41399,4
NEWS_41400,3
NEWS_41401,2
NEWS_41402,4
NEWS_41403,4
NEWS_41404,3
NEWS_41405,1
NEWS_41406,3
NEWS_41407,4
NEWS_41408,1
NEWS_41409,5
NEWS_41410,5
NEWS_41411,5
NEWS_41412,5
NEWS_41413,4
NEWS_41414,2
NEWS_41415,5
NEWS_41416,1
NEWS_41417,3
NEWS_41418,2
NEWS_41419,4
NEWS_41420,3
NEWS_41421,1
NEWS_41422,4
NEWS_41423,2
NEWS_41424,4
NEWS_41425,3
NEWS_41426,4
NEWS_41427,5
NEWS_41428,5
NEWS_41429,3
NEWS_41430,3
NEWS_41431,1
NEWS_41432,0
NEWS_41433,5
NEWS_41434,3
NEWS_41435,2
NEWS_41436,1
NEWS_41437,4
NEWS_41438,4
NEWS_41439,0
NEWS_41440,3
NEWS_41441,3
NEWS_41442,2
NEWS_41443,1
NEWS_41444,1
NEWS_41445,5
NEWS_41446,1
NEWS_41447,4
NEWS_41448,1
NEWS_41449,3
NEWS_41450,2
NEWS_41451,3
NEWS_41452,2
NEWS_41453,4
NEWS_41454,4
NEWS_41455,1
NEWS_41456,2
NEWS_41457,3
NEWS_41458,5
NEWS_41459,3
NEWS_41460,4
NEWS_41461,4
NEWS_41462,5
NEWS_41463,5
NEWS_41464,3
NEWS_41465,1
NEWS_41466,4
NEWS_41467,2
NEWS_41468,4
NEWS_41469,2
NEWS_41470,4
NEWS_41471,0
NEWS_41472,0
NEWS_41473,2
NEWS_41474,5
NEWS_41475,2
NEWS_41476,3
NEWS_41477,5
NEWS_41478,4
NEWS_41479,1
NEWS_41480,4
NEWS_41481,5
NEWS_41482,5
NEWS_41483,2
NEWS_41484,3
NEWS_41485,3
NEWS_41486,1
NEWS_41487,2
NEWS_41488,1
NEWS_41489,5
NEWS_41490,4
NEWS_41491,3
NEWS_41492,2
NEWS_41493,1
NEWS_41494,4
NEWS_41495,4
NEWS_41496,0
NEWS_41497,5
NEWS_41498,3
NEWS_41499,2
NEWS_41500,3
NEWS_41501,5
NEWS_41502,4
NEWS_41503,1
NEWS_41504,3
NEWS_41505,4
NEWS_41506,4
NEWS_41507,1
NEWS_41508,4
NEWS_41509,4
NEWS_41510,4
NEWS_41511,4
NEWS_41512,3
NEWS_41513,1
NEWS_41514,5
NEWS_41515,3
NEWS_41516,3
NEWS_41517,1
NEWS_41518,2
NEWS_41519,1
NEWS_41520,2
NEWS_41521,4
NEWS_41522,1
NEWS_41523,2
NEWS_41524,3
NEWS_41525,3
NEWS_41526,5
NEWS_41527,4
NEWS_41528,1
NEWS_41529,4
NEWS_41530,4
NEWS_41531,4
NEWS_41532,4
NEWS_41533,4
NEWS_41534,1
NEWS_41535,1
NEWS_41536,4
NEWS_41537,4
NEWS_41538,4
NEWS_41539,4
NEWS_41540,4
NEWS_41541,2
NEWS_41542,5
NEWS_41543,0
NEWS_41544,4
NEWS_41545,2
NEWS_41546,5
NEWS_41547,5
NEWS_41548,4
NEWS_41549,2
NEWS_41550,5
NEWS_41551,4
NEWS_41552,1
NEWS_41553,1
NEWS_41554,2
NEWS_41555,4
NEWS_41556,1
NEWS_41557,4
NEWS_41558,1
NEWS_41559,1
NEWS_41560,1
NEWS_41561,4
NEWS_41562,1
NEWS_41563,4
NEWS_41564,2
NEWS_41565,3
NEWS_41566,3
NEWS_41567,5
NEWS_41568,1
NEWS_41569,2
NEWS_41570,4
NEWS_41571,2
NEWS_41572,5
NEWS_41573,2
NEWS_41574,3
NEWS_41575,5
NEWS_41576,5
NEWS_41577,2
NEWS_41578,4
NEWS_41579,1
NEWS_41580,4
NEWS_41581,4
NEWS_41582,2
NEWS_41583,2
NEWS_41584,4
NEWS_41585,5
NEWS_41586,4
NEWS_41587,3
NEWS_41588,4
NEWS_41589,1
NEWS_41590,1
NEWS_41591,2
NEWS_41592,2
NEWS_41593,1
NEWS_41594,2
NEWS_41595,1
NEWS_41596,2
NEWS_41597,2
NEWS_41598,2
NEWS_41599,5
NEWS_41600,2
NEWS_41601,2
NEWS_41602,2
NEWS_41603,4
NEWS_41604,4
NEWS_41605,5
NEWS_41606,1
NEWS_41607,3
NEWS_41608,3
NEWS_41609,4
NEWS_41610,4
NEWS_41611,5
NEWS_41612,3
NEWS_41613,3
NEWS_41614,5
NEWS_41615,1
NEWS_41616,3
NEWS_41617,1
NEWS_41618,4
NEWS_41619,1
NEWS_41620,2
NEWS_41621,2
NEWS_41622,3
NEWS_41623,1
NEWS_41624,1
NEWS_41625,0
NEWS_41626,5
NEWS_41627,2
NEWS_41628,4
NEWS_41629,1
NEWS_41630,1
NEWS_41631,0
NEWS_41632,5
NEWS_41633,1
NEWS_41634,4
NEWS_41635,1
NEWS_41636,0
NEWS_41637,1
NEWS_41638,0
NEWS_41639,1
NEWS_41640,4
NEWS_41641,5
NEWS_41642,3
NEWS_41643,3
NEWS_41644,2
NEWS_41645,5
NEWS_41646,3
NEWS_41647,1
NEWS_41648,5
NEWS_41649,3
NEWS_41650,1
NEWS_41651,4
NEWS_41652,3
NEWS_41653,4
NEWS_41654,2
NEWS_41655,3
NEWS_41656,4
NEWS_41657,3
NEWS_41658,2
NEWS_41659,3
NEWS_41660,1
NEWS_41661,5
NEWS_41662,2
NEWS_41663,4
NEWS_41664,1
NEWS_41665,3
NEWS_41666,5
NEWS_41667,1
NEWS_41668,5
NEWS_41669,2
NEWS_41670,5
NEWS_41671,1
NEWS_41672,5
NEWS_41673,5
NEWS_41674,4
NEWS_41675,4
NEWS_41676,2
NEWS_41677,4
NEWS_41678,2
NEWS_41679,4
NEWS_41680,2
NEWS_41681,4
NEWS_41682,4
NEWS_41683,3
NEWS_41684,5
NEWS_41685,5
NEWS_41686,2
NEWS_41687,4
NEWS_41688,4
NEWS_41689,4
NEWS_41690,5
NEWS_41691,4
NEWS_41692,4
NEWS_41693,4
NEWS_41694,3
NEWS_41695,2
NEWS_41696,4
NEWS_41697,5
NEWS_41698,1
NEWS_41699,3
NEWS_41700,5
NEWS_41701,3
NEWS_41702,4
NEWS_41703,0
NEWS_41704,5
NEWS_41705,3
NEWS_41706,1
NEWS_41707,4
NEWS_41708,3
NEWS_41709,2
NEWS_41710,4
NEWS_41711,1
NEWS_41712,1
NEWS_41713,3
NEWS_41714,4
NEWS_41715,4
NEWS_41716,3
NEWS_41717,1
NEWS_41718,4
NEWS_41719,4
NEWS_41720,3
NEWS_41721,2
NEWS_41722,1
NEWS_41723,5
NEWS_41724,4
NEWS_41725,3
NEWS_41726,5
NEWS_41727,1
NEWS_41728,4
NEWS_41729,3
NEWS_41730,3
NEWS_41731,0
NEWS_41732,1
NEWS_41733,0
NEWS_41734,1
NEWS_41735,3
NEWS_41736,4
NEWS_41737,4
NEWS_41738,2
NEWS_41739,4
NEWS_41740,3
NEWS_41741,3
NEWS_41742,1
NEWS_41743,4
NEWS_41744,2
NEWS_41745,1
NEWS_41746,2
NEWS_41747,3
NEWS_41748,4
NEWS_41749,1
NEWS_41750,1
NEWS_41751,3
NEWS_41752,4
NEWS_41753,1
NEWS_41754,4
NEWS_41755,5
NEWS_41756,4
NEWS_41757,4
NEWS_41758,3
NEWS_41759,3
NEWS_41760,2
NEWS_41761,2
NEWS_41762,3
NEWS_41763,5
NEWS_41764,2
NEWS_41765,4
NEWS_41766,1
NEWS_41767,3
NEWS_41768,5
NEWS_41769,1
NEWS_41770,2
NEWS_41771,4
NEWS_41772,4
NEWS_41773,5
NEWS_41774,1
NEWS_41775,4
NEWS_41776,3
NEWS_41777,4
NEWS_41778,4
NEWS_41779,1
NEWS_41780,1
NEWS_41781,2
NEWS_41782,4
NEWS_41783,3
NEWS_41784,1
NEWS_41785,1
NEWS_41786,0
NEWS_41787,4
NEWS_41788,4
NEWS_41789,4
NEWS_41790,1
NEWS_41791,4
NEWS_41792,3
NEWS_41793,4
NEWS_41794,3
NEWS_41795,4
NEWS_41796,2
NEWS_41797,4
NEWS_41798,1
NEWS_41799,3
NEWS_41800,4
NEWS_41801,3
NEWS_41802,1
NEWS_41803,3
NEWS_41804,2
NEWS_41805,4
NEWS_41806,4
NEWS_41807,4
NEWS_41808,2
NEWS_41809,5
NEWS_41810,2
NEWS_41811,4
NEWS_41812,3
NEWS_41813,3
NEWS_41814,1
NEWS_41815,4
NEWS_41816,2
NEWS_41817,4
NEWS_41818,5
NEWS_41819,1
NEWS_41820,3
NEWS_41821,5
NEWS_41822,4
NEWS_41823,3
NEWS_41824,3
NEWS_41825,4
NEWS_41826,2
NEWS_41827,1
NEWS_41828,4
NEWS_41829,3
NEWS_41830,2
NEWS_41831,5
NEWS_41832,4
NEWS_41833,5
NEWS_41834,2
NEWS_41835,4
NEWS_41836,1
NEWS_41837,4
NEWS_41838,5
NEWS_41839,3
NEWS_41840,3
NEWS_41841,2
NEWS_41842,0
NEWS_41843,5
NEWS_41844,4
NEWS_41845,3
NEWS_41846,5
NEWS_41847,1
NEWS_41848,3
NEWS_41849,3
NEWS_41850,3
NEWS_41851,4
NEWS_41852,4
NEWS_41853,3
NEWS_41854,2
NEWS_41855,4
NEWS_41856,5
NEWS_41857,2
NEWS_41858,4
NEWS_41859,4
NEWS_41860,2
NEWS_41861,3
NEWS_41862,3
NEWS_41863,5
NEWS_41864,3
NEWS_41865,2
NEWS_41866,1
NEWS_41867,4
NEWS_41868,3
NEWS_41869,0
NEWS_41870,5
NEWS_41871,1
NEWS_41872,4
NEWS_41873,3
NEWS_41874,1
NEWS_41875,1
NEWS_41876,2
NEWS_41877,3
NEWS_41878,4
NEWS_41879,3
NEWS_41880,1
NEWS_41881,4
NEWS_41882,5
NEWS_41883,4
NEWS_41884,5
NEWS_41885,4
NEWS_41886,1
NEWS_41887,2
NEWS_41888,0
NEWS_41889,2
NEWS_41890,3
NEWS_41891,5
NEWS_41892,4
NEWS_41893,2
NEWS_41894,4
NEWS_41895,4
NEWS_41896,4
NEWS_41897,5
NEWS_41898,1
NEWS_41899,1
NEWS_41900,4
NEWS_41901,5
NEWS_41902,3
NEWS_41903,0
NEWS_41904,4
NEWS_41905,4
NEWS_41906,4
NEWS_41907,5
NEWS_41908,5
NEWS_41909,2
NEWS_41910,3
NEWS_41911,1
NEWS_41912,4
NEWS_41913,0
NEWS_41914,1
NEWS_41915,3
NEWS_41916,3
NEWS_41917,5
NEWS_41918,4
NEWS_41919,1
NEWS_41920,3
NEWS_41921,5
NEWS_41922,1
NEWS_41923,3
NEWS_41924,4
NEWS_41925,0
NEWS_41926,1
NEWS_41927,1
NEWS_41928,1
NEWS_41929,4
NEWS_41930,4
NEWS_41931,4
NEWS_41932,3
NEWS_41933,2
NEWS_41934,1
NEWS_41935,5
NEWS_41936,2
NEWS_41937,2
NEWS_41938,5
NEWS_41939,3
NEWS_41940,5
NEWS_41941,2
NEWS_41942,4
NEWS_41943,5
NEWS_41944,3
NEWS_41945,5
NEWS_41946,3
NEWS_41947,2
NEWS_41948,0
NEWS_41949,5
NEWS_41950,1
NEWS_41951,5
NEWS_41952,4
NEWS_41953,4
NEWS_41954,3
NEWS_41955,1
NEWS_41956,1
NEWS_41957,1
NEWS_41958,4
NEWS_41959,4
NEWS_41960,2
NEWS_41961,4
NEWS_41962,4
NEWS_41963,2
NEWS_41964,4
NEWS_41965,4
NEWS_41966,3
NEWS_41967,3
NEWS_41968,1
NEWS_41969,1
NEWS_41970,3
NEWS_41971,4
NEWS_41972,3
NEWS_41973,4
NEWS_41974,4
NEWS_41975,2
NEWS_41976,2
NEWS_41977,4
NEWS_41978,4
NEWS_41979,1
NEWS_41980,4
NEWS_41981,0
NEWS_41982,0
NEWS_41983,0
NEWS_41984,5
NEWS_41985,1
NEWS_41986,4
NEWS_41987,5
NEWS_41988,0
NEWS_41989,1
NEWS_41990,5
NEWS_41991,2
NEWS_41992,4
NEWS_41993,1
NEWS_41994,4
NEWS_41995,1
NEWS_41996,1
NEWS_41997,4
NEWS_41998,1
NEWS_41999,1
NEWS_42000,4
NEWS_42001,2
NEWS_42002,3
NEWS_42003,4
NEWS_42004,1
NEWS_42005,4
NEWS_42006,4
NEWS_42007,4
NEWS_42008,4
NEWS_42009,4
NEWS_42010,3
NEWS_42011,3
NEWS_42012,4
NEWS_42013,3
NEWS_42014,1
NEWS_42015,2
NEWS_42016,0
NEWS_42017,1
NEWS_42018,2
NEWS_42019,0
NEWS_42020,4
NEWS_42021,4
NEWS_42022,0
NEWS_42023,5
NEWS_42024,5
NEWS_42025,1
NEWS_42026,4
NEWS_42027,5
NEWS_42028,2
NEWS_42029,2
NEWS_42030,3
NEWS_42031,3
NEWS_42032,4
NEWS_42033,2
NEWS_42034,2
NEWS_42035,5
NEWS_42036,5
NEWS_42037,1
NEWS_42038,2
NEWS_42039,2
NEWS_42040,4
NEWS_42041,2
NEWS_42042,1
NEWS_42043,4
NEWS_42044,4
NEWS_42045,1
NEWS_42046,2
NEWS_42047,1
NEWS_42048,2
NEWS_42049,4
NEWS_42050,5
NEWS_42051,5
NEWS_42052,4
NEWS_42053,4
NEWS_42054,4
NEWS_42055,3
NEWS_42056,1
NEWS_42057,2
NEWS_42058,1
NEWS_42059,1
NEWS_42060,4
NEWS_42061,1
NEWS_42062,5
NEWS_42063,3
NEWS_42064,0
NEWS_42065,5
NEWS_42066,4
NEWS_42067,4
NEWS_42068,4
NEWS_42069,0
NEWS_42070,3
NEWS_42071,5
NEWS_42072,1
NEWS_42073,1
NEWS_42074,0
NEWS_42075,0
NEWS_42076,5
NEWS_42077,5
NEWS_42078,1
NEWS_42079,3
NEWS_42080,1
NEWS_42081,3
NEWS_42082,3
NEWS_42083,3
NEWS_42084,3
NEWS_42085,1
NEWS_42086,1
NEWS_42087,4
NEWS_42088,3
NEWS_42089,3
NEWS_42090,4
NEWS_42091,1
NEWS_42092,3
NEWS_42093,2
NEWS_42094,4
NEWS_42095,1
NEWS_42096,4
NEWS_42097,2
NEWS_42098,3
NEWS_42099,5
NEWS_42100,4
NEWS_42101,5
NEWS_42102,5
NEWS_42103,4
NEWS_42104,2
NEWS_42105,5
NEWS_42106,2
NEWS_42107,3
NEWS_42108,3
NEWS_42109,4
NEWS_42110,4
NEWS_42111,4
NEWS_42112,1
NEWS_42113,2
NEWS_42114,4
NEWS_42115,2
NEWS_42116,1
NEWS_42117,4
NEWS_42118,5
NEWS_42119,4
NEWS_42120,4
NEWS_42121,3
NEWS_42122,4
NEWS_42123,5
NEWS_42124,5
NEWS_42125,3
NEWS_42126,4
NEWS_42127,4
NEWS_42128,5
NEWS_42129,2
NEWS_42130,4
NEWS_42131,4
NEWS_42132,2
NEWS_42133,2
NEWS_42134,0
NEWS_42135,1
NEWS_42136,2
NEWS_42137,1
NEWS_42138,3
NEWS_42139,3
NEWS_42140,1
NEWS_42141,4
NEWS_42142,3
NEWS_42143,2
NEWS_42144,1
NEWS_42145,3
NEWS_42146,5
NEWS_42147,3
NEWS_42148,3
NEWS_42149,1
NEWS_42150,2
NEWS_42151,5
NEWS_42152,3
NEWS_42153,2
NEWS_42154,4
NEWS_42155,2
NEWS_42156,2
NEWS_42157,3
NEWS_42158,4
NEWS_42159,0
NEWS_42160,0
NEWS_42161,2
NEWS_42162,1
NEWS_42163,4
NEWS_42164,5
NEWS_42165,5
NEWS_42166,1
NEWS_42167,3
NEWS_42168,4
NEWS_42169,1
NEWS_42170,4
NEWS_42171,3
NEWS_42172,4
NEWS_42173,1
NEWS_42174,3
NEWS_42175,4
NEWS_42176,4
NEWS_42177,3
NEWS_42178,3
NEWS_42179,4
NEWS_42180,1
NEWS_42181,3
NEWS_42182,2
NEWS_42183,4
NEWS_42184,1
NEWS_42185,1
NEWS_42186,4
NEWS_42187,5
NEWS_42188,2
NEWS_42189,3
NEWS_42190,1
NEWS_42191,4
NEWS_42192,1
NEWS_42193,4
NEWS_42194,2
NEWS_42195,4
NEWS_42196,2
NEWS_42197,4
NEWS_42198,5
NEWS_42199,4
NEWS_42200,4
NEWS_42201,1
NEWS_42202,3
NEWS_42203,4
NEWS_42204,5
NEWS_42205,5
NEWS_42206,5
NEWS_42207,4
NEWS_42208,4
NEWS_42209,1
NEWS_42210,4
NEWS_42211,1
NEWS_42212,2
NEWS_42213,1
NEWS_42214,2
NEWS_42215,4
NEWS_42216,5
NEWS_42217,3
NEWS_42218,4
NEWS_42219,1
NEWS_42220,3
NEWS_42221,3
NEWS_42222,2
NEWS_42223,1
NEWS_42224,2
NEWS_42225,3
NEWS_42226,4
NEWS_42227,4
NEWS_42228,5
NEWS_42229,3
NEWS_42230,3
NEWS_42231,2
NEWS_42232,4
NEWS_42233,4
NEWS_42234,2
NEWS_42235,1
NEWS_42236,1
NEWS_42237,1
NEWS_42238,2
NEWS_42239,3
NEWS_42240,1
NEWS_42241,3
NEWS_42242,5
NEWS_42243,4
NEWS_42244,0
NEWS_42245,4
NEWS_42246,3
NEWS_42247,5
NEWS_42248,4
NEWS_42249,3
NEWS_42250,1
NEWS_42251,1
NEWS_42252,4
NEWS_42253,4
NEWS_42254,4
NEWS_42255,3
NEWS_42256,4
NEWS_42257,4
NEWS_42258,4
NEWS_42259,1
NEWS_42260,0
NEWS_42261,2
NEWS_42262,3
NEWS_42263,4
NEWS_42264,3
NEWS_42265,3
NEWS_42266,1
NEWS_42267,4
NEWS_42268,4
NEWS_42269,5
NEWS_42270,2
NEWS_42271,4
NEWS_42272,4
NEWS_42273,3
NEWS_42274,3
NEWS_42275,3
NEWS_42276,5
NEWS_42277,3
NEWS_42278,5
NEWS_42279,0
NEWS_42280,1
NEWS_42281,3
NEWS_42282,5
NEWS_42283,1
NEWS_42284,4
NEWS_42285,4
NEWS_42286,4
NEWS_42287,4
NEWS_42288,3
NEWS_42289,2
NEWS_42290,4
NEWS_42291,2
NEWS_42292,4
NEWS_42293,1
NEWS_42294,4
NEWS_42295,4
NEWS_42296,5
NEWS_42297,4
NEWS_42298,3
NEWS_42299,1
NEWS_42300,0
NEWS_42301,2
NEWS_42302,2
NEWS_42303,1
NEWS_42304,1
NEWS_42305,0
NEWS_42306,3
NEWS_42307,2
NEWS_42308,4
NEWS_42309,4
NEWS_42310,5
NEWS_42311,3
NEWS_42312,5
NEWS_42313,5
NEWS_42314,3
NEWS_42315,1
NEWS_42316,1
NEWS_42317,4
NEWS_42318,2
NEWS_42319,4
NEWS_42320,4
NEWS_42321,4
NEWS_42322,3
NEWS_42323,4
NEWS_42324,3
NEWS_42325,5
NEWS_42326,3
NEWS_42327,1
NEWS_42328,0
NEWS_42329,0
NEWS_42330,3
NEWS_42331,2
NEWS_42332,1
NEWS_42333,3
NEWS_42334,4
NEWS_42335,4
NEWS_42336,4
NEWS_42337,2
NEWS_42338,4
NEWS_42339,4
NEWS_42340,1
NEWS_42341,4
NEWS_42342,4
NEWS_42343,3
NEWS_42344,1
NEWS_42345,3
NEWS_42346,1
NEWS_42347,1
NEWS_42348,4
NEWS_42349,5
NEWS_42350,1
NEWS_42351,1
NEWS_42352,3
NEWS_42353,0
NEWS_42354,4
NEWS_42355,3
NEWS_42356,2
NEWS_42357,4
NEWS_42358,4
NEWS_42359,3
NEWS_42360,4
NEWS_42361,2
NEWS_42362,3
NEWS_42363,5
NEWS_42364,2
NEWS_42365,4
NEWS_42366,4
NEWS_42367,2
NEWS_42368,3
NEWS_42369,2
NEWS_42370,5
NEWS_42371,4
NEWS_42372,2
NEWS_42373,1
NEWS_42374,3
NEWS_42375,5
NEWS_42376,3
NEWS_42377,5
NEWS_42378,4
NEWS_42379,4
NEWS_42380,0
NEWS_42381,1
NEWS_42382,1
NEWS_42383,5
NEWS_42384,0
NEWS_42385,2
NEWS_42386,1
NEWS_42387,3
NEWS_42388,3
NEWS_42389,1
NEWS_42390,1
NEWS_42391,4
NEWS_42392,2
NEWS_42393,0
NEWS_42394,2
NEWS_42395,2
NEWS_42396,4
NEWS_42397,4
NEWS_42398,5
NEWS_42399,2
NEWS_42400,4
NEWS_42401,1
NEWS_42402,3
NEWS_42403,1
NEWS_42404,2
NEWS_42405,4
NEWS_42406,5
NEWS_42407,0
NEWS_42408,2
NEWS_42409,4
NEWS_42410,4
NEWS_42411,4
NEWS_42412,3
NEWS_42413,1
NEWS_42414,0
NEWS_42415,1
NEWS_42416,1
NEWS_42417,3
NEWS_42418,2
NEWS_42419,4
NEWS_42420,4
NEWS_42421,0
NEWS_42422,1
NEWS_42423,5
NEWS_42424,3
NEWS_42425,4
NEWS_42426,3
NEWS_42427,5
NEWS_42428,5
NEWS_42429,5
NEWS_42430,4
NEWS_42431,2
NEWS_42432,4
NEWS_42433,5
NEWS_42434,4
NEWS_42435,0
NEWS_42436,1
NEWS_42437,2
NEWS_42438,3
NEWS_42439,4
NEWS_42440,4
NEWS_42441,5
NEWS_42442,5
NEWS_42443,4
NEWS_42444,4
NEWS_42445,4
NEWS_42446,4
NEWS_42447,0
NEWS_42448,1
NEWS_42449,2
NEWS_42450,2
NEWS_42451,5
NEWS_42452,0
NEWS_42453,2
NEWS_42454,1
NEWS_42455,1
NEWS_42456,4
NEWS_42457,2
NEWS_42458,1
NEWS_42459,5
NEWS_42460,2
NEWS_42461,2
NEWS_42462,2
NEWS_42463,4
NEWS_42464,3
NEWS_42465,4
NEWS_42466,4
NEWS_42467,2
NEWS_42468,4
NEWS_42469,5
NEWS_42470,4
NEWS_42471,5
NEWS_42472,1
NEWS_42473,2
NEWS_42474,1
NEWS_42475,5
NEWS_42476,5
NEWS_42477,5
NEWS_42478,2
NEWS_42479,4
NEWS_42480,1
NEWS_42481,0
NEWS_42482,3
NEWS_42483,3
NEWS_42484,5
NEWS_42485,4
NEWS_42486,3
NEWS_42487,1
NEWS_42488,2
NEWS_42489,4
NEWS_42490,1
NEWS_42491,2
NEWS_42492,2
NEWS_42493,2
NEWS_42494,2
NEWS_42495,0
NEWS_42496,3
NEWS_42497,4
NEWS_42498,4
NEWS_42499,4
NEWS_42500,3
NEWS_42501,1
NEWS_42502,2
NEWS_42503,3
NEWS_42504,3
NEWS_42505,4
NEWS_42506,4
NEWS_42507,1
NEWS_42508,1
NEWS_42509,2
NEWS_42510,1
NEWS_42511,4
NEWS_42512,3
NEWS_42513,2
NEWS_42514,3
NEWS_42515,3
NEWS_42516,4
NEWS_42517,0
NEWS_42518,1
NEWS_42519,4
NEWS_42520,1
NEWS_42521,4
NEWS_42522,3
NEWS_42523,4
NEWS_42524,1
NEWS_42525,5
NEWS_42526,4
NEWS_42527,2
NEWS_42528,1
NEWS_42529,5
NEWS_42530,4
NEWS_42531,3
NEWS_42532,1
NEWS_42533,4
NEWS_42534,4
NEWS_42535,0
NEWS_42536,4
NEWS_42537,3
NEWS_42538,4
NEWS_42539,1
NEWS_42540,1
NEWS_42541,4
NEWS_42542,2
NEWS_42543,4
NEWS_42544,4
NEWS_42545,3
NEWS_42546,4
NEWS_42547,3
NEWS_42548,4
NEWS_42549,4
NEWS_42550,2
NEWS_42551,4
NEWS_42552,3
NEWS_42553,4
NEWS_42554,3
NEWS_42555,4
NEWS_42556,2
NEWS_42557,1
NEWS_42558,0
NEWS_42559,4
NEWS_42560,5
NEWS_42561,4
NEWS_42562,4
NEWS_42563,3
NEWS_42564,1
NEWS_42565,4
NEWS_42566,2
NEWS_42567,1
NEWS_42568,5
NEWS_42569,5
NEWS_42570,0
NEWS_42571,4
NEWS_42572,1
NEWS_42573,3
NEWS_42574,2
NEWS_42575,1
NEWS_42576,2
NEWS_42577,1
NEWS_42578,1
NEWS_42579,4
NEWS_42580,5
NEWS_42581,4
NEWS_42582,4
NEWS_42583,1
NEWS_42584,1
NEWS_42585,4
NEWS_42586,4
NEWS_42587,2
NEWS_42588,1
NEWS_42589,4
NEWS_42590,2
NEWS_42591,5
NEWS_42592,4
NEWS_42593,1
NEWS_42594,2
NEWS_42595,3
NEWS_42596,1
NEWS_42597,4
NEWS_42598,1
NEWS_42599,4
NEWS_42600,4
NEWS_42601,3
NEWS_42602,1
NEWS_42603,3
NEWS_42604,1
NEWS_42605,3
NEWS_42606,4
NEWS_42607,1
NEWS_42608,1
NEWS_42609,1
NEWS_42610,4
NEWS_42611,4
NEWS_42612,4
NEWS_42613,2
NEWS_42614,2
NEWS_42615,2
NEWS_42616,3
NEWS_42617,1
NEWS_42618,1
NEWS_42619,4
NEWS_42620,0
NEWS_42621,5
NEWS_42622,4
NEWS_42623,2
NEWS_42624,2
NEWS_42625,3
NEWS_42626,1
NEWS_42627,1
NEWS_42628,2
NEWS_42629,1
NEWS_42630,3
NEWS_42631,3
NEWS_42632,5
NEWS_42633,3
NEWS_42634,3
NEWS_42635,5
NEWS_42636,1
NEWS_42637,2
NEWS_42638,5
NEWS_42639,4
NEWS_42640,3
NEWS_42641,1
NEWS_42642,4
NEWS_42643,3
NEWS_42644,4
NEWS_42645,1
NEWS_42646,3
NEWS_42647,5
NEWS_42648,4
NEWS_42649,5
NEWS_42650,5
NEWS_42651,5
NEWS_42652,1
NEWS_42653,4
NEWS_42654,3
NEWS_42655,1
NEWS_42656,2
NEWS_42657,3
NEWS_42658,4
NEWS_42659,5
NEWS_42660,3
NEWS_42661,3
NEWS_42662,5
NEWS_42663,4
NEWS_42664,0
NEWS_42665,4
NEWS_42666,4
NEWS_42667,3
NEWS_42668,4
NEWS_42669,5
NEWS_42670,1
NEWS_42671,1
NEWS_42672,5
NEWS_42673,3
NEWS_42674,4
NEWS_42675,3
NEWS_42676,4
NEWS_42677,2
NEWS_42678,2
NEWS_42679,1
NEWS_42680,3
NEWS_42681,4
NEWS_42682,1
NEWS_42683,4
NEWS_42684,4
NEWS_42685,4
NEWS_42686,3
NEWS_42687,2
NEWS_42688,4
NEWS_42689,5
NEWS_42690,4
NEWS_42691,4
NEWS_42692,4
NEWS_42693,4
NEWS_42694,1
NEWS_42695,4
NEWS_42696,2
NEWS_42697,2
NEWS_42698,4
NEWS_42699,4
NEWS_42700,3
NEWS_42701,1
NEWS_42702,0
NEWS_42703,3
NEWS_42704,3
NEWS_42705,1
NEWS_42706,4
NEWS_42707,5
NEWS_42708,5
NEWS_42709,1
NEWS_42710,3
NEWS_42711,5
NEWS_42712,4
NEWS_42713,3
NEWS_42714,4
NEWS_42715,3
NEWS_42716,1
NEWS_42717,2
NEWS_42718,4
NEWS_42719,4
NEWS_42720,2
NEWS_42721,4
NEWS_42722,1
NEWS_42723,5
NEWS_42724,5
NEWS_42725,3
NEWS_42726,2
NEWS_42727,2
NEWS_42728,3
NEWS_42729,5
NEWS_42730,4
NEWS_42731,3
NEWS_42732,4
NEWS_42733,5
NEWS_42734,3
NEWS_42735,1
NEWS_42736,1
NEWS_42737,1
NEWS_42738,3
NEWS_42739,1
NEWS_42740,2
NEWS_42741,5
NEWS_42742,1
NEWS_42743,3
NEWS_42744,3
NEWS_42745,2
NEWS_42746,0
NEWS_42747,4
NEWS_42748,2
NEWS_42749,5
NEWS_42750,4
NEWS_42751,2
NEWS_42752,2
NEWS_42753,0
NEWS_42754,2
NEWS_42755,5
NEWS_42756,2
NEWS_42757,4
NEWS_42758,4
NEWS_42759,1
NEWS_42760,2
NEWS_42761,0
NEWS_42762,1
NEWS_42763,2
NEWS_42764,4
NEWS_42765,5
NEWS_42766,4
NEWS_42767,2
NEWS_42768,3
NEWS_42769,4
NEWS_42770,5
NEWS_42771,1
NEWS_42772,1
NEWS_42773,5
NEWS_42774,3
NEWS_42775,3
NEWS_42776,2
NEWS_42777,4
NEWS_42778,2
NEWS_42779,3
NEWS_42780,1
NEWS_42781,4
NEWS_42782,3
NEWS_42783,2
NEWS_42784,1
NEWS_42785,4
NEWS_42786,5
NEWS_42787,3
NEWS_42788,0
NEWS_42789,3
NEWS_42790,4
NEWS_42791,3
NEWS_42792,3
NEWS_42793,5
NEWS_42794,3
NEWS_42795,4
NEWS_42796,3
NEWS_42797,4
NEWS_42798,4
NEWS_42799,4
NEWS_42800,1
NEWS_42801,4
NEWS_42802,0
NEWS_42803,1
NEWS_42804,5
NEWS_42805,3
NEWS_42806,4
NEWS_42807,4
NEWS_42808,1
NEWS_42809,3
NEWS_42810,3
NEWS_42811,4
NEWS_42812,4
NEWS_42813,4
NEWS_42814,1
NEWS_42815,2
NEWS_42816,4
NEWS_42817,4
NEWS_42818,4
NEWS_42819,1
NEWS_42820,3
NEWS_42821,4
NEWS_42822,3
NEWS_42823,1
NEWS_42824,1
NEWS_42825,3
NEWS_42826,3
NEWS_42827,4
NEWS_42828,0
NEWS_42829,4
NEWS_42830,2
NEWS_42831,4
NEWS_42832,4
NEWS_42833,1
NEWS_42834,3
NEWS_42835,1
NEWS_42836,3
NEWS_42837,5
NEWS_42838,2
NEWS_42839,1
NEWS_42840,1
NEWS_42841,3
NEWS_42842,5
NEWS_42843,3
NEWS_42844,2
NEWS_42845,1
NEWS_42846,5
NEWS_42847,3
NEWS_42848,1
NEWS_42849,0
NEWS_42850,4
NEWS_42851,1
NEWS_42852,4
NEWS_42853,2
NEWS_42854,4
NEWS_42855,3
NEWS_42856,4
NEWS_42857,3
NEWS_42858,1
NEWS_42859,3
NEWS_42860,4
NEWS_42861,4
NEWS_42862,3
NEWS_42863,1
NEWS_42864,2
NEWS_42865,3
NEWS_42866,4
NEWS_42867,1
NEWS_42868,4
NEWS_42869,5
NEWS_42870,4
NEWS_42871,4
NEWS_42872,4
NEWS_42873,4
NEWS_42874,2
NEWS_42875,1
NEWS_42876,1
NEWS_42877,3
NEWS_42878,1
NEWS_42879,5
NEWS_42880,4
NEWS_42881,4
NEWS_42882,1
NEWS_42883,3
NEWS_42884,3
NEWS_42885,4
NEWS_42886,2
NEWS_42887,2
NEWS_42888,1
NEWS_42889,1
NEWS_42890,5
NEWS_42891,2
NEWS_42892,4
NEWS_42893,3
NEWS_42894,4
NEWS_42895,1
NEWS_42896,5
NEWS_42897,1
NEWS_42898,1
NEWS_42899,4
NEWS_42900,0
NEWS_42901,3
NEWS_42902,4
NEWS_42903,4
NEWS_42904,3
NEWS_42905,3
NEWS_42906,5
NEWS_42907,2
NEWS_42908,1
NEWS_42909,4
NEWS_42910,3
NEWS_42911,3
NEWS_42912,3
NEWS_42913,3
NEWS_42914,4
NEWS_42915,4
NEWS_42916,0
NEWS_42917,3
NEWS_42918,1
NEWS_42919,4
NEWS_42920,1
NEWS_42921,5
NEWS_42922,0
NEWS_42923,4
NEWS_42924,3
NEWS_42925,3
NEWS_42926,2
NEWS_42927,1
NEWS_42928,0
NEWS_42929,2
NEWS_42930,1
NEWS_42931,4
NEWS_42932,3
NEWS_42933,0
NEWS_42934,5
NEWS_42935,4
NEWS_42936,0
NEWS_42937,0
NEWS_42938,4
NEWS_42939,3
NEWS_42940,4
NEWS_42941,4
NEWS_42942,2
NEWS_42943,1
NEWS_42944,4
NEWS_42945,1
NEWS_42946,1
NEWS_42947,1
NEWS_42948,2
NEWS_42949,1
NEWS_42950,5
NEWS_42951,5
NEWS_42952,4
NEWS_42953,2
NEWS_42954,4
NEWS_42955,4
NEWS_42956,1
NEWS_42957,4
NEWS_42958,4
NEWS_42959,4
NEWS_42960,1
NEWS_42961,4
NEWS_42962,4
NEWS_42963,4
NEWS_42964,4
NEWS_42965,5
NEWS_42966,2
NEWS_42967,1
NEWS_42968,3
NEWS_42969,5
NEWS_42970,2
NEWS_42971,3
NEWS_42972,5
NEWS_42973,3
NEWS_42974,4
NEWS_42975,2
NEWS_42976,2
NEWS_42977,3
NEWS_42978,3
NEWS_42979,4
NEWS_42980,4
NEWS_42981,4
NEWS_42982,4
NEWS_42983,2
NEWS_42984,3
NEWS_42985,2
NEWS_42986,4
NEWS_42987,2
NEWS_42988,1
NEWS_42989,4
NEWS_42990,2
NEWS_42991,1
NEWS_42992,1
NEWS_42993,1
NEWS_42994,4
NEWS_42995,2
NEWS_42996,2
NEWS_42997,2
NEWS_42998,4
NEWS_42999,1
NEWS_43000,0
NEWS_43001,1
NEWS_43002,2
NEWS_43003,1
NEWS_43004,4
NEWS_43005,3
NEWS_43006,5
NEWS_43007,3
NEWS_43008,3
NEWS_43009,3
NEWS_43010,5
NEWS_43011,4
NEWS_43012,1
NEWS_43013,3
NEWS_43014,2
NEWS_43015,2
NEWS_43016,4
NEWS_43017,3
NEWS_43018,3
NEWS_43019,3
NEWS_43020,4
NEWS_43021,2
NEWS_43022,4
NEWS_43023,1
NEWS_43024,1
NEWS_43025,4
NEWS_43026,3
NEWS_43027,4
NEWS_43028,5
NEWS_43029,4
NEWS_43030,1
NEWS_43031,3
NEWS_43032,1
NEWS_43033,4
NEWS_43034,5
NEWS_43035,2
NEWS_43036,1
NEWS_43037,4
NEWS_43038,5
NEWS_43039,3
NEWS_43040,4
NEWS_43041,1
NEWS_43042,3
NEWS_43043,1
NEWS_43044,2
NEWS_43045,2
NEWS_43046,4
NEWS_43047,5
NEWS_43048,2
NEWS_43049,4
NEWS_43050,1
NEWS_43051,4
NEWS_43052,2
NEWS_43053,1
NEWS_43054,4
NEWS_43055,0
NEWS_43056,4
NEWS_43057,4
NEWS_43058,4
NEWS_43059,2
NEWS_43060,4
NEWS_43061,3
NEWS_43062,5
NEWS_43063,4
NEWS_43064,1
NEWS_43065,4
NEWS_43066,5
NEWS_43067,4
NEWS_43068,2
NEWS_43069,4
NEWS_43070,4
NEWS_43071,1
NEWS_43072,3
NEWS_43073,3
NEWS_43074,1
NEWS_43075,1
NEWS_43076,2
NEWS_43077,5
NEWS_43078,3
NEWS_43079,4
NEWS_43080,1
NEWS_43081,4
NEWS_43082,3
NEWS_43083,5
NEWS_43084,4
NEWS_43085,4
NEWS_43086,1
NEWS_43087,1
NEWS_43088,3
NEWS_43089,4
NEWS_43090,5
NEWS_43091,3
NEWS_43092,2
NEWS_43093,2
NEWS_43094,4
NEWS_43095,3
NEWS_43096,3
NEWS_43097,4
NEWS_43098,4
NEWS_43099,2
NEWS_43100,3
NEWS_43101,3
NEWS_43102,4
NEWS_43103,3
NEWS_43104,5
NEWS_43105,4
NEWS_43106,4
NEWS_43107,4
NEWS_43108,1
NEWS_43109,3
NEWS_43110,4
NEWS_43111,1
NEWS_43112,4
NEWS_43113,5
NEWS_43114,2
NEWS_43115,2
NEWS_43116,2
NEWS_43117,2
NEWS_43118,4
NEWS_43119,3
NEWS_43120,2
NEWS_43121,2
NEWS_43122,5
NEWS_43123,4
NEWS_43124,0
NEWS_43125,4
NEWS_43126,1
NEWS_43127,1
NEWS_43128,2
NEWS_43129,4
NEWS_43130,1
NEWS_43131,5
NEWS_43132,0
NEWS_43133,1
NEWS_43134,1
NEWS_43135,4
NEWS_43136,0
NEWS_43137,3
NEWS_43138,4
NEWS_43139,1
NEWS_43140,5
NEWS_43141,3
NEWS_43142,5
NEWS_43143,1
NEWS_43144,2
NEWS_43145,1
NEWS_43146,4
NEWS_43147,3
NEWS_43148,4
NEWS_43149,5
NEWS_43150,1
NEWS_43151,1
NEWS_43152,4
NEWS_43153,2
NEWS_43154,4
NEWS_43155,4
NEWS_43156,1
NEWS_43157,2
NEWS_43158,3
NEWS_43159,4
NEWS_43160,3
NEWS_43161,1
NEWS_43162,4
NEWS_43163,4
NEWS_43164,3
NEWS_43165,4
NEWS_43166,2
NEWS_43167,4
NEWS_43168,3
NEWS_43169,5
NEWS_43170,2
NEWS_43171,3
NEWS_43172,3
NEWS_43173,4
NEWS_43174,4
NEWS_43175,1
NEWS_43176,3
NEWS_43177,4
NEWS_43178,1
NEWS_43179,1
NEWS_43180,4
NEWS_43181,0
NEWS_43182,4
NEWS_43183,4
NEWS_43184,4
NEWS_43185,3
NEWS_43186,4
NEWS_43187,4
NEWS_43188,1
NEWS_43189,1
NEWS_43190,3
NEWS_43191,1
NEWS_43192,5
NEWS_43193,0
NEWS_43194,4
NEWS_43195,2
NEWS_43196,3
NEWS_43197,2
NEWS_43198,4
NEWS_43199,3
NEWS_43200,3
NEWS_43201,5
NEWS_43202,5
NEWS_43203,4
NEWS_43204,1
NEWS_43205,4
NEWS_43206,5
NEWS_43207,4
NEWS_43208,2
NEWS_43209,4
NEWS_43210,3
NEWS_43211,3
NEWS_43212,2
NEWS_43213,3
NEWS_43214,4
NEWS_43215,5
NEWS_43216,4
NEWS_43217,1
NEWS_43218,4
NEWS_43219,4
NEWS_43220,4
NEWS_43221,5
NEWS_43222,3
NEWS_43223,3
NEWS_43224,4
NEWS_43225,2
NEWS_43226,0
NEWS_43227,4
NEWS_43228,3
NEWS_43229,2
NEWS_43230,4
NEWS_43231,4
NEWS_43232,3
NEWS_43233,3
NEWS_43234,0
NEWS_43235,1
NEWS_43236,5
NEWS_43237,5
NEWS_43238,1
NEWS_43239,4
NEWS_43240,5
NEWS_43241,2
NEWS_43242,4
NEWS_43243,2
NEWS_43244,4
NEWS_43245,2
NEWS_43246,4
NEWS_43247,4
NEWS_43248,3
NEWS_43249,4
NEWS_43250,2
NEWS_43251,4
NEWS_43252,1
NEWS_43253,4
NEWS_43254,0
NEWS_43255,1
NEWS_43256,4
NEWS_43257,0
NEWS_43258,4
NEWS_43259,2
NEWS_43260,2
NEWS_43261,2
NEWS_43262,3
NEWS_43263,3
NEWS_43264,5
NEWS_43265,4
NEWS_43266,2
NEWS_43267,5
NEWS_43268,2
NEWS_43269,1
NEWS_43270,2
NEWS_43271,1
NEWS_43272,1
NEWS_43273,4
NEWS_43274,2
NEWS_43275,0
NEWS_43276,4
NEWS_43277,5
NEWS_43278,1
NEWS_43279,2
NEWS_43280,3
NEWS_43281,2
NEWS_43282,1
NEWS_43283,1
NEWS_43284,2
NEWS_43285,1
NEWS_43286,1
NEWS_43287,1
NEWS_43288,5
NEWS_43289,2
NEWS_43290,1
NEWS_43291,0
NEWS_43292,4
NEWS_43293,2
NEWS_43294,4
NEWS_43295,0
NEWS_43296,1
NEWS_43297,5
NEWS_43298,4
NEWS_43299,1
NEWS_43300,1
NEWS_43301,5
NEWS_43302,1
NEWS_43303,1
NEWS_43304,3
NEWS_43305,4
NEWS_43306,2
NEWS_43307,1
NEWS_43308,2
NEWS_43309,3
NEWS_43310,4
NEWS_43311,5
NEWS_43312,3
NEWS_43313,4
NEWS_43314,4
NEWS_43315,1
NEWS_43316,4
NEWS_43317,2
NEWS_43318,4
NEWS_43319,3
NEWS_43320,2
NEWS_43321,4
NEWS_43322,5
NEWS_43323,3
NEWS_43324,4
NEWS_43325,4
NEWS_43326,4
NEWS_43327,1
NEWS_43328,4
NEWS_43329,3
NEWS_43330,4
NEWS_43331,0
NEWS_43332,0
NEWS_43333,1
NEWS_43334,5
NEWS_43335,2
NEWS_43336,4
NEWS_43337,3
NEWS_43338,1
NEWS_43339,1
NEWS_43340,5
NEWS_43341,2
NEWS_43342,4
NEWS_43343,2
NEWS_43344,2
NEWS_43345,5
NEWS_43346,4
NEWS_43347,3
NEWS_43348,2
NEWS_43349,4
NEWS_43350,3
NEWS_43351,4
NEWS_43352,5
NEWS_43353,4
NEWS_43354,1
NEWS_43355,4
NEWS_43356,2
NEWS_43357,4
NEWS_43358,1
NEWS_43359,4
NEWS_43360,4
NEWS_43361,3
NEWS_43362,1
NEWS_43363,1
NEWS_43364,4
NEWS_43365,4
NEWS_43366,5
NEWS_43367,3
NEWS_43368,1
NEWS_43369,2
NEWS_43370,5
NEWS_43371,0
NEWS_43372,2
NEWS_43373,1
NEWS_43374,4
NEWS_43375,4
NEWS_43376,4
NEWS_43377,2
NEWS_43378,5
NEWS_43379,5
NEWS_43380,3
NEWS_43381,1
NEWS_43382,1
NEWS_43383,4
NEWS_43384,4
NEWS_43385,4
NEWS_43386,3
NEWS_43387,4
NEWS_43388,5
NEWS_43389,3
NEWS_43390,3
NEWS_43391,1
NEWS_43392,4
NEWS_43393,1
NEWS_43394,5
NEWS_43395,1
NEWS_43396,0
NEWS_43397,1
NEWS_43398,1
NEWS_43399,4
NEWS_43400,5
NEWS_43401,1
NEWS_43402,1
NEWS_43403,1
NEWS_43404,3
NEWS_43405,4
NEWS_43406,1
NEWS_43407,3
NEWS_43408,4
NEWS_43409,2
NEWS_43410,0
NEWS_43411,4
NEWS_43412,1
NEWS_43413,4
NEWS_43414,5
NEWS_43415,3
NEWS_43416,1
NEWS_43417,5
NEWS_43418,5
NEWS_43419,5
NEWS_43420,4
NEWS_43421,4
NEWS_43422,1
NEWS_43423,5
NEWS_43424,2
NEWS_43425,4
NEWS_43426,4
NEWS_43427,5
NEWS_43428,1
NEWS_43429,4
NEWS_43430,3
NEWS_43431,3
NEWS_43432,4
NEWS_43433,4
NEWS_43434,3
NEWS_43435,5
NEWS_43436,1
NEWS_43437,5
NEWS_43438,4
NEWS_43439,3
NEWS_43440,4
NEWS_43441,0
NEWS_43442,4
NEWS_43443,4
NEWS_43444,4
NEWS_43445,4
NEWS_43446,0
NEWS_43447,4
NEWS_43448,1
NEWS_43449,2
NEWS_43450,5
NEWS_43451,3
NEWS_43452,1
NEWS_43453,4
NEWS_43454,3
NEWS_43455,3
NEWS_43456,4
NEWS_43457,3
NEWS_43458,0
NEWS_43459,4
NEWS_43460,3
NEWS_43461,0
NEWS_43462,4
NEWS_43463,4
NEWS_43464,3
NEWS_43465,3
NEWS_43466,2
NEWS_43467,1
NEWS_43468,4
NEWS_43469,3
NEWS_43470,5
NEWS_43471,1
NEWS_43472,0
NEWS_43473,4
NEWS_43474,5
NEWS_43475,4
NEWS_43476,1
NEWS_43477,4
NEWS_43478,3
NEWS_43479,4
NEWS_43480,2
NEWS_43481,2
NEWS_43482,3
NEWS_43483,3
NEWS_43484,4
NEWS_43485,4
NEWS_43486,3
NEWS_43487,2
NEWS_43488,3
NEWS_43489,3
NEWS_43490,4
NEWS_43491,4
NEWS_43492,3
NEWS_43493,1
NEWS_43494,4
NEWS_43495,4
NEWS_43496,1
NEWS_43497,4
NEWS_43498,0
NEWS_43499,5
NEWS_43500,2
NEWS_43501,1
NEWS_43502,4
NEWS_43503,0
NEWS_43504,3
NEWS_43505,3
NEWS_43506,4
NEWS_43507,5
NEWS_43508,4
NEWS_43509,3
NEWS_43510,2
NEWS_43511,1
NEWS_43512,4
NEWS_43513,3
NEWS_43514,4
NEWS_43515,3
NEWS_43516,5
NEWS_43517,4
NEWS_43518,3
NEWS_43519,5
NEWS_43520,1
NEWS_43521,0
NEWS_43522,5
NEWS_43523,4
NEWS_43524,3
NEWS_43525,1
NEWS_43526,4
NEWS_43527,4
NEWS_43528,4
NEWS_43529,4
NEWS_43530,3
NEWS_43531,5
NEWS_43532,4
NEWS_43533,4
NEWS_43534,4
NEWS_43535,1
NEWS_43536,3
NEWS_43537,4
NEWS_43538,3
NEWS_43539,5
NEWS_43540,0
NEWS_43541,2
NEWS_43542,2
NEWS_43543,3
NEWS_43544,3
NEWS_43545,5
NEWS_43546,3
NEWS_43547,3
NEWS_43548,2
NEWS_43549,4
NEWS_43550,5
NEWS_43551,2
NEWS_43552,2
NEWS_43553,1
NEWS_43554,4
NEWS_43555,5
NEWS_43556,2
NEWS_43557,4
NEWS_43558,2
NEWS_43559,5
NEWS_43560,2
NEWS_43561,3
NEWS_43562,0
NEWS_43563,1
NEWS_43564,1
NEWS_43565,5
NEWS_43566,4
NEWS_43567,5
NEWS_43568,3
NEWS_43569,3
NEWS_43570,4
NEWS_43571,5
NEWS_43572,3
NEWS_43573,0
NEWS_43574,2
NEWS_43575,3
NEWS_43576,0
NEWS_43577,3
NEWS_43578,4
NEWS_43579,2
NEWS_43580,2
NEWS_43581,4
NEWS_43582,3
NEWS_43583,3
NEWS_43584,4
NEWS_43585,0
NEWS_43586,2
NEWS_43587,4
NEWS_43588,4
NEWS_43589,3
NEWS_43590,4
NEWS_43591,3
NEWS_43592,4
NEWS_43593,3
NEWS_43594,4
NEWS_43595,1
NEWS_43596,4
NEWS_43597,2
NEWS_43598,4
NEWS_43599,2
NEWS_43600,1
NEWS_43601,2
NEWS_43602,4
NEWS_43603,2
NEWS_43604,4
NEWS_43605,1
NEWS_43606,1
NEWS_43607,4
NEWS_43608,2
NEWS_43609,3
NEWS_43610,4
NEWS_43611,2
NEWS_43612,3
NEWS_43613,5
NEWS_43614,5
NEWS_43615,5
NEWS_43616,5
NEWS_43617,4
NEWS_43618,3
NEWS_43619,0
NEWS_43620,3
NEWS_43621,1
NEWS_43622,5
NEWS_43623,4
NEWS_43624,2
NEWS_43625,4
NEWS_43626,3
NEWS_43627,5
NEWS_43628,3
NEWS_43629,4
NEWS_43630,3
NEWS_43631,3
NEWS_43632,1
NEWS_43633,4
NEWS_43634,4
NEWS_43635,3
NEWS_43636,2
NEWS_43637,5
NEWS_43638,5
NEWS_43639,4
NEWS_43640,2
NEWS_43641,0
NEWS_43642,5
NEWS_43643,3
NEWS_43644,3
NEWS_43645,1
NEWS_43646,5
NEWS_43647,2
NEWS_43648,5
NEWS_43649,5
NEWS_43650,1
NEWS_43651,0
NEWS_43652,3
NEWS_43653,4
NEWS_43654,2
NEWS_43655,2
NEWS_43656,1
NEWS_43657,2
NEWS_43658,5
NEWS_43659,3
NEWS_43660,4
NEWS_43661,1
NEWS_43662,5
NEWS_43663,5
NEWS_43664,1
NEWS_43665,4
NEWS_43666,4
NEWS_43667,4
NEWS_43668,0
NEWS_43669,5
NEWS_43670,4
NEWS_43671,4
NEWS_43672,4
NEWS_43673,1
NEWS_43674,4
NEWS_43675,0
NEWS_43676,5
NEWS_43677,5
NEWS_43678,1
NEWS_43679,1
NEWS_43680,2
NEWS_43681,3
NEWS_43682,5
NEWS_43683,4
NEWS_43684,3
NEWS_43685,3
NEWS_43686,2
NEWS_43687,5
NEWS_43688,4
NEWS_43689,5
NEWS_43690,2
NEWS_43691,3
NEWS_43692,3
NEWS_43693,1
NEWS_43694,4
NEWS_43695,1
NEWS_43696,1
NEWS_43697,4
NEWS_43698,1
NEWS_43699,1
NEWS_43700,5
NEWS_43701,4
NEWS_43702,1
NEWS_43703,1
NEWS_43704,4
NEWS_43705,4
NEWS_43706,5
NEWS_43707,2
NEWS_43708,5
NEWS_43709,5
NEWS_43710,5
NEWS_43711,1
NEWS_43712,4
NEWS_43713,2
NEWS_43714,1
NEWS_43715,4
NEWS_43716,3
NEWS_43717,4
NEWS_43718,3
NEWS_43719,3
NEWS_43720,5
NEWS_43721,3
NEWS_43722,5
NEWS_43723,4
NEWS_43724,4
NEWS_43725,2
NEWS_43726,5
NEWS_43727,0
NEWS_43728,2
NEWS_43729,3
NEWS_43730,3
NEWS_43731,2
NEWS_43732,0
NEWS_43733,3
NEWS_43734,1
NEWS_43735,3
NEWS_43736,3
NEWS_43737,3
NEWS_43738,1
NEWS_43739,2
NEWS_43740,2
NEWS_43741,2
NEWS_43742,5
NEWS_43743,3
NEWS_43744,2
NEWS_43745,1
NEWS_43746,5
NEWS_43747,3
NEWS_43748,4
NEWS_43749,3
NEWS_43750,5
NEWS_43751,5
NEWS_43752,1
NEWS_43753,0
NEWS_43754,2
NEWS_43755,4
NEWS_43756,5
NEWS_43757,4
NEWS_43758,3
NEWS_43759,3
NEWS_43760,5
NEWS_43761,3
NEWS_43762,1
NEWS_43763,5
NEWS_43764,4
NEWS_43765,0
NEWS_43766,4
NEWS_43767,1
NEWS_43768,3
NEWS_43769,0
NEWS_43770,1
NEWS_43771,5
NEWS_43772,5
NEWS_43773,4
NEWS_43774,2
NEWS_43775,4
NEWS_43776,3
NEWS_43777,1
NEWS_43778,3
NEWS_43779,1
NEWS_43780,5
NEWS_43781,3
NEWS_43782,2
NEWS_43783,3
NEWS_43784,4
NEWS_43785,1
NEWS_43786,4
NEWS_43787,2
NEWS_43788,4
NEWS_43789,5
NEWS_43790,0
NEWS_43791,1
NEWS_43792,4
NEWS_43793,4
NEWS_43794,1
NEWS_43795,5
NEWS_43796,1
NEWS_43797,1
NEWS_43798,5
NEWS_43799,4
NEWS_43800,1
NEWS_43801,4
NEWS_43802,2
NEWS_43803,5
NEWS_43804,5
NEWS_43805,4
NEWS_43806,3
NEWS_43807,4
NEWS_43808,1
NEWS_43809,3
NEWS_43810,5
NEWS_43811,0
NEWS_43812,1
NEWS_43813,3
NEWS_43814,4
NEWS_43815,2
NEWS_43816,4
NEWS_43817,1
NEWS_43818,2
NEWS_43819,5
NEWS_43820,4
NEWS_43821,4
NEWS_43822,3
NEWS_43823,4
NEWS_43824,1
NEWS_43825,5
NEWS_43826,4
NEWS_43827,4
NEWS_43828,4
NEWS_43829,3
NEWS_43830,5
NEWS_43831,1
NEWS_43832,3
NEWS_43833,4
NEWS_43834,1
NEWS_43835,4
NEWS_43836,4
NEWS_43837,2
NEWS_43838,0
NEWS_43839,4
NEWS_43840,4
NEWS_43841,3
NEWS_43842,1
NEWS_43843,2
NEWS_43844,4
NEWS_43845,2
NEWS_43846,0
NEWS_43847,5
NEWS_43848,1
NEWS_43849,1
NEWS_43850,3
NEWS_43851,4
NEWS_43852,4
NEWS_43853,5
NEWS_43854,4
NEWS_43855,3
NEWS_43856,5
NEWS_43857,0
NEWS_43858,4
NEWS_43859,3
NEWS_43860,1
NEWS_43861,4
NEWS_43862,5
NEWS_43863,3
NEWS_43864,2
NEWS_43865,4
NEWS_43866,1
NEWS_43867,4
NEWS_43868,5
NEWS_43869,3
NEWS_43870,2
NEWS_43871,4
NEWS_43872,1
NEWS_43873,1
NEWS_43874,2
NEWS_43875,4
NEWS_43876,3
NEWS_43877,3
NEWS_43878,4
NEWS_43879,2
NEWS_43880,4
NEWS_43881,1
NEWS_43882,3
NEWS_43883,4
NEWS_43884,3
NEWS_43885,0
NEWS_43886,2
NEWS_43887,4
NEWS_43888,2
NEWS_43889,4
NEWS_43890,1
NEWS_43891,3
NEWS_43892,4
NEWS_43893,4
NEWS_43894,4
NEWS_43895,1
NEWS_43896,2
NEWS_43897,4
NEWS_43898,2
NEWS_43899,5
NEWS_43900,0
NEWS_43901,2
NEWS_43902,5
NEWS_43903,0
NEWS_43904,5
NEWS_43905,1
NEWS_43906,5
NEWS_43907,3
NEWS_43908,4
NEWS_43909,2
NEWS_43910,3
NEWS_43911,2
NEWS_43912,4
NEWS_43913,4
NEWS_43914,0
NEWS_43915,3
NEWS_43916,4
NEWS_43917,5
NEWS_43918,4
NEWS_43919,4
NEWS_43920,2
NEWS_43921,3
NEWS_43922,4
NEWS_43923,5
NEWS_43924,2
NEWS_43925,1
NEWS_43926,1
NEWS_43927,4
NEWS_43928,1
NEWS_43929,3
NEWS_43930,5
NEWS_43931,4
NEWS_43932,1
NEWS_43933,5
NEWS_43934,4
NEWS_43935,5
NEWS_43936,3
NEWS_43937,3
NEWS_43938,2
NEWS_43939,2
NEWS_43940,1
NEWS_43941,2
NEWS_43942,3
NEWS_43943,1
NEWS_43944,1
NEWS_43945,4
NEWS_43946,1
NEWS_43947,4
NEWS_43948,3
NEWS_43949,1
NEWS_43950,4
NEWS_43951,4
NEWS_43952,1
NEWS_43953,5
NEWS_43954,3
NEWS_43955,4
NEWS_43956,5
NEWS_43957,5
NEWS_43958,3
NEWS_43959,4
NEWS_43960,4
NEWS_43961,1
NEWS_43962,4
NEWS_43963,0
NEWS_43964,1
NEWS_43965,1
NEWS_43966,1
NEWS_43967,4
NEWS_43968,3
NEWS_43969,4
NEWS_43970,5
NEWS_43971,5
NEWS_43972,1
NEWS_43973,4
NEWS_43974,4
NEWS_43975,5
NEWS_43976,2
NEWS_43977,2
NEWS_43978,0
NEWS_43979,2
NEWS_43980,5
NEWS_43981,3
NEWS_43982,2
NEWS_43983,3
NEWS_43984,4
NEWS_43985,5
NEWS_43986,2
NEWS_43987,4
NEWS_43988,3
NEWS_43989,1
NEWS_43990,4
NEWS_43991,4
NEWS_43992,0
NEWS_43993,3
NEWS_43994,4
NEWS_43995,1
NEWS_43996,4
NEWS_43997,4
NEWS_43998,1
NEWS_43999,4
NEWS_44000,4
NEWS_44001,4
NEWS_44002,4
NEWS_44003,2
NEWS_44004,4
NEWS_44005,3
NEWS_44006,3
NEWS_44007,4
NEWS_44008,4
NEWS_44009,3
NEWS_44010,4
NEWS_44011,4
NEWS_44012,2
NEWS_44013,4
NEWS_44014,5
NEWS_44015,4
NEWS_44016,1
NEWS_44017,5
NEWS_44018,4
NEWS_44019,4
NEWS_44020,2
NEWS_44021,1
NEWS_44022,3
NEWS_44023,5
NEWS_44024,2
NEWS_44025,1
NEWS_44026,3
NEWS_44027,4
NEWS_44028,4
NEWS_44029,3
NEWS_44030,4
NEWS_44031,0
NEWS_44032,5
NEWS_44033,5
NEWS_44034,3
NEWS_44035,5
NEWS_44036,4
NEWS_44037,1
NEWS_44038,3
NEWS_44039,1
NEWS_44040,2
NEWS_44041,5
NEWS_44042,3
NEWS_44043,4
NEWS_44044,5
NEWS_44045,5
NEWS_44046,5
NEWS_44047,1
NEWS_44048,4
NEWS_44049,5
NEWS_44050,4
NEWS_44051,4
NEWS_44052,4
NEWS_44053,3
NEWS_44054,2
NEWS_44055,4
NEWS_44056,1
NEWS_44057,3
NEWS_44058,1
NEWS_44059,4
NEWS_44060,3
NEWS_44061,2
NEWS_44062,4
NEWS_44063,5
NEWS_44064,4
NEWS_44065,1
NEWS_44066,2
NEWS_44067,1
NEWS_44068,1
NEWS_44069,4
NEWS_44070,1
NEWS_44071,4
NEWS_44072,4
NEWS_44073,2
NEWS_44074,4
NEWS_44075,1
NEWS_44076,4
NEWS_44077,1
NEWS_44078,1
NEWS_44079,1
NEWS_44080,4
NEWS_44081,1
NEWS_44082,1
NEWS_44083,3
NEWS_44084,3
NEWS_44085,4
NEWS_44086,2
NEWS_44087,0
NEWS_44088,2
NEWS_44089,4
NEWS_44090,1
NEWS_44091,3
NEWS_44092,3
NEWS_44093,5
NEWS_44094,3
NEWS_44095,5
NEWS_44096,3
NEWS_44097,4
NEWS_44098,4
NEWS_44099,4
NEWS_44100,3
NEWS_44101,4
NEWS_44102,5
NEWS_44103,3
NEWS_44104,3
NEWS_44105,5
NEWS_44106,4
NEWS_44107,3
NEWS_44108,4
NEWS_44109,3
NEWS_44110,1
NEWS_44111,4
NEWS_44112,4
NEWS_44113,1
NEWS_44114,1
NEWS_44115,0
NEWS_44116,2
NEWS_44117,0
NEWS_44118,4
NEWS_44119,1
NEWS_44120,4
NEWS_44121,5
NEWS_44122,4
NEWS_44123,3
NEWS_44124,4
NEWS_44125,3
NEWS_44126,5
NEWS_44127,4
NEWS_44128,2
NEWS_44129,0
NEWS_44130,3
NEWS_44131,4
NEWS_44132,1
NEWS_44133,2
NEWS_44134,1
NEWS_44135,2
NEWS_44136,0
NEWS_44137,0
NEWS_44138,3
NEWS_44139,2
NEWS_44140,4
NEWS_44141,0
NEWS_44142,2
NEWS_44143,1
NEWS_44144,2
NEWS_44145,3
NEWS_44146,3
NEWS_44147,5
NEWS_44148,4
NEWS_44149,4
NEWS_44150,5
NEWS_44151,1
NEWS_44152,5
NEWS_44153,1
NEWS_44154,4
NEWS_44155,3
NEWS_44156,4
NEWS_44157,1
NEWS_44158,4
NEWS_44159,1
NEWS_44160,4
NEWS_44161,0
NEWS_44162,4
NEWS_44163,4
NEWS_44164,4
NEWS_44165,2
NEWS_44166,4
NEWS_44167,3
NEWS_44168,3
NEWS_44169,1
NEWS_44170,4
NEWS_44171,0
NEWS_44172,1
NEWS_44173,3
NEWS_44174,2
NEWS_44175,5
NEWS_44176,2
NEWS_44177,2
NEWS_44178,5
NEWS_44179,5
NEWS_44180,4
NEWS_44181,3
NEWS_44182,4
NEWS_44183,2
NEWS_44184,3
NEWS_44185,1
NEWS_44186,2
NEWS_44187,1
NEWS_44188,2
NEWS_44189,3
NEWS_44190,3
NEWS_44191,1
NEWS_44192,4
NEWS_44193,4
NEWS_44194,4
NEWS_44195,0
NEWS_44196,3
NEWS_44197,5
NEWS_44198,4
NEWS_44199,4
NEWS_44200,3
NEWS_44201,3
NEWS_44202,2
NEWS_44203,1
NEWS_44204,3
NEWS_44205,4
NEWS_44206,3
NEWS_44207,1
NEWS_44208,4
NEWS_44209,5
NEWS_44210,4
NEWS_44211,1
NEWS_44212,4
NEWS_44213,2
NEWS_44214,2
NEWS_44215,5
NEWS_44216,2
NEWS_44217,1
NEWS_44218,0
NEWS_44219,5
NEWS_44220,4
NEWS_44221,5
NEWS_44222,5
NEWS_44223,5
NEWS_44224,1
NEWS_44225,5
NEWS_44226,1
NEWS_44227,3
NEWS_44228,3
NEWS_44229,4
NEWS_44230,0
NEWS_44231,4
NEWS_44232,4
NEWS_44233,5
NEWS_44234,3
NEWS_44235,2
NEWS_44236,3
NEWS_44237,2
NEWS_44238,4
NEWS_44239,4
NEWS_44240,1
NEWS_44241,3
NEWS_44242,2
NEWS_44243,2
NEWS_44244,3
NEWS_44245,4
NEWS_44246,4
NEWS_44247,5
NEWS_44248,5
NEWS_44249,1
NEWS_44250,4
NEWS_44251,4
NEWS_44252,5
NEWS_44253,3
NEWS_44254,5
NEWS_44255,3
NEWS_44256,1
NEWS_44257,3
NEWS_44258,2
NEWS_44259,2
NEWS_44260,4
NEWS_44261,5
NEWS_44262,4
NEWS_44263,2
NEWS_44264,1
NEWS_44265,4
NEWS_44266,5
NEWS_44267,4
NEWS_44268,0
NEWS_44269,4
NEWS_44270,5
NEWS_44271,3
NEWS_44272,2
NEWS_44273,3
NEWS_44274,4
NEWS_44275,1
NEWS_44276,1
NEWS_44277,1
NEWS_44278,4
NEWS_44279,3
NEWS_44280,2
NEWS_44281,3
NEWS_44282,1
NEWS_44283,5
NEWS_44284,4
NEWS_44285,1
NEWS_44286,4
NEWS_44287,4
NEWS_44288,1
NEWS_44289,3
NEWS_44290,5
NEWS_44291,5
NEWS_44292,2
NEWS_44293,2
NEWS_44294,3
NEWS_44295,3
NEWS_44296,5
NEWS_44297,5
NEWS_44298,2
NEWS_44299,2
NEWS_44300,4
NEWS_44301,1
NEWS_44302,4
NEWS_44303,3
NEWS_44304,1
NEWS_44305,3
NEWS_44306,3
NEWS_44307,4
NEWS_44308,2
NEWS_44309,4
NEWS_44310,1
NEWS_44311,1
NEWS_44312,1
NEWS_44313,1
NEWS_44314,4
NEWS_44315,4
NEWS_44316,3
NEWS_44317,3
NEWS_44318,4
NEWS_44319,4
NEWS_44320,4
NEWS_44321,1
NEWS_44322,2
NEWS_44323,3
NEWS_44324,5
NEWS_44325,3
NEWS_44326,1
NEWS_44327,4
NEWS_44328,2
NEWS_44329,3
NEWS_44330,1
NEWS_44331,1
NEWS_44332,3
NEWS_44333,2
NEWS_44334,4
NEWS_44335,4
NEWS_44336,4
NEWS_44337,3
NEWS_44338,3
NEWS_44339,2
NEWS_44340,1
NEWS_44341,4
NEWS_44342,0
NEWS_44343,4
NEWS_44344,3
NEWS_44345,3
NEWS_44346,3
NEWS_44347,3
NEWS_44348,4
NEWS_44349,2
NEWS_44350,3
NEWS_44351,4
NEWS_44352,1
NEWS_44353,4
NEWS_44354,5
NEWS_44355,4
NEWS_44356,2
NEWS_44357,2
NEWS_44358,5
NEWS_44359,2
NEWS_44360,5
NEWS_44361,4
NEWS_44362,1
NEWS_44363,4
NEWS_44364,4
NEWS_44365,5
NEWS_44366,3
NEWS_44367,2
NEWS_44368,1
NEWS_44369,4
NEWS_44370,1
NEWS_44371,3
NEWS_44372,5
NEWS_44373,1
NEWS_44374,2
NEWS_44375,4
NEWS_44376,3
NEWS_44377,4
NEWS_44378,4
NEWS_44379,4
NEWS_44380,2
NEWS_44381,3
NEWS_44382,1
NEWS_44383,3
NEWS_44384,1
NEWS_44385,3
NEWS_44386,0
NEWS_44387,1
NEWS_44388,4
NEWS_44389,0
NEWS_44390,2
NEWS_44391,2
NEWS_44392,4
NEWS_44393,2
NEWS_44394,4
NEWS_44395,1
NEWS_44396,1
NEWS_44397,4
NEWS_44398,3
NEWS_44399,4
NEWS_44400,2
NEWS_44401,4
NEWS_44402,0
NEWS_44403,3
NEWS_44404,1
NEWS_44405,4
NEWS_44406,4
NEWS_44407,1
NEWS_44408,3
NEWS_44409,3
NEWS_44410,1
NEWS_44411,5
NEWS_44412,5
NEWS_44413,3
NEWS_44414,5
NEWS_44415,1
NEWS_44416,3
NEWS_44417,4
NEWS_44418,5
NEWS_44419,1
NEWS_44420,4
NEWS_44421,2
NEWS_44422,4
NEWS_44423,1
NEWS_44424,4
NEWS_44425,4
NEWS_44426,4
NEWS_44427,5
NEWS_44428,1
NEWS_44429,3
NEWS_44430,2
NEWS_44431,2
NEWS_44432,3
NEWS_44433,1
NEWS_44434,5
NEWS_44435,3
NEWS_44436,2
NEWS_44437,5
NEWS_44438,4
NEWS_44439,4
NEWS_44440,3
NEWS_44441,4
NEWS_44442,4
NEWS_44443,0
NEWS_44444,3
NEWS_44445,3
NEWS_44446,4
NEWS_44447,0
NEWS_44448,2
NEWS_44449,2
NEWS_44450,2
NEWS_44451,3
NEWS_44452,2
NEWS_44453,5
NEWS_44454,4
NEWS_44455,2
NEWS_44456,0
NEWS_44457,3
NEWS_44458,3
NEWS_44459,1
NEWS_44460,1
NEWS_44461,2
NEWS_44462,4
NEWS_44463,1
NEWS_44464,1
NEWS_44465,2
NEWS_44466,4
NEWS_44467,4
NEWS_44468,4
NEWS_44469,4
NEWS_44470,3
NEWS_44471,4
NEWS_44472,4
NEWS_44473,2
NEWS_44474,3
NEWS_44475,4
NEWS_44476,1
NEWS_44477,5
NEWS_44478,3
NEWS_44479,4
NEWS_44480,5
NEWS_44481,1
NEWS_44482,3
NEWS_44483,1
NEWS_44484,4
NEWS_44485,4
NEWS_44486,3
NEWS_44487,4
NEWS_44488,3
NEWS_44489,2
NEWS_44490,0
NEWS_44491,3
NEWS_44492,1
NEWS_44493,4
NEWS_44494,2
NEWS_44495,1
NEWS_44496,3
NEWS_44497,4
NEWS_44498,1
NEWS_44499,3
NEWS_44500,1
NEWS_44501,1
NEWS_44502,3
NEWS_44503,5
NEWS_44504,3
NEWS_44505,5
NEWS_44506,3
NEWS_44507,1
NEWS_44508,4
NEWS_44509,3
NEWS_44510,2
NEWS_44511,4
NEWS_44512,2
NEWS_44513,1
NEWS_44514,1
NEWS_44515,4
NEWS_44516,4
NEWS_44517,3
NEWS_44518,2
NEWS_44519,3
NEWS_44520,1
NEWS_44521,0
NEWS_44522,3
NEWS_44523,4
NEWS_44524,5
NEWS_44525,1
NEWS_44526,4
NEWS_44527,4
NEWS_44528,1
NEWS_44529,1
NEWS_44530,1
NEWS_44531,1
NEWS_44532,5
NEWS_44533,2
NEWS_44534,5
NEWS_44535,3
NEWS_44536,4
NEWS_44537,1
NEWS_44538,3
NEWS_44539,3
NEWS_44540,1
NEWS_44541,2
NEWS_44542,1
NEWS_44543,4
NEWS_44544,3
NEWS_44545,4
NEWS_44546,3
NEWS_44547,5
NEWS_44548,3
NEWS_44549,4
NEWS_44550,1
NEWS_44551,4
NEWS_44552,4
NEWS_44553,4
NEWS_44554,5
NEWS_44555,3
NEWS_44556,0
NEWS_44557,4
NEWS_44558,0
NEWS_44559,0
NEWS_44560,3
NEWS_44561,3
NEWS_44562,3
NEWS_44563,1
NEWS_44564,1
NEWS_44565,1
NEWS_44566,2
NEWS_44567,3
NEWS_44568,4
NEWS_44569,3
NEWS_44570,4
NEWS_44571,1
NEWS_44572,0
NEWS_44573,2
NEWS_44574,4
NEWS_44575,1
NEWS_44576,1
NEWS_44577,4
NEWS_44578,3
NEWS_44579,2
NEWS_44580,4
NEWS_44581,1
NEWS_44582,3
NEWS_44583,2
NEWS_44584,4
NEWS_44585,3
NEWS_44586,3
NEWS_44587,4
NEWS_44588,3
NEWS_44589,4
NEWS_44590,4
NEWS_44591,1
NEWS_44592,4
NEWS_44593,4
NEWS_44594,4
NEWS_44595,1
NEWS_44596,5
NEWS_44597,5
NEWS_44598,4
NEWS_44599,5
NEWS_44600,0
NEWS_44601,2
NEWS_44602,4
NEWS_44603,4
NEWS_44604,4
NEWS_44605,0
NEWS_44606,2
NEWS_44607,5
NEWS_44608,1
NEWS_44609,1
NEWS_44610,5
NEWS_44611,5
NEWS_44612,5
NEWS_44613,1
NEWS_44614,1
NEWS_44615,5
NEWS_44616,5
NEWS_44617,4
NEWS_44618,4
NEWS_44619,1
NEWS_44620,1
NEWS_44621,5
NEWS_44622,4
NEWS_44623,3
NEWS_44624,3
NEWS_44625,2
NEWS_44626,4
NEWS_44627,3
NEWS_44628,3
NEWS_44629,3
NEWS_44630,3
NEWS_44631,4
NEWS_44632,2
NEWS_44633,1
NEWS_44634,4
NEWS_44635,5
NEWS_44636,0
NEWS_44637,3
NEWS_44638,3
NEWS_44639,3
NEWS_44640,5
NEWS_44641,1
NEWS_44642,5
NEWS_44643,4
NEWS_44644,4
NEWS_44645,0
NEWS_44646,4
NEWS_44647,4
NEWS_44648,3
NEWS_44649,3
NEWS_44650,0
NEWS_44651,1
NEWS_44652,3
NEWS_44653,0
NEWS_44654,4
NEWS_44655,4
NEWS_44656,4
NEWS_44657,0
NEWS_44658,4
NEWS_44659,4
NEWS_44660,4
NEWS_44661,3
NEWS_44662,2
NEWS_44663,3
NEWS_44664,1
NEWS_44665,3
NEWS_44666,4
NEWS_44667,4
NEWS_44668,2
NEWS_44669,4
NEWS_44670,5
NEWS_44671,1
NEWS_44672,3
NEWS_44673,4
NEWS_44674,1
NEWS_44675,3
NEWS_44676,4
NEWS_44677,1
NEWS_44678,4
NEWS_44679,1
NEWS_44680,3
NEWS_44681,2
NEWS_44682,4
NEWS_44683,4
NEWS_44684,4
NEWS_44685,5
NEWS_44686,4
NEWS_44687,1
NEWS_44688,1
NEWS_44689,0
NEWS_44690,5
NEWS_44691,5
NEWS_44692,4
NEWS_44693,1
NEWS_44694,1
NEWS_44695,4
NEWS_44696,2
NEWS_44697,1
NEWS_44698,5
NEWS_44699,1
NEWS_44700,1
NEWS_44701,3
NEWS_44702,3
NEWS_44703,3
NEWS_44704,2
NEWS_44705,3
NEWS_44706,3
NEWS_44707,3
NEWS_44708,4
NEWS_44709,5
NEWS_44710,5
NEWS_44711,3
NEWS_44712,3
NEWS_44713,3
NEWS_44714,4
NEWS_44715,3
NEWS_44716,3
NEWS_44717,3
NEWS_44718,4
NEWS_44719,3
NEWS_44720,0
NEWS_44721,3
NEWS_44722,3
NEWS_44723,3
NEWS_44724,1
NEWS_44725,4
NEWS_44726,4
NEWS_44727,5
NEWS_44728,5
NEWS_44729,1
NEWS_44730,2
NEWS_44731,2
NEWS_44732,3
NEWS_44733,3
NEWS_44734,2
NEWS_44735,4
NEWS_44736,1
NEWS_44737,4
NEWS_44738,5
NEWS_44739,3
NEWS_44740,2
NEWS_44741,4
NEWS_44742,3
NEWS_44743,4
NEWS_44744,3
NEWS_44745,5
NEWS_44746,4
NEWS_44747,1
NEWS_44748,1
NEWS_44749,3
NEWS_44750,4
NEWS_44751,1
NEWS_44752,1
NEWS_44753,3
NEWS_44754,2
NEWS_44755,5
NEWS_44756,3
NEWS_44757,4
NEWS_44758,4
NEWS_44759,5
NEWS_44760,4
NEWS_44761,1
NEWS_44762,0
NEWS_44763,4
NEWS_44764,3
NEWS_44765,5
NEWS_44766,2
NEWS_44767,5
NEWS_44768,2
NEWS_44769,2
NEWS_44770,4
NEWS_44771,3
NEWS_44772,5
NEWS_44773,0
NEWS_44774,4
NEWS_44775,3
NEWS_44776,2
NEWS_44777,4
NEWS_44778,4
NEWS_44779,4
NEWS_44780,1
NEWS_44781,2
NEWS_44782,4
NEWS_44783,0
NEWS_44784,4
NEWS_44785,5
NEWS_44786,3
NEWS_44787,3
NEWS_44788,4
NEWS_44789,3
NEWS_44790,3
NEWS_44791,2
NEWS_44792,3
NEWS_44793,2
NEWS_44794,4
NEWS_44795,2
NEWS_44796,4
NEWS_44797,4
NEWS_44798,2
NEWS_44799,5
NEWS_44800,1
NEWS_44801,1
NEWS_44802,4
NEWS_44803,2
NEWS_44804,5
NEWS_44805,4
NEWS_44806,5
NEWS_44807,1
NEWS_44808,0
NEWS_44809,4
NEWS_44810,4
NEWS_44811,5
NEWS_44812,2
NEWS_44813,5
NEWS_44814,3
NEWS_44815,4
NEWS_44816,0
NEWS_44817,2
NEWS_44818,1
NEWS_44819,4
NEWS_44820,3
NEWS_44821,3
NEWS_44822,4
NEWS_44823,4
NEWS_44824,1
NEWS_44825,3
NEWS_44826,5
NEWS_44827,3
NEWS_44828,2
NEWS_44829,4
NEWS_44830,2
NEWS_44831,5
NEWS_44832,3
NEWS_44833,2
NEWS_44834,3
NEWS_44835,4
NEWS_44836,5
NEWS_44837,1
NEWS_44838,1
NEWS_44839,3
NEWS_44840,1
NEWS_44841,2
NEWS_44842,1
NEWS_44843,4
NEWS_44844,4
NEWS_44845,3
NEWS_44846,1
NEWS_44847,5
NEWS_44848,1
NEWS_44849,2
NEWS_44850,5
NEWS_44851,2
NEWS_44852,1
NEWS_44853,1
NEWS_44854,4
NEWS_44855,4
NEWS_44856,4
NEWS_44857,5
NEWS_44858,5
NEWS_44859,3
NEWS_44860,5
NEWS_44861,3
NEWS_44862,1
NEWS_44863,4
NEWS_44864,3
NEWS_44865,4
NEWS_44866,0
NEWS_44867,3
NEWS_44868,5
NEWS_44869,2
NEWS_44870,3
NEWS_44871,3
NEWS_44872,1
NEWS_44873,2
NEWS_44874,1
NEWS_44875,3
NEWS_44876,4
NEWS_44877,4
NEWS_44878,2
NEWS_44879,1
NEWS_44880,4
NEWS_44881,4
NEWS_44882,0
NEWS_44883,4
NEWS_44884,5
NEWS_44885,5
NEWS_44886,3
NEWS_44887,1
NEWS_44888,5
NEWS_44889,3
NEWS_44890,4
NEWS_44891,1
NEWS_44892,0
NEWS_44893,4
NEWS_44894,5
NEWS_44895,4
NEWS_44896,0
NEWS_44897,2
NEWS_44898,5
NEWS_44899,4
NEWS_44900,4
NEWS_44901,1
NEWS_44902,5
NEWS_44903,2
NEWS_44904,2
NEWS_44905,3
NEWS_44906,4
NEWS_44907,5
NEWS_44908,2
NEWS_44909,1
NEWS_44910,5
NEWS_44911,0
NEWS_44912,0
NEWS_44913,4
NEWS_44914,0
NEWS_44915,1
NEWS_44916,1
NEWS_44917,4
NEWS_44918,3
NEWS_44919,2
NEWS_44920,5
NEWS_44921,5
NEWS_44922,5
NEWS_44923,3
NEWS_44924,4
NEWS_44925,5
NEWS_44926,3
NEWS_44927,4
NEWS_44928,2
NEWS_44929,0
NEWS_44930,0
NEWS_44931,3
NEWS_44932,3
NEWS_44933,3
NEWS_44934,1
NEWS_44935,4
NEWS_44936,1
NEWS_44937,1
NEWS_44938,3
NEWS_44939,5
NEWS_44940,5
NEWS_44941,4
NEWS_44942,4
NEWS_44943,5
NEWS_44944,2
NEWS_44945,4
NEWS_44946,2
NEWS_44947,4
NEWS_44948,2
NEWS_44949,3
NEWS_44950,4
NEWS_44951,5
NEWS_44952,0
NEWS_44953,4
NEWS_44954,4
NEWS_44955,5
NEWS_44956,2
NEWS_44957,2
NEWS_44958,1
NEWS_44959,3
NEWS_44960,5
NEWS_44961,2
NEWS_44962,4
NEWS_44963,2
NEWS_44964,4
NEWS_44965,4
NEWS_44966,1
NEWS_44967,3
NEWS_44968,1
NEWS_44969,3
NEWS_44970,4
NEWS_44971,3
NEWS_44972,4
NEWS_44973,3
NEWS_44974,4
NEWS_44975,5
NEWS_44976,4
NEWS_44977,1
NEWS_44978,5
NEWS_44979,4
NEWS_44980,4
NEWS_44981,1
NEWS_44982,4
NEWS_44983,3
NEWS_44984,2
NEWS_44985,2
NEWS_44986,5
NEWS_44987,4
NEWS_44988,4
NEWS_44989,1
NEWS_44990,3
NEWS_44991,2
NEWS_44992,4
NEWS_44993,3
NEWS_44994,0
NEWS_44995,4
NEWS_44996,3
NEWS_44997,2
NEWS_44998,5
NEWS_44999,4
NEWS_45000,5
NEWS_45001,5
NEWS_45002,3
NEWS_45003,1
NEWS_45004,0
NEWS_45005,1
NEWS_45006,3
NEWS_45007,4
NEWS_45008,4
NEWS_45009,4
NEWS_45010,4
NEWS_45011,4
NEWS_45012,2
NEWS_45013,0
NEWS_45014,5
NEWS_45015,4
NEWS_45016,1
NEWS_45017,5
NEWS_45018,4
NEWS_45019,0
NEWS_45020,4
NEWS_45021,2
NEWS_45022,1
NEWS_45023,3
NEWS_45024,4
NEWS_45025,4
NEWS_45026,1
NEWS_45027,1
NEWS_45028,4
NEWS_45029,4
NEWS_45030,3
NEWS_45031,4
NEWS_45032,1
NEWS_45033,1
NEWS_45034,0
NEWS_45035,3
NEWS_45036,4
NEWS_45037,3
NEWS_45038,4
NEWS_45039,2
NEWS_45040,4
NEWS_45041,4
NEWS_45042,4
NEWS_45043,1
NEWS_45044,5
NEWS_45045,3
NEWS_45046,4
NEWS_45047,2
NEWS_45048,4
NEWS_45049,4
NEWS_45050,5
NEWS_45051,5
NEWS_45052,4
NEWS_45053,3
NEWS_45054,2
NEWS_45055,5
NEWS_45056,3
NEWS_45057,4
NEWS_45058,5
NEWS_45059,3
NEWS_45060,4
NEWS_45061,3
NEWS_45062,1
NEWS_45063,1
NEWS_45064,2
NEWS_45065,3
NEWS_45066,3
NEWS_45067,4
NEWS_45068,1
NEWS_45069,5
NEWS_45070,1
NEWS_45071,1
NEWS_45072,1
NEWS_45073,3
NEWS_45074,3
NEWS_45075,5
NEWS_45076,4
NEWS_45077,0
NEWS_45078,4
NEWS_45079,1
NEWS_45080,4
NEWS_45081,4
NEWS_45082,1
NEWS_45083,2
NEWS_45084,4
NEWS_45085,4
NEWS_45086,4
NEWS_45087,4
NEWS_45088,0
NEWS_45089,4
NEWS_45090,5
NEWS_45091,4
NEWS_45092,4
NEWS_45093,0
NEWS_45094,5
NEWS_45095,3
NEWS_45096,3
NEWS_45097,1
NEWS_45098,3
NEWS_45099,4
NEWS_45100,5
NEWS_45101,0
NEWS_45102,2
NEWS_45103,1
NEWS_45104,1
NEWS_45105,3
NEWS_45106,4
NEWS_45107,3
NEWS_45108,1
NEWS_45109,2
NEWS_45110,2
NEWS_45111,1
NEWS_45112,0
NEWS_45113,2
NEWS_45114,5
NEWS_45115,2
NEWS_45116,5
NEWS_45117,2
NEWS_45118,4
NEWS_45119,4
NEWS_45120,3
NEWS_45121,4
NEWS_45122,4
NEWS_45123,4
NEWS_45124,1
NEWS_45125,4
NEWS_45126,5
NEWS_45127,4
NEWS_45128,4
NEWS_45129,5
NEWS_45130,5
NEWS_45131,5
NEWS_45132,4
NEWS_45133,3
NEWS_45134,4
NEWS_45135,0
NEWS_45136,3
NEWS_45137,5
NEWS_45138,3
NEWS_45139,5
NEWS_45140,4
NEWS_45141,4
NEWS_45142,1
NEWS_45143,1
NEWS_45144,0
NEWS_45145,5
NEWS_45146,4
NEWS_45147,1
NEWS_45148,3
NEWS_45149,3
NEWS_45150,3
NEWS_45151,2
NEWS_45152,4
NEWS_45153,3
NEWS_45154,4
NEWS_45155,3
NEWS_45156,1
NEWS_45157,5
NEWS_45158,5
NEWS_45159,3
NEWS_45160,2
NEWS_45161,4
NEWS_45162,3
NEWS_45163,0
NEWS_45164,3
NEWS_45165,2
NEWS_45166,1
NEWS_45167,1
NEWS_45168,1
NEWS_45169,2
NEWS_45170,4
NEWS_45171,1
NEWS_45172,1
NEWS_45173,2
NEWS_45174,4
NEWS_45175,2
NEWS_45176,5
NEWS_45177,5
NEWS_45178,4
NEWS_45179,4
NEWS_45180,2
NEWS_45181,2
NEWS_45182,2
NEWS_45183,4
NEWS_45184,4
NEWS_45185,1
NEWS_45186,0
NEWS_45187,5
NEWS_45188,4
NEWS_45189,2
NEWS_45190,4
NEWS_45191,4
NEWS_45192,2
NEWS_45193,4
NEWS_45194,4
NEWS_45195,1
NEWS_45196,4
NEWS_45197,3
NEWS_45198,3
NEWS_45199,1
NEWS_45200,3
NEWS_45201,5
NEWS_45202,2
NEWS_45203,2
NEWS_45204,4
NEWS_45205,3
NEWS_45206,5
NEWS_45207,5
NEWS_45208,3
NEWS_45209,4
NEWS_45210,1
NEWS_45211,5
NEWS_45212,5
NEWS_45213,4
NEWS_45214,3
NEWS_45215,1
NEWS_45216,5
NEWS_45217,1
NEWS_45218,1
NEWS_45219,5
NEWS_45220,5
NEWS_45221,1
NEWS_45222,3
NEWS_45223,0
NEWS_45224,4
NEWS_45225,5
NEWS_45226,2
NEWS_45227,0
NEWS_45228,0
NEWS_45229,5
NEWS_45230,2
NEWS_45231,4
NEWS_45232,1
NEWS_45233,5
NEWS_45234,1
NEWS_45235,4
NEWS_45236,1
NEWS_45237,0
NEWS_45238,2
NEWS_45239,4
NEWS_45240,2
NEWS_45241,3
NEWS_45242,1
NEWS_45243,4
NEWS_45244,5
NEWS_45245,5
NEWS_45246,4
NEWS_45247,4
NEWS_45248,4
NEWS_45249,4
NEWS_45250,5
NEWS_45251,1
NEWS_45252,0
NEWS_45253,1
NEWS_45254,4
NEWS_45255,4
NEWS_45256,2
NEWS_45257,4
NEWS_45258,4
NEWS_45259,4
NEWS_45260,2
NEWS_45261,5
NEWS_45262,1
NEWS_45263,3
NEWS_45264,2
NEWS_45265,1
NEWS_45266,4
NEWS_45267,4
NEWS_45268,4
NEWS_45269,5
NEWS_45270,4
NEWS_45271,3
NEWS_45272,2
NEWS_45273,4
NEWS_45274,1
NEWS_45275,1
NEWS_45276,2
NEWS_45277,4
NEWS_45278,5
NEWS_45279,3
NEWS_45280,0
NEWS_45281,4
NEWS_45282,1
NEWS_45283,3
NEWS_45284,3
NEWS_45285,4
NEWS_45286,5
NEWS_45287,5
NEWS_45288,3
NEWS_45289,4
NEWS_45290,0
NEWS_45291,1
NEWS_45292,1
NEWS_45293,2
NEWS_45294,3
NEWS_45295,2
NEWS_45296,1
NEWS_45297,4
NEWS_45298,5
NEWS_45299,1
NEWS_45300,4
NEWS_45301,4
NEWS_45302,1
NEWS_45303,2
NEWS_45304,5
NEWS_45305,4
NEWS_45306,4
NEWS_45307,2
NEWS_45308,5
NEWS_45309,4
NEWS_45310,4
NEWS_45311,2
NEWS_45312,3
NEWS_45313,3
NEWS_45314,4
NEWS_45315,4
NEWS_45316,2
NEWS_45317,1
NEWS_45318,3
NEWS_45319,1
NEWS_45320,4
NEWS_45321,3
NEWS_45322,3
NEWS_45323,4
NEWS_45324,2
NEWS_45325,1
NEWS_45326,2
NEWS_45327,5
NEWS_45328,5
NEWS_45329,3
NEWS_45330,3
NEWS_45331,1
NEWS_45332,5
NEWS_45333,3
NEWS_45334,3
NEWS_45335,1
NEWS_45336,4
NEWS_45337,4
NEWS_45338,2
NEWS_45339,4
NEWS_45340,1
NEWS_45341,1
NEWS_45342,5
NEWS_45343,0
NEWS_45344,2
NEWS_45345,4
NEWS_45346,4
NEWS_45347,4
NEWS_45348,4
NEWS_45349,0
NEWS_45350,2
NEWS_45351,4
NEWS_45352,4
NEWS_45353,2
NEWS_45354,5
NEWS_45355,2
NEWS_45356,5
NEWS_45357,5
NEWS_45358,1
NEWS_45359,5
NEWS_45360,3
NEWS_45361,3
NEWS_45362,4
NEWS_45363,0
NEWS_45364,5
NEWS_45365,0
NEWS_45366,1
NEWS_45367,1
NEWS_45368,1
NEWS_45369,3
NEWS_45370,0
NEWS_45371,5
NEWS_45372,4
NEWS_45373,2
NEWS_45374,5
NEWS_45375,1
NEWS_45376,5
NEWS_45377,4
NEWS_45378,3
NEWS_45379,0
NEWS_45380,4
NEWS_45381,4
NEWS_45382,3
NEWS_45383,3
NEWS_45384,2
NEWS_45385,3
NEWS_45386,3
NEWS_45387,3
NEWS_45388,3
NEWS_45389,1
NEWS_45390,5
NEWS_45391,4
NEWS_45392,5
NEWS_45393,3
NEWS_45394,4
NEWS_45395,4
NEWS_45396,4
NEWS_45397,1
NEWS_45398,3
NEWS_45399,2
NEWS_45400,2
NEWS_45401,3
NEWS_45402,4
NEWS_45403,3
NEWS_45404,3
NEWS_45405,4
NEWS_45406,4
NEWS_45407,5
NEWS_45408,3
NEWS_45409,5
NEWS_45410,0
NEWS_45411,5
NEWS_45412,1
NEWS_45413,3
NEWS_45414,1
NEWS_45415,5
NEWS_45416,1
NEWS_45417,3
NEWS_45418,1
NEWS_45419,4
NEWS_45420,4
NEWS_45421,4
NEWS_45422,5
NEWS_45423,3
NEWS_45424,3
NEWS_45425,2
NEWS_45426,5
NEWS_45427,3
NEWS_45428,4
NEWS_45429,4
NEWS_45430,2
NEWS_45431,3
NEWS_45432,2
NEWS_45433,3
NEWS_45434,1
NEWS_45435,5
NEWS_45436,0
NEWS_45437,1
NEWS_45438,3
NEWS_45439,2
NEWS_45440,4
NEWS_45441,4
NEWS_45442,2
NEWS_45443,1
NEWS_45444,5
NEWS_45445,4
NEWS_45446,4
NEWS_45447,4
NEWS_45448,1
NEWS_45449,1
NEWS_45450,3
NEWS_45451,3
NEWS_45452,1
NEWS_45453,2
NEWS_45454,3
NEWS_45455,1
NEWS_45456,5
NEWS_45457,1
NEWS_45458,1
NEWS_45459,4
NEWS_45460,5
NEWS_45461,4
NEWS_45462,4
NEWS_45463,3
NEWS_45464,3
NEWS_45465,1
NEWS_45466,4
NEWS_45467,4
NEWS_45468,3
NEWS_45469,2
NEWS_45470,3
NEWS_45471,5
NEWS_45472,4
NEWS_45473,4
NEWS_45474,4
NEWS_45475,1
NEWS_45476,5
NEWS_45477,3
NEWS_45478,5
NEWS_45479,1
NEWS_45480,4
NEWS_45481,3
NEWS_45482,1
NEWS_45483,5
NEWS_45484,5
NEWS_45485,3
NEWS_45486,4
NEWS_45487,2
NEWS_45488,5
NEWS_45489,5
NEWS_45490,5
NEWS_45491,2
NEWS_45492,2
NEWS_45493,4
NEWS_45494,5
NEWS_45495,4
NEWS_45496,4
NEWS_45497,4
NEWS_45498,1
NEWS_45499,2
NEWS_45500,1
NEWS_45501,3
NEWS_45502,5
NEWS_45503,4
NEWS_45504,4
NEWS_45505,5
NEWS_45506,1
NEWS_45507,0
NEWS_45508,0
NEWS_45509,4
NEWS_45510,1
NEWS_45511,4
NEWS_45512,4
NEWS_45513,1
NEWS_45514,3
NEWS_45515,2
NEWS_45516,4
NEWS_45517,3
NEWS_45518,2
NEWS_45519,1
NEWS_45520,4
NEWS_45521,3
NEWS_45522,1
NEWS_45523,0
NEWS_45524,5
NEWS_45525,2
NEWS_45526,1
NEWS_45527,4
NEWS_45528,2
NEWS_45529,1
NEWS_45530,2
NEWS_45531,5
NEWS_45532,4
NEWS_45533,4
NEWS_45534,0
NEWS_45535,4
NEWS_45536,4
NEWS_45537,2
NEWS_45538,0
NEWS_45539,4
NEWS_45540,3
NEWS_45541,1
NEWS_45542,2
NEWS_45543,3
NEWS_45544,5
NEWS_45545,3
NEWS_45546,3
NEWS_45547,1
NEWS_45548,1
NEWS_45549,1
NEWS_45550,4
NEWS_45551,4
NEWS_45552,1
NEWS_45553,1
NEWS_45554,4
NEWS_45555,5
NEWS_45556,3
NEWS_45557,3
NEWS_45558,3
NEWS_45559,2
NEWS_45560,4
NEWS_45561,3
NEWS_45562,3
NEWS_45563,3
NEWS_45564,4
NEWS_45565,2
NEWS_45566,5
NEWS_45567,4
NEWS_45568,4
NEWS_45569,2
NEWS_45570,5
NEWS_45571,4
NEWS_45572,2
NEWS_45573,2
NEWS_45574,1
NEWS_45575,3
NEWS_45576,3
NEWS_45577,4
NEWS_45578,5
NEWS_45579,3
NEWS_45580,1
NEWS_45581,3
NEWS_45582,5
NEWS_45583,4
NEWS_45584,5
NEWS_45585,5
NEWS_45586,1
NEWS_45587,4
NEWS_45588,4
NEWS_45589,4
NEWS_45590,0
NEWS_45591,1
NEWS_45592,3
NEWS_45593,1
NEWS_45594,4
NEWS_45595,5
NEWS_45596,3
NEWS_45597,0
NEWS_45598,3
NEWS_45599,5
NEWS_45600,1
NEWS_45601,4
NEWS_45602,4
NEWS_45603,3
NEWS_45604,3
NEWS_45605,5
NEWS_45606,2
NEWS_45607,5
NEWS_45608,4
NEWS_45609,3
NEWS_45610,1
NEWS_45611,4
NEWS_45612,4
NEWS_45613,5
NEWS_45614,3
NEWS_45615,5
NEWS_45616,5
NEWS_45617,3
NEWS_45618,5
NEWS_45619,5
NEWS_45620,3
NEWS_45621,2
NEWS_45622,5
NEWS_45623,4
NEWS_45624,4
NEWS_45625,4
NEWS_45626,1
NEWS_45627,4
NEWS_45628,5
NEWS_45629,4
NEWS_45630,4
NEWS_45631,1
NEWS_45632,4
NEWS_45633,5
NEWS_45634,4
NEWS_45635,4
NEWS_45636,4
NEWS_45637,3
NEWS_45638,5
NEWS_45639,3
NEWS_45640,4
NEWS_45641,4
NEWS_45642,2
NEWS_45643,3
NEWS_45644,4
NEWS_45645,4
NEWS_45646,1
NEWS_45647,0
NEWS_45648,2
NEWS_45649,0
NEWS_45650,4
NEWS_45651,3
NEWS_45652,1
NEWS_45653,2
NEWS_45654,5
NEWS_45655,0
NEWS_45656,5
NEWS_45657,3
NEWS_45658,4
NEWS_45659,5
NEWS_45660,5
NEWS_45661,1
NEWS_45662,2
NEWS_45663,3
NEWS_45664,0
NEWS_45665,4
NEWS_45666,1
NEWS_45667,1
NEWS_45668,3
NEWS_45669,4
NEWS_45670,2
NEWS_45671,3
NEWS_45672,4
NEWS_45673,4
NEWS_45674,4
NEWS_45675,2
NEWS_45676,2
NEWS_45677,2
NEWS_45678,2
NEWS_45679,5
NEWS_45680,2
NEWS_45681,4
NEWS_45682,0
NEWS_45683,3
NEWS_45684,4
NEWS_45685,3
NEWS_45686,2
NEWS_45687,3
NEWS_45688,4
NEWS_45689,4
NEWS_45690,1
NEWS_45691,5
NEWS_45692,5
NEWS_45693,1
NEWS_45694,4
NEWS_45695,3
NEWS_45696,4
NEWS_45697,3
NEWS_45698,2
NEWS_45699,2
NEWS_45700,2
NEWS_45701,1
NEWS_45702,1
NEWS_45703,1
NEWS_45704,4
NEWS_45705,1
NEWS_45706,4
NEWS_45707,2
NEWS_45708,1
NEWS_45709,2
NEWS_45710,5
NEWS_45711,1
NEWS_45712,5
NEWS_45713,4
NEWS_45714,3
NEWS_45715,4
NEWS_45716,4
NEWS_45717,1
NEWS_45718,4
NEWS_45719,1
NEWS_45720,1
NEWS_45721,4
NEWS_45722,4
NEWS_45723,5
NEWS_45724,1
NEWS_45725,4
NEWS_45726,4
NEWS_45727,0
NEWS_45728,1
NEWS_45729,4
NEWS_45730,5
NEWS_45731,3
NEWS_45732,3
NEWS_45733,1
NEWS_45734,2
NEWS_45735,3
NEWS_45736,0
NEWS_45737,2
NEWS_45738,0
NEWS_45739,2
NEWS_45740,3
NEWS_45741,5
NEWS_45742,3
NEWS_45743,3
NEWS_45744,0
NEWS_45745,4
NEWS_45746,1
NEWS_45747,3
NEWS_45748,4
NEWS_45749,5
NEWS_45750,4
NEWS_45751,1
NEWS_45752,4
NEWS_45753,2
NEWS_45754,1
NEWS_45755,4
NEWS_45756,4
NEWS_45757,2
NEWS_45758,3
NEWS_45759,4
NEWS_45760,1
NEWS_45761,0
NEWS_45762,4
NEWS_45763,5
NEWS_45764,4
NEWS_45765,5
NEWS_45766,4
NEWS_45767,3
NEWS_45768,5
NEWS_45769,4
NEWS_45770,3
NEWS_45771,5
NEWS_45772,2
NEWS_45773,1
NEWS_45774,4
NEWS_45775,5
NEWS_45776,1
NEWS_45777,1
NEWS_45778,4
NEWS_45779,4
NEWS_45780,0
NEWS_45781,3
NEWS_45782,3
NEWS_45783,1
NEWS_45784,1
NEWS_45785,0
NEWS_45786,1
NEWS_45787,3
NEWS_45788,5
NEWS_45789,5
NEWS_45790,5
NEWS_45791,4
NEWS_45792,5
NEWS_45793,5
NEWS_45794,1
NEWS_45795,3
NEWS_45796,1
NEWS_45797,4
NEWS_45798,2
NEWS_45799,2
NEWS_45800,3
NEWS_45801,2
NEWS_45802,4
NEWS_45803,5
NEWS_45804,5
NEWS_45805,3
NEWS_45806,4
NEWS_45807,2
NEWS_45808,4
NEWS_45809,4
NEWS_45810,4
NEWS_45811,1
NEWS_45812,2
NEWS_45813,3
NEWS_45814,5
NEWS_45815,1
NEWS_45816,3
NEWS_45817,5
NEWS_45818,2
NEWS_45819,4
NEWS_45820,1
NEWS_45821,5
NEWS_45822,4
NEWS_45823,1
NEWS_45824,3
NEWS_45825,3
NEWS_45826,1
NEWS_45827,2
NEWS_45828,1
NEWS_45829,5
NEWS_45830,0
NEWS_45831,2
NEWS_45832,4
NEWS_45833,0
NEWS_45834,1
NEWS_45835,2
NEWS_45836,4
NEWS_45837,0
NEWS_45838,2
NEWS_45839,4
NEWS_45840,3
NEWS_45841,2
NEWS_45842,4
NEWS_45843,4
NEWS_45844,3
NEWS_45845,4
NEWS_45846,1
NEWS_45847,5
NEWS_45848,1
NEWS_45849,2
NEWS_45850,3
NEWS_45851,1
NEWS_45852,4
NEWS_45853,0
NEWS_45854,4
NEWS_45855,3
NEWS_45856,2
NEWS_45857,5
NEWS_45858,5
NEWS_45859,0
NEWS_45860,3
NEWS_45861,5
NEWS_45862,4
NEWS_45863,4
NEWS_45864,2
NEWS_45865,4
NEWS_45866,1
NEWS_45867,4
NEWS_45868,5
NEWS_45869,1
NEWS_45870,5
NEWS_45871,3
NEWS_45872,4
NEWS_45873,4
NEWS_45874,4
NEWS_45875,4
NEWS_45876,1
NEWS_45877,3
NEWS_45878,4
NEWS_45879,2
NEWS_45880,2
NEWS_45881,3
NEWS_45882,0
NEWS_45883,4
NEWS_45884,3
NEWS_45885,5
NEWS_45886,3
NEWS_45887,1
NEWS_45888,1
NEWS_45889,2
NEWS_45890,3
NEWS_45891,5
NEWS_45892,1
NEWS_45893,3
NEWS_45894,4
NEWS_45895,1
NEWS_45896,1
NEWS_45897,4
NEWS_45898,2
NEWS_45899,4
NEWS_45900,1
NEWS_45901,2
NEWS_45902,1
NEWS_45903,3
NEWS_45904,2
NEWS_45905,1
NEWS_45906,4
NEWS_45907,3
NEWS_45908,4
NEWS_45909,5
NEWS_45910,2
NEWS_45911,1
NEWS_45912,3
NEWS_45913,2
NEWS_45914,2
NEWS_45915,5
NEWS_45916,1
NEWS_45917,1
NEWS_45918,3
NEWS_45919,4
NEWS_45920,1
NEWS_45921,2
NEWS_45922,3
NEWS_45923,5
NEWS_45924,2
NEWS_45925,5
NEWS_45926,2
NEWS_45927,4
NEWS_45928,1
NEWS_45929,4
NEWS_45930,0
NEWS_45931,5
NEWS_45932,5
NEWS_45933,1
NEWS_45934,2
NEWS_45935,4
NEWS_45936,4
NEWS_45937,0
NEWS_45938,3
NEWS_45939,3
NEWS_45940,4
NEWS_45941,2
NEWS_45942,1
NEWS_45943,2
NEWS_45944,4
NEWS_45945,1
NEWS_45946,4
NEWS_45947,2
NEWS_45948,3
NEWS_45949,4
NEWS_45950,1
NEWS_45951,0
NEWS_45952,4
NEWS_45953,4
NEWS_45954,5
NEWS_45955,4
NEWS_45956,0
NEWS_45957,1
NEWS_45958,1
NEWS_45959,3
NEWS_45960,5
NEWS_45961,1
NEWS_45962,5
NEWS_45963,4
NEWS_45964,5
NEWS_45965,4
NEWS_45966,3
NEWS_45967,4
NEWS_45968,2
NEWS_45969,3
NEWS_45970,4
NEWS_45971,1
NEWS_45972,1
NEWS_45973,3
NEWS_45974,4
NEWS_45975,3
NEWS_45976,2
NEWS_45977,1
NEWS_45978,4
NEWS_45979,3
NEWS_45980,4
NEWS_45981,2
NEWS_45982,3
NEWS_45983,4
NEWS_45984,1
NEWS_45985,5
NEWS_45986,4
NEWS_45987,5
NEWS_45988,2
NEWS_45989,4
NEWS_45990,2
NEWS_45991,2
NEWS_45992,1
NEWS_45993,3
NEWS_45994,1
NEWS_45995,5
NEWS_45996,2
NEWS_45997,5
NEWS_45998,5
NEWS_45999,5
NEWS_46000,2
NEWS_46001,2
NEWS_46002,2
NEWS_46003,4
NEWS_46004,4
NEWS_46005,4
NEWS_46006,4
NEWS_46007,0
NEWS_46008,1
NEWS_46009,2
NEWS_46010,3
NEWS_46011,1
NEWS_46012,3
NEWS_46013,3
NEWS_46014,1
NEWS_46015,4
NEWS_46016,1
NEWS_46017,1
NEWS_46018,3
NEWS_46019,4
NEWS_46020,5
NEWS_46021,1
NEWS_46022,5
NEWS_46023,2
NEWS_46024,4
NEWS_46025,3
NEWS_46026,5
NEWS_46027,4
NEWS_46028,5
NEWS_46029,2
NEWS_46030,5
NEWS_46031,5
NEWS_46032,4
NEWS_46033,4
NEWS_46034,4
NEWS_46035,1
NEWS_46036,5
NEWS_46037,3
NEWS_46038,3
NEWS_46039,4
NEWS_46040,3
NEWS_46041,4
NEWS_46042,1
NEWS_46043,4
NEWS_46044,3
NEWS_46045,4
NEWS_46046,4
NEWS_46047,0
NEWS_46048,2
NEWS_46049,4
NEWS_46050,5
NEWS_46051,1
NEWS_46052,1
NEWS_46053,3
NEWS_46054,4
NEWS_46055,5
NEWS_46056,1
NEWS_46057,1
NEWS_46058,5
NEWS_46059,5
NEWS_46060,4
NEWS_46061,4
NEWS_46062,5
NEWS_46063,1
NEWS_46064,4
NEWS_46065,0
NEWS_46066,5
NEWS_46067,1
NEWS_46068,1
NEWS_46069,4
NEWS_46070,4
NEWS_46071,3
NEWS_46072,5
NEWS_46073,4
NEWS_46074,5
NEWS_46075,2
NEWS_46076,2
NEWS_46077,4
NEWS_46078,3
NEWS_46079,5
NEWS_46080,4
NEWS_46081,2
NEWS_46082,2
NEWS_46083,3
NEWS_46084,3
NEWS_46085,1
NEWS_46086,2
NEWS_46087,3
NEWS_46088,1
NEWS_46089,1
NEWS_46090,0
NEWS_46091,0
NEWS_46092,0
NEWS_46093,4
NEWS_46094,1
NEWS_46095,5
NEWS_46096,2
NEWS_46097,3
NEWS_46098,5
NEWS_46099,4
NEWS_46100,4
NEWS_46101,4
NEWS_46102,1
NEWS_46103,4
NEWS_46104,1
NEWS_46105,4
NEWS_46106,5
NEWS_46107,4
NEWS_46108,4
NEWS_46109,4
NEWS_46110,1
NEWS_46111,3
NEWS_46112,2
NEWS_46113,1
NEWS_46114,2
NEWS_46115,2
NEWS_46116,2
NEWS_46117,2
NEWS_46118,5
NEWS_46119,1
NEWS_46120,4
NEWS_46121,2
NEWS_46122,4
NEWS_46123,2
NEWS_46124,4
NEWS_46125,3
NEWS_46126,1
NEWS_46127,3
NEWS_46128,3
NEWS_46129,4
NEWS_46130,3
NEWS_46131,4
NEWS_46132,4
NEWS_46133,3
NEWS_46134,1
NEWS_46135,3
NEWS_46136,4
NEWS_46137,5
NEWS_46138,2
NEWS_46139,2
NEWS_46140,3
NEWS_46141,5
NEWS_46142,4
NEWS_46143,3
NEWS_46144,4
NEWS_46145,1
NEWS_46146,2
NEWS_46147,4
NEWS_46148,2
NEWS_46149,3
NEWS_46150,3
NEWS_46151,4
NEWS_46152,3
NEWS_46153,3
NEWS_46154,2
NEWS_46155,4
NEWS_46156,2
NEWS_46157,3
NEWS_46158,0
NEWS_46159,5
NEWS_46160,1
NEWS_46161,3
NEWS_46162,4
NEWS_46163,3
NEWS_46164,1
NEWS_46165,4
NEWS_46166,3
NEWS_46167,4
NEWS_46168,3
NEWS_46169,1
NEWS_46170,4
NEWS_46171,4
NEWS_46172,1
NEWS_46173,2
NEWS_46174,1
NEWS_46175,1
NEWS_46176,1
NEWS_46177,1
NEWS_46178,4
NEWS_46179,4
NEWS_46180,5
NEWS_46181,3
NEWS_46182,3
NEWS_46183,5
NEWS_46184,1
NEWS_46185,4
NEWS_46186,4
NEWS_46187,4
NEWS_46188,1
NEWS_46189,5
NEWS_46190,5
NEWS_46191,5
NEWS_46192,3
NEWS_46193,2
NEWS_46194,3
NEWS_46195,5
NEWS_46196,4
NEWS_46197,4
NEWS_46198,1
NEWS_46199,4
NEWS_46200,5
NEWS_46201,0
NEWS_46202,5
NEWS_46203,2
NEWS_46204,1
NEWS_46205,4
NEWS_46206,3
NEWS_46207,0
NEWS_46208,0
NEWS_46209,1
NEWS_46210,0
NEWS_46211,5
NEWS_46212,1
NEWS_46213,4
NEWS_46214,3
NEWS_46215,4
NEWS_46216,4
NEWS_46217,5
NEWS_46218,3
NEWS_46219,4
NEWS_46220,2
NEWS_46221,3
NEWS_46222,5
NEWS_46223,3
NEWS_46224,4
NEWS_46225,3
NEWS_46226,1
NEWS_46227,1
NEWS_46228,3
NEWS_46229,1
NEWS_46230,5
NEWS_46231,3
NEWS_46232,1
NEWS_46233,3
NEWS_46234,5
NEWS_46235,5
NEWS_46236,2
NEWS_46237,4
NEWS_46238,1
NEWS_46239,3
NEWS_46240,2
NEWS_46241,3
NEWS_46242,4
NEWS_46243,4
NEWS_46244,1
NEWS_46245,0
NEWS_46246,2
NEWS_46247,1
NEWS_46248,3
NEWS_46249,4
NEWS_46250,1
NEWS_46251,1
NEWS_46252,4
NEWS_46253,5
NEWS_46254,2
NEWS_46255,3
NEWS_46256,5
NEWS_46257,1
NEWS_46258,1
NEWS_46259,2
NEWS_46260,1
NEWS_46261,2
NEWS_46262,2
NEWS_46263,5
NEWS_46264,4
NEWS_46265,4
NEWS_46266,1
NEWS_46267,2
NEWS_46268,4
NEWS_46269,4
NEWS_46270,3
NEWS_46271,4
NEWS_46272,4
NEWS_46273,4
NEWS_46274,3
NEWS_46275,2
NEWS_46276,5
NEWS_46277,2
NEWS_46278,1
NEWS_46279,4
NEWS_46280,5
NEWS_46281,1
NEWS_46282,3
NEWS_46283,4
NEWS_46284,5
NEWS_46285,4
NEWS_46286,5
NEWS_46287,1
NEWS_46288,4
NEWS_46289,4
NEWS_46290,4
NEWS_46291,4
NEWS_46292,1
NEWS_46293,1
NEWS_46294,0
NEWS_46295,2
NEWS_46296,3
NEWS_46297,3
NEWS_46298,3
NEWS_46299,0
NEWS_46300,0
NEWS_46301,2
NEWS_46302,4
NEWS_46303,1
NEWS_46304,4
NEWS_46305,3
NEWS_46306,2
NEWS_46307,3
NEWS_46308,2
NEWS_46309,2
NEWS_46310,1
NEWS_46311,5
NEWS_46312,4
NEWS_46313,1
NEWS_46314,3
NEWS_46315,3
NEWS_46316,4
NEWS_46317,4
NEWS_46318,5
NEWS_46319,2
NEWS_46320,1
NEWS_46321,5
NEWS_46322,3
NEWS_46323,2
NEWS_46324,1
NEWS_46325,4
NEWS_46326,4
NEWS_46327,3
NEWS_46328,3
NEWS_46329,2
NEWS_46330,3
NEWS_46331,2
NEWS_46332,4
NEWS_46333,3
NEWS_46334,4
NEWS_46335,3
NEWS_46336,2
NEWS_46337,3
NEWS_46338,4
NEWS_46339,2
NEWS_46340,5
NEWS_46341,4
NEWS_46342,4
NEWS_46343,4
NEWS_46344,2
NEWS_46345,1
NEWS_46346,5
NEWS_46347,4
NEWS_46348,1
NEWS_46349,4
NEWS_46350,4
NEWS_46351,2
NEWS_46352,2
NEWS_46353,4
NEWS_46354,2
NEWS_46355,4
NEWS_46356,5
NEWS_46357,1
NEWS_46358,1
NEWS_46359,4
NEWS_46360,1
NEWS_46361,1
NEWS_46362,3
NEWS_46363,1
NEWS_46364,2
NEWS_46365,3
NEWS_46366,3
NEWS_46367,1
NEWS_46368,4
NEWS_46369,4
NEWS_46370,1
NEWS_46371,1
NEWS_46372,2
NEWS_46373,4
NEWS_46374,5
NEWS_46375,4
NEWS_46376,5
NEWS_46377,1
NEWS_46378,2
NEWS_46379,4
NEWS_46380,5
NEWS_46381,4
NEWS_46382,1
NEWS_46383,4
NEWS_46384,4
NEWS_46385,5
NEWS_46386,2
NEWS_46387,5
NEWS_46388,2
NEWS_46389,3
NEWS_46390,3
NEWS_46391,3
NEWS_46392,3
NEWS_46393,5
NEWS_46394,1
NEWS_46395,2
NEWS_46396,4
NEWS_46397,4
NEWS_46398,5
NEWS_46399,4
NEWS_46400,5
NEWS_46401,5
NEWS_46402,2
NEWS_46403,4
NEWS_46404,4
NEWS_46405,4
NEWS_46406,5
NEWS_46407,2
NEWS_46408,3
NEWS_46409,2
NEWS_46410,1
NEWS_46411,5
NEWS_46412,5
NEWS_46413,5
NEWS_46414,4
NEWS_46415,2
NEWS_46416,3
NEWS_46417,0
NEWS_46418,3
NEWS_46419,1
NEWS_46420,4
NEWS_46421,4
NEWS_46422,5
NEWS_46423,4
NEWS_46424,4
NEWS_46425,1
NEWS_46426,1
NEWS_46427,4
NEWS_46428,1
NEWS_46429,4
NEWS_46430,0
NEWS_46431,4
NEWS_46432,3
NEWS_46433,2
NEWS_46434,4
NEWS_46435,2
NEWS_46436,2
NEWS_46437,3
NEWS_46438,3
NEWS_46439,4
NEWS_46440,4
NEWS_46441,3
NEWS_46442,4
NEWS_46443,3
NEWS_46444,1
NEWS_46445,1
NEWS_46446,5
NEWS_46447,2
NEWS_46448,3
NEWS_46449,3
NEWS_46450,1
NEWS_46451,5
NEWS_46452,5
NEWS_46453,2
NEWS_46454,1
NEWS_46455,5
NEWS_46456,3
NEWS_46457,3
NEWS_46458,1
NEWS_46459,1
NEWS_46460,3
NEWS_46461,1
NEWS_46462,1
NEWS_46463,1
NEWS_46464,4
NEWS_46465,4
NEWS_46466,1
NEWS_46467,2
NEWS_46468,1
NEWS_46469,2
NEWS_46470,3
NEWS_46471,1
NEWS_46472,2
NEWS_46473,1
NEWS_46474,5
NEWS_46475,4
NEWS_46476,4
NEWS_46477,2
NEWS_46478,2
NEWS_46479,3
NEWS_46480,4
NEWS_46481,2
NEWS_46482,4
NEWS_46483,4
NEWS_46484,4
NEWS_46485,1
NEWS_46486,5
NEWS_46487,1
NEWS_46488,0
NEWS_46489,1
NEWS_46490,1
NEWS_46491,1
NEWS_46492,4
NEWS_46493,1
NEWS_46494,5
NEWS_46495,5
NEWS_46496,4
NEWS_46497,5
NEWS_46498,4
NEWS_46499,3
NEWS_46500,5
NEWS_46501,4
NEWS_46502,2
NEWS_46503,1
NEWS_46504,5
NEWS_46505,1
NEWS_46506,3
NEWS_46507,1
NEWS_46508,4
NEWS_46509,3
NEWS_46510,3
NEWS_46511,4
NEWS_46512,2
NEWS_46513,1
NEWS_46514,4
NEWS_46515,4
NEWS_46516,3
NEWS_46517,1
NEWS_46518,4
NEWS_46519,4
NEWS_46520,1
NEWS_46521,2
NEWS_46522,4
NEWS_46523,1
NEWS_46524,4
NEWS_46525,1
NEWS_46526,5
NEWS_46527,4
NEWS_46528,2
NEWS_46529,4
NEWS_46530,0
NEWS_46531,5
NEWS_46532,4
NEWS_46533,1
NEWS_46534,4
NEWS_46535,5
NEWS_46536,1
NEWS_46537,3
NEWS_46538,4
NEWS_46539,5
NEWS_46540,1
NEWS_46541,4
NEWS_46542,4
NEWS_46543,1
NEWS_46544,3
NEWS_46545,1
NEWS_46546,5
NEWS_46547,1
NEWS_46548,2
NEWS_46549,4
NEWS_46550,3
NEWS_46551,4
NEWS_46552,4
NEWS_46553,1
NEWS_46554,4
NEWS_46555,4
NEWS_46556,4
NEWS_46557,4
NEWS_46558,4
NEWS_46559,4
NEWS_46560,2
NEWS_46561,4
NEWS_46562,4
NEWS_46563,0
NEWS_46564,3
NEWS_46565,5
NEWS_46566,1
NEWS_46567,4
NEWS_46568,4
NEWS_46569,1
NEWS_46570,2
NEWS_46571,4
NEWS_46572,0
NEWS_46573,5
NEWS_46574,3
NEWS_46575,0
NEWS_46576,4
NEWS_46577,5
NEWS_46578,4
NEWS_46579,4
NEWS_46580,3
NEWS_46581,1
NEWS_46582,5
NEWS_46583,1
NEWS_46584,2
NEWS_46585,1
NEWS_46586,2
NEWS_46587,4
NEWS_46588,5
NEWS_46589,5
NEWS_46590,4
NEWS_46591,1
NEWS_46592,1
NEWS_46593,5
NEWS_46594,0
NEWS_46595,4
NEWS_46596,0
NEWS_46597,5
NEWS_46598,5
NEWS_46599,3
NEWS_46600,1
NEWS_46601,4
NEWS_46602,3
NEWS_46603,4
NEWS_46604,5
NEWS_46605,3
NEWS_46606,5
NEWS_46607,4
NEWS_46608,4
NEWS_46609,4
NEWS_46610,1
NEWS_46611,4
NEWS_46612,3
NEWS_46613,2
NEWS_46614,1
NEWS_46615,1
NEWS_46616,1
NEWS_46617,1
NEWS_46618,4
NEWS_46619,4
NEWS_46620,4
NEWS_46621,5
NEWS_46622,2
NEWS_46623,4
NEWS_46624,4
NEWS_46625,3
NEWS_46626,4
NEWS_46627,4
NEWS_46628,5
NEWS_46629,4
NEWS_46630,2
NEWS_46631,2
NEWS_46632,5
NEWS_46633,4
NEWS_46634,5
NEWS_46635,5
NEWS_46636,4
NEWS_46637,1
NEWS_46638,5
NEWS_46639,5
NEWS_46640,0
NEWS_46641,2
NEWS_46642,1
NEWS_46643,4
NEWS_46644,4
NEWS_46645,2
NEWS_46646,3
NEWS_46647,4
NEWS_46648,3
NEWS_46649,3
NEWS_46650,3
NEWS_46651,1
NEWS_46652,5
NEWS_46653,2
NEWS_46654,2
NEWS_46655,1
NEWS_46656,3
NEWS_46657,5
NEWS_46658,4
NEWS_46659,4
NEWS_46660,5
NEWS_46661,5
NEWS_46662,3
NEWS_46663,1
NEWS_46664,4
NEWS_46665,1
NEWS_46666,2
NEWS_46667,3
NEWS_46668,4
NEWS_46669,4
NEWS_46670,3
NEWS_46671,0
NEWS_46672,4
NEWS_46673,2
NEWS_46674,5
NEWS_46675,4
NEWS_46676,4
NEWS_46677,4
NEWS_46678,3
NEWS_46679,2
NEWS_46680,1
NEWS_46681,1
NEWS_46682,4
NEWS_46683,4
NEWS_46684,3
NEWS_46685,3
NEWS_46686,2
NEWS_46687,4
NEWS_46688,3
NEWS_46689,1
NEWS_46690,1
NEWS_46691,2
NEWS_46692,0
NEWS_46693,4
NEWS_46694,3
NEWS_46695,2
NEWS_46696,1
NEWS_46697,4
NEWS_46698,4
NEWS_46699,4
NEWS_46700,0
NEWS_46701,3
NEWS_46702,4
NEWS_46703,2
NEWS_46704,5
NEWS_46705,3
NEWS_46706,4
NEWS_46707,5
NEWS_46708,1
NEWS_46709,1
NEWS_46710,4
NEWS_46711,4
NEWS_46712,3
NEWS_46713,2
NEWS_46714,1
NEWS_46715,2
NEWS_46716,4
NEWS_46717,1
NEWS_46718,4
NEWS_46719,2
NEWS_46720,4
NEWS_46721,5
NEWS_46722,4
NEWS_46723,5
NEWS_46724,4
NEWS_46725,2
NEWS_46726,2
NEWS_46727,4
NEWS_46728,3
NEWS_46729,4
NEWS_46730,3
NEWS_46731,3
NEWS_46732,3
NEWS_46733,4
NEWS_46734,5
NEWS_46735,3
NEWS_46736,4
NEWS_46737,0
NEWS_46738,3
NEWS_46739,5
NEWS_46740,2
NEWS_46741,2
NEWS_46742,1
NEWS_46743,4
NEWS_46744,3
NEWS_46745,3
NEWS_46746,1
NEWS_46747,1
NEWS_46748,1
NEWS_46749,0
NEWS_46750,5
NEWS_46751,0
NEWS_46752,5
NEWS_46753,3
NEWS_46754,4
NEWS_46755,3
NEWS_46756,3
NEWS_46757,1
NEWS_46758,1
NEWS_46759,4
NEWS_46760,4
NEWS_46761,3
NEWS_46762,4
NEWS_46763,0
NEWS_46764,4
NEWS_46765,3
NEWS_46766,5
NEWS_46767,4
NEWS_46768,1
NEWS_46769,1
NEWS_46770,0
NEWS_46771,3
NEWS_46772,3
NEWS_46773,4
NEWS_46774,3
NEWS_46775,3
NEWS_46776,4
NEWS_46777,4
NEWS_46778,4
NEWS_46779,1
NEWS_46780,3
NEWS_46781,2
NEWS_46782,0
NEWS_46783,5
NEWS_46784,0
NEWS_46785,2
NEWS_46786,4
NEWS_46787,3
NEWS_46788,5
NEWS_46789,4
NEWS_46790,2
NEWS_46791,3
NEWS_46792,4
NEWS_46793,2
NEWS_46794,2
NEWS_46795,1
NEWS_46796,4
NEWS_46797,4
NEWS_46798,4
NEWS_46799,3
NEWS_46800,2
NEWS_46801,3
NEWS_46802,4
NEWS_46803,2
NEWS_46804,3
NEWS_46805,3
NEWS_46806,2
NEWS_46807,5
NEWS_46808,2
NEWS_46809,1
NEWS_46810,1
NEWS_46811,2
NEWS_46812,2
NEWS_46813,4
NEWS_46814,4
NEWS_46815,4
NEWS_46816,4
NEWS_46817,4
NEWS_46818,4
NEWS_46819,4
NEWS_46820,1
NEWS_46821,4
NEWS_46822,1
NEWS_46823,4
NEWS_46824,2
NEWS_46825,1
NEWS_46826,1
NEWS_46827,4
NEWS_46828,4
NEWS_46829,3
NEWS_46830,3
NEWS_46831,0
NEWS_46832,4
NEWS_46833,1
NEWS_46834,4
NEWS_46835,1
NEWS_46836,4
NEWS_46837,1
NEWS_46838,2
NEWS_46839,4
NEWS_46840,3
NEWS_46841,5
NEWS_46842,4
NEWS_46843,3
NEWS_46844,4
NEWS_46845,2
NEWS_46846,3
NEWS_46847,1
NEWS_46848,3
NEWS_46849,3
NEWS_46850,3
NEWS_46851,4
NEWS_46852,1
NEWS_46853,1
NEWS_46854,4
NEWS_46855,2
NEWS_46856,3
NEWS_46857,3
NEWS_46858,3
NEWS_46859,3
NEWS_46860,2
NEWS_46861,4
NEWS_46862,2
NEWS_46863,1
NEWS_46864,5
NEWS_46865,5
NEWS_46866,5
NEWS_46867,4
NEWS_46868,3
NEWS_46869,2
NEWS_46870,3
NEWS_46871,3
NEWS_46872,3
NEWS_46873,3
NEWS_46874,3
NEWS_46875,4
NEWS_46876,4
NEWS_46877,1
NEWS_46878,3
NEWS_46879,4
NEWS_46880,1
NEWS_46881,5
NEWS_46882,2
NEWS_46883,2
NEWS_46884,5
NEWS_46885,5
NEWS_46886,3
NEWS_46887,4
NEWS_46888,4
NEWS_46889,1
NEWS_46890,4
NEWS_46891,4
NEWS_46892,1
NEWS_46893,3
NEWS_46894,5
NEWS_46895,5
NEWS_46896,4
NEWS_46897,4
NEWS_46898,1
NEWS_46899,4
NEWS_46900,1
NEWS_46901,3
NEWS_46902,3
NEWS_46903,1
NEWS_46904,2
NEWS_46905,5
NEWS_46906,1
NEWS_46907,5
NEWS_46908,1
NEWS_46909,3
NEWS_46910,4
NEWS_46911,1
NEWS_46912,3
NEWS_46913,5
NEWS_46914,4
NEWS_46915,4
NEWS_46916,0
NEWS_46917,1
NEWS_46918,3
NEWS_46919,1
NEWS_46920,1
NEWS_46921,5
NEWS_46922,5
NEWS_46923,2
NEWS_46924,1
NEWS_46925,5
NEWS_46926,3
NEWS_46927,1
NEWS_46928,2
NEWS_46929,5
NEWS_46930,2
NEWS_46931,1
NEWS_46932,4
NEWS_46933,5
NEWS_46934,1
NEWS_46935,3
NEWS_46936,4
NEWS_46937,3
NEWS_46938,2
NEWS_46939,1
NEWS_46940,4
NEWS_46941,3
NEWS_46942,3
NEWS_46943,0
NEWS_46944,3
NEWS_46945,2
NEWS_46946,0
NEWS_46947,2
NEWS_46948,0
NEWS_46949,1
NEWS_46950,3
NEWS_46951,3
NEWS_46952,1
NEWS_46953,4
NEWS_46954,4
NEWS_46955,4
NEWS_46956,3
NEWS_46957,0
NEWS_46958,2
NEWS_46959,3
NEWS_46960,2
NEWS_46961,1
NEWS_46962,4
NEWS_46963,4
NEWS_46964,4
NEWS_46965,4
NEWS_46966,3
NEWS_46967,3
NEWS_46968,4
NEWS_46969,4
NEWS_46970,4
NEWS_46971,1
NEWS_46972,4
NEWS_46973,4
NEWS_46974,2
NEWS_46975,4
NEWS_46976,0
NEWS_46977,0
NEWS_46978,3
NEWS_46979,4
NEWS_46980,1
NEWS_46981,1
NEWS_46982,3
NEWS_46983,4
NEWS_46984,1
NEWS_46985,2
NEWS_46986,2
NEWS_46987,2
NEWS_46988,4
NEWS_46989,2
NEWS_46990,5
NEWS_46991,2
NEWS_46992,4
NEWS_46993,4
NEWS_46994,3
NEWS_46995,1
NEWS_46996,5
NEWS_46997,1
NEWS_46998,3
NEWS_46999,4
NEWS_47000,2
NEWS_47001,3
NEWS_47002,0
NEWS_47003,5
NEWS_47004,2
NEWS_47005,5
NEWS_47006,5
NEWS_47007,1
NEWS_47008,0
NEWS_47009,4
NEWS_47010,4
NEWS_47011,0
NEWS_47012,2
NEWS_47013,4
NEWS_47014,1
NEWS_47015,5
NEWS_47016,1
NEWS_47017,4
NEWS_47018,4
NEWS_47019,5
NEWS_47020,5
NEWS_47021,4
NEWS_47022,5
NEWS_47023,1
NEWS_47024,4
NEWS_47025,1
NEWS_47026,4
NEWS_47027,1
NEWS_47028,4
NEWS_47029,1
NEWS_47030,2
NEWS_47031,5
NEWS_47032,4
NEWS_47033,2
NEWS_47034,5
NEWS_47035,3
NEWS_47036,1
NEWS_47037,1
NEWS_47038,4
NEWS_47039,2
NEWS_47040,3
NEWS_47041,4
NEWS_47042,3
NEWS_47043,2
NEWS_47044,0
NEWS_47045,1
NEWS_47046,1
NEWS_47047,3
NEWS_47048,3
NEWS_47049,1
NEWS_47050,4
NEWS_47051,4
NEWS_47052,4
NEWS_47053,2
NEWS_47054,4
NEWS_47055,4
NEWS_47056,1
NEWS_47057,2
NEWS_47058,3
NEWS_47059,2
NEWS_47060,4
NEWS_47061,2
NEWS_47062,1
NEWS_47063,3
NEWS_47064,5
NEWS_47065,3
NEWS_47066,1
NEWS_47067,2
NEWS_47068,3
NEWS_47069,5
NEWS_47070,2
NEWS_47071,4
NEWS_47072,0
NEWS_47073,3
NEWS_47074,1
NEWS_47075,3
NEWS_47076,4
NEWS_47077,4
NEWS_47078,5
NEWS_47079,0
NEWS_47080,3
NEWS_47081,4
NEWS_47082,4
NEWS_47083,3
NEWS_47084,3
NEWS_47085,5
NEWS_47086,4
NEWS_47087,4
NEWS_47088,3
NEWS_47089,4
NEWS_47090,0
NEWS_47091,5
NEWS_47092,2
NEWS_47093,4
NEWS_47094,3
NEWS_47095,3
NEWS_47096,5
NEWS_47097,1
NEWS_47098,1
NEWS_47099,1
NEWS_47100,5
NEWS_47101,1
NEWS_47102,1
NEWS_47103,4
NEWS_47104,4
NEWS_47105,4
NEWS_47106,5
NEWS_47107,4
NEWS_47108,2
NEWS_47109,1
NEWS_47110,4
NEWS_47111,4
NEWS_47112,3
NEWS_47113,2
NEWS_47114,5
NEWS_47115,0
NEWS_47116,4
NEWS_47117,2
NEWS_47118,5
NEWS_47119,2
NEWS_47120,3
NEWS_47121,5
NEWS_47122,4
NEWS_47123,4
NEWS_47124,2
NEWS_47125,1
NEWS_47126,1
NEWS_47127,3
NEWS_47128,1
NEWS_47129,4
NEWS_47130,4
NEWS_47131,1
NEWS_47132,4
NEWS_47133,4
NEWS_47134,4
NEWS_47135,1
NEWS_47136,5
NEWS_47137,1
NEWS_47138,2
NEWS_47139,4
NEWS_47140,4
NEWS_47141,3
NEWS_47142,2
NEWS_47143,2
NEWS_47144,2
NEWS_47145,4
NEWS_47146,3
NEWS_47147,1
NEWS_47148,3
NEWS_47149,3
NEWS_47150,4
NEWS_47151,3
NEWS_47152,5
NEWS_47153,5
NEWS_47154,3
NEWS_47155,1
NEWS_47156,5
NEWS_47157,1
NEWS_47158,0
NEWS_47159,1
NEWS_47160,5
NEWS_47161,4
NEWS_47162,1
NEWS_47163,2
NEWS_47164,2
NEWS_47165,5
NEWS_47166,1
NEWS_47167,4
NEWS_47168,4
NEWS_47169,0
NEWS_47170,3
NEWS_47171,3
NEWS_47172,4
NEWS_47173,4
NEWS_47174,2
NEWS_47175,1
NEWS_47176,4
NEWS_47177,4
NEWS_47178,3
NEWS_47179,3
NEWS_47180,4
NEWS_47181,1
NEWS_47182,5
NEWS_47183,3
NEWS_47184,4
NEWS_47185,5
NEWS_47186,2
NEWS_47187,4
NEWS_47188,0
NEWS_47189,4
NEWS_47190,4
NEWS_47191,1
NEWS_47192,4
NEWS_47193,3
NEWS_47194,4
NEWS_47195,4
NEWS_47196,4
NEWS_47197,1
NEWS_47198,4
NEWS_47199,2
NEWS_47200,5
NEWS_47201,4
NEWS_47202,5
NEWS_47203,2
NEWS_47204,3
NEWS_47205,4
NEWS_47206,4
NEWS_47207,5
NEWS_47208,4
NEWS_47209,1
NEWS_47210,1
NEWS_47211,1
NEWS_47212,2
NEWS_47213,4
NEWS_47214,2
NEWS_47215,4
NEWS_47216,2
NEWS_47217,3
NEWS_47218,5
NEWS_47219,0
NEWS_47220,1
NEWS_47221,4
NEWS_47222,4
NEWS_47223,5
NEWS_47224,5
NEWS_47225,1
NEWS_47226,4
NEWS_47227,0
NEWS_47228,1
NEWS_47229,1
NEWS_47230,1
NEWS_47231,3
NEWS_47232,1
NEWS_47233,3
NEWS_47234,1
NEWS_47235,4
NEWS_47236,3
NEWS_47237,5
NEWS_47238,3
NEWS_47239,4
NEWS_47240,2
NEWS_47241,0
NEWS_47242,1
NEWS_47243,2
NEWS_47244,4
NEWS_47245,3
NEWS_47246,3
NEWS_47247,1
NEWS_47248,4
NEWS_47249,3
NEWS_47250,4
NEWS_47251,5
NEWS_47252,3
NEWS_47253,2
NEWS_47254,1
NEWS_47255,4
NEWS_47256,3
NEWS_47257,3
NEWS_47258,1
NEWS_47259,2
NEWS_47260,0
NEWS_47261,3
NEWS_47262,5
NEWS_47263,5
NEWS_47264,4
NEWS_47265,1
NEWS_47266,4
NEWS_47267,5
NEWS_47268,3
NEWS_47269,3
NEWS_47270,5
NEWS_47271,4
NEWS_47272,2
NEWS_47273,5
NEWS_47274,3
NEWS_47275,4
NEWS_47276,4
NEWS_47277,1
NEWS_47278,4
NEWS_47279,1
NEWS_47280,4
NEWS_47281,2
NEWS_47282,1
NEWS_47283,5
NEWS_47284,2
NEWS_47285,0
NEWS_47286,5
NEWS_47287,1
NEWS_47288,1
NEWS_47289,4
NEWS_47290,2
NEWS_47291,4
NEWS_47292,5
NEWS_47293,4
NEWS_47294,1
NEWS_47295,4
NEWS_47296,4
NEWS_47297,3
NEWS_47298,4
NEWS_47299,5
NEWS_47300,1
NEWS_47301,1
NEWS_47302,3
NEWS_47303,4
NEWS_47304,4
NEWS_47305,5
NEWS_47306,3
NEWS_47307,4
NEWS_47308,2
NEWS_47309,4
NEWS_47310,2
NEWS_47311,4
NEWS_47312,1
NEWS_47313,2
NEWS_47314,4
NEWS_47315,5
NEWS_47316,4
NEWS_47317,3
NEWS_47318,1
NEWS_47319,1
NEWS_47320,5
NEWS_47321,2
NEWS_47322,5
NEWS_47323,3
NEWS_47324,4
NEWS_47325,4
NEWS_47326,4
NEWS_47327,4
NEWS_47328,2
NEWS_47329,5
NEWS_47330,1
NEWS_47331,1
NEWS_47332,2
NEWS_47333,2
NEWS_47334,0
NEWS_47335,2
NEWS_47336,2
NEWS_47337,3
NEWS_47338,1
NEWS_47339,4
NEWS_47340,4
NEWS_47341,2
NEWS_47342,2
NEWS_47343,4
NEWS_47344,3
NEWS_47345,3
NEWS_47346,1
NEWS_47347,1
NEWS_47348,5
NEWS_47349,2
NEWS_47350,4
NEWS_47351,4
NEWS_47352,3
NEWS_47353,4
NEWS_47354,3
NEWS_47355,3
NEWS_47356,3
NEWS_47357,4
NEWS_47358,3
NEWS_47359,2
NEWS_47360,4
NEWS_47361,1
NEWS_47362,2
NEWS_47363,1
NEWS_47364,4
NEWS_47365,4
NEWS_47366,1
NEWS_47367,5
NEWS_47368,1
NEWS_47369,5
NEWS_47370,5
NEWS_47371,1
NEWS_47372,3
NEWS_47373,4
NEWS_47374,1
NEWS_47375,0
NEWS_47376,1
NEWS_47377,3
NEWS_47378,4
NEWS_47379,2
NEWS_47380,1
NEWS_47381,4
NEWS_47382,3
NEWS_47383,3
NEWS_47384,3
NEWS_47385,1
NEWS_47386,1
NEWS_47387,2
NEWS_47388,4
NEWS_47389,2
NEWS_47390,5
NEWS_47391,1
NEWS_47392,4
NEWS_47393,3
NEWS_47394,1
NEWS_47395,1
NEWS_47396,4
NEWS_47397,1
NEWS_47398,3
NEWS_47399,1
NEWS_47400,3
NEWS_47401,0
NEWS_47402,1
NEWS_47403,1
NEWS_47404,3
NEWS_47405,4
NEWS_47406,4
NEWS_47407,4
NEWS_47408,5
NEWS_47409,2
NEWS_47410,5
NEWS_47411,5
NEWS_47412,4
NEWS_47413,3
NEWS_47414,2
NEWS_47415,5
NEWS_47416,4
NEWS_47417,4
NEWS_47418,3
NEWS_47419,5
NEWS_47420,1
NEWS_47421,4
NEWS_47422,5
NEWS_47423,5
NEWS_47424,1
NEWS_47425,5
NEWS_47426,4
NEWS_47427,2
NEWS_47428,2
NEWS_47429,1
NEWS_47430,2
NEWS_47431,2
NEWS_47432,4
NEWS_47433,0
NEWS_47434,4
NEWS_47435,5
NEWS_47436,1
NEWS_47437,5
NEWS_47438,4
NEWS_47439,1
NEWS_47440,4
NEWS_47441,4
NEWS_47442,4
NEWS_47443,1
NEWS_47444,3
NEWS_47445,1
NEWS_47446,1
NEWS_47447,1
NEWS_47448,4
NEWS_47449,1
NEWS_47450,1
NEWS_47451,5
NEWS_47452,4
NEWS_47453,2
NEWS_47454,2
NEWS_47455,4
NEWS_47456,5
NEWS_47457,3
NEWS_47458,3
NEWS_47459,4
NEWS_47460,5
NEWS_47461,4
NEWS_47462,1
NEWS_47463,4
NEWS_47464,4
NEWS_47465,0
NEWS_47466,1
NEWS_47467,3
NEWS_47468,3
NEWS_47469,4
NEWS_47470,3
NEWS_47471,4
NEWS_47472,3
NEWS_47473,5
NEWS_47474,3
NEWS_47475,3
NEWS_47476,4
NEWS_47477,4
NEWS_47478,5
NEWS_47479,3
NEWS_47480,5
NEWS_47481,3
NEWS_47482,2
NEWS_47483,4
NEWS_47484,4
NEWS_47485,4
NEWS_47486,4
NEWS_47487,1
NEWS_47488,4
NEWS_47489,4
NEWS_47490,3
NEWS_47491,1
NEWS_47492,3
NEWS_47493,2
NEWS_47494,5
NEWS_47495,4
NEWS_47496,4
NEWS_47497,3
NEWS_47498,0
NEWS_47499,1
NEWS_47500,3
NEWS_47501,4
NEWS_47502,4
NEWS_47503,4
NEWS_47504,0
NEWS_47505,4
NEWS_47506,4
NEWS_47507,4
NEWS_47508,1
NEWS_47509,1
NEWS_47510,2
NEWS_47511,2
NEWS_47512,2
NEWS_47513,4
NEWS_47514,4
NEWS_47515,1
NEWS_47516,0
NEWS_47517,4
NEWS_47518,3
NEWS_47519,2
NEWS_47520,5
NEWS_47521,3
NEWS_47522,4
NEWS_47523,4
NEWS_47524,1
NEWS_47525,1
NEWS_47526,5
NEWS_47527,3
NEWS_47528,2
NEWS_47529,3
NEWS_47530,4
NEWS_47531,4
NEWS_47532,1
NEWS_47533,3
NEWS_47534,4
NEWS_47535,2
NEWS_47536,2
NEWS_47537,4
NEWS_47538,3
NEWS_47539,3
NEWS_47540,4
NEWS_47541,4
NEWS_47542,4
NEWS_47543,4
NEWS_47544,5
NEWS_47545,4
NEWS_47546,1
NEWS_47547,4
NEWS_47548,4
NEWS_47549,5
NEWS_47550,1
NEWS_47551,5
NEWS_47552,5
NEWS_47553,1
NEWS_47554,2
NEWS_47555,4
NEWS_47556,5
NEWS_47557,4
NEWS_47558,5
NEWS_47559,3
NEWS_47560,4
NEWS_47561,4
NEWS_47562,4
NEWS_47563,1
NEWS_47564,3
NEWS_47565,4
NEWS_47566,4
NEWS_47567,3
NEWS_47568,1
NEWS_47569,1
NEWS_47570,4
NEWS_47571,2
NEWS_47572,1
NEWS_47573,1
NEWS_47574,1
NEWS_47575,5
NEWS_47576,4
NEWS_47577,4
NEWS_47578,4
NEWS_47579,1
NEWS_47580,4
NEWS_47581,3
NEWS_47582,4
NEWS_47583,1
NEWS_47584,1
NEWS_47585,4
NEWS_47586,5
NEWS_47587,1
NEWS_47588,5
NEWS_47589,4
NEWS_47590,3
NEWS_47591,3
NEWS_47592,1
NEWS_47593,3
NEWS_47594,0
NEWS_47595,3
NEWS_47596,1
NEWS_47597,4
NEWS_47598,3
NEWS_47599,4
NEWS_47600,4
NEWS_47601,1
NEWS_47602,3
NEWS_47603,3
NEWS_47604,3
NEWS_47605,5
NEWS_47606,4
NEWS_47607,2
NEWS_47608,0
NEWS_47609,2
NEWS_47610,0
NEWS_47611,5
NEWS_47612,4
NEWS_47613,1
NEWS_47614,0
NEWS_47615,1
NEWS_47616,3
NEWS_47617,2
NEWS_47618,0
NEWS_47619,0
NEWS_47620,5
NEWS_47621,4
NEWS_47622,4
NEWS_47623,1
NEWS_47624,2
NEWS_47625,4
NEWS_47626,3
NEWS_47627,1
NEWS_47628,0
NEWS_47629,1
NEWS_47630,3
NEWS_47631,4
NEWS_47632,4
NEWS_47633,2
NEWS_47634,4
NEWS_47635,1
NEWS_47636,4
NEWS_47637,1
NEWS_47638,2
NEWS_47639,4
NEWS_47640,5
NEWS_47641,4
NEWS_47642,3
NEWS_47643,1
NEWS_47644,2
NEWS_47645,4
NEWS_47646,1
NEWS_47647,3
NEWS_47648,1
NEWS_47649,2
NEWS_47650,2
NEWS_47651,1
NEWS_47652,3
NEWS_47653,0
NEWS_47654,1
NEWS_47655,5
NEWS_47656,1
NEWS_47657,4
NEWS_47658,1
NEWS_47659,5
NEWS_47660,1
NEWS_47661,1
NEWS_47662,5
NEWS_47663,5
NEWS_47664,1
NEWS_47665,0
NEWS_47666,3
NEWS_47667,2
NEWS_47668,3
NEWS_47669,1
NEWS_47670,4
NEWS_47671,4
NEWS_47672,1
NEWS_47673,5
NEWS_47674,2
NEWS_47675,4
NEWS_47676,2
NEWS_47677,5
NEWS_47678,5
NEWS_47679,0
NEWS_47680,4
NEWS_47681,3
NEWS_47682,1
NEWS_47683,2
NEWS_47684,3
NEWS_47685,2
NEWS_47686,1
NEWS_47687,3
NEWS_47688,0
NEWS_47689,1
NEWS_47690,4
NEWS_47691,3
NEWS_47692,2
NEWS_47693,1
NEWS_47694,4
NEWS_47695,2
NEWS_47696,2
NEWS_47697,4
NEWS_47698,3
NEWS_47699,3
NEWS_47700,3
NEWS_47701,5
NEWS_47702,0
NEWS_47703,2
NEWS_47704,3
NEWS_47705,1
NEWS_47706,5
NEWS_47707,1
NEWS_47708,4
NEWS_47709,5
NEWS_47710,5
NEWS_47711,5
NEWS_47712,5
NEWS_47713,5
NEWS_47714,3
NEWS_47715,4
NEWS_47716,0
NEWS_47717,1
NEWS_47718,5
NEWS_47719,1
NEWS_47720,4
NEWS_47721,3
NEWS_47722,0
NEWS_47723,3
NEWS_47724,5
NEWS_47725,4
NEWS_47726,1
NEWS_47727,1
NEWS_47728,3
NEWS_47729,1
NEWS_47730,1
NEWS_47731,1
NEWS_47732,3
NEWS_47733,4
NEWS_47734,5
NEWS_47735,1
NEWS_47736,3
NEWS_47737,4
NEWS_47738,4
NEWS_47739,4
NEWS_47740,3
NEWS_47741,1
NEWS_47742,4
NEWS_47743,4
NEWS_47744,4
NEWS_47745,4
NEWS_47746,2
NEWS_47747,5
NEWS_47748,0
NEWS_47749,5
NEWS_47750,4
NEWS_47751,4
NEWS_47752,2
NEWS_47753,5
NEWS_47754,3
NEWS_47755,1
NEWS_47756,4
NEWS_47757,5
NEWS_47758,3
NEWS_47759,4
NEWS_47760,1
NEWS_47761,5
NEWS_47762,1
NEWS_47763,4
NEWS_47764,3
NEWS_47765,4
NEWS_47766,1
NEWS_47767,1
NEWS_47768,5
NEWS_47769,4
NEWS_47770,4
NEWS_47771,1
NEWS_47772,3
NEWS_47773,4
NEWS_47774,1
NEWS_47775,3
NEWS_47776,2
NEWS_47777,4
NEWS_47778,4
NEWS_47779,4
NEWS_47780,3
NEWS_47781,2
NEWS_47782,5
NEWS_47783,1
NEWS_47784,1
NEWS_47785,0
NEWS_47786,5
NEWS_47787,3
NEWS_47788,2
NEWS_47789,2
NEWS_47790,4
NEWS_47791,1
NEWS_47792,1
NEWS_47793,2
NEWS_47794,4
NEWS_47795,4
NEWS_47796,2
NEWS_47797,5
NEWS_47798,3
NEWS_47799,2
NEWS_47800,2
NEWS_47801,3
NEWS_47802,3
NEWS_47803,1
NEWS_47804,1
NEWS_47805,4
NEWS_47806,2
NEWS_47807,0
NEWS_47808,3
NEWS_47809,2
NEWS_47810,4
NEWS_47811,3
NEWS_47812,4
NEWS_47813,1
NEWS_47814,5
NEWS_47815,3
NEWS_47816,3
NEWS_47817,2
NEWS_47818,3
NEWS_47819,4
NEWS_47820,3
NEWS_47821,4
NEWS_47822,4
NEWS_47823,5
NEWS_47824,4
NEWS_47825,2
NEWS_47826,4
NEWS_47827,5
NEWS_47828,3
NEWS_47829,1
NEWS_47830,5
NEWS_47831,1
NEWS_47832,2
NEWS_47833,5
NEWS_47834,4
NEWS_47835,2
NEWS_47836,4
NEWS_47837,5
NEWS_47838,2
NEWS_47839,5
NEWS_47840,3
NEWS_47841,1
NEWS_47842,3
NEWS_47843,1
NEWS_47844,1
NEWS_47845,3
NEWS_47846,4
NEWS_47847,1
NEWS_47848,4
NEWS_47849,4
NEWS_47850,1
NEWS_47851,4
NEWS_47852,5
NEWS_47853,5
NEWS_47854,5
NEWS_47855,3
NEWS_47856,4
NEWS_47857,4
NEWS_47858,2
NEWS_47859,5
NEWS_47860,5
NEWS_47861,2
NEWS_47862,4
NEWS_47863,3
NEWS_47864,4
NEWS_47865,1
NEWS_47866,3
NEWS_47867,3
NEWS_47868,0
NEWS_47869,2
NEWS_47870,5
NEWS_47871,2
NEWS_47872,1
NEWS_47873,4
NEWS_47874,5
NEWS_47875,1
NEWS_47876,1
NEWS_47877,3
NEWS_47878,2
NEWS_47879,5
NEWS_47880,3
NEWS_47881,5
NEWS_47882,4
NEWS_47883,1
NEWS_47884,1
NEWS_47885,2
NEWS_47886,0
NEWS_47887,3
NEWS_47888,2
NEWS_47889,4
NEWS_47890,4
NEWS_47891,5
NEWS_47892,2
NEWS_47893,3
NEWS_47894,4
NEWS_47895,4
NEWS_47896,1
NEWS_47897,1
NEWS_47898,1
NEWS_47899,4
NEWS_47900,4
NEWS_47901,5
NEWS_47902,2
NEWS_47903,1
NEWS_47904,2
NEWS_47905,4
NEWS_47906,3
NEWS_47907,4
NEWS_47908,1
NEWS_47909,5
NEWS_47910,4
NEWS_47911,3
NEWS_47912,1
NEWS_47913,3
NEWS_47914,4
NEWS_47915,2
NEWS_47916,1
NEWS_47917,1
NEWS_47918,1
NEWS_47919,4
NEWS_47920,3
NEWS_47921,3
NEWS_47922,4
NEWS_47923,5
NEWS_47924,1
NEWS_47925,2
NEWS_47926,2
NEWS_47927,2
NEWS_47928,3
NEWS_47929,4
NEWS_47930,4
NEWS_47931,5
NEWS_47932,4
NEWS_47933,5
NEWS_47934,3
NEWS_47935,4
NEWS_47936,5
NEWS_47937,1
NEWS_47938,1
NEWS_47939,3
NEWS_47940,3
NEWS_47941,4
NEWS_47942,1
NEWS_47943,4
NEWS_47944,4
NEWS_47945,4
NEWS_47946,3
NEWS_47947,4
NEWS_47948,1
NEWS_47949,0
NEWS_47950,1
NEWS_47951,0
NEWS_47952,4
NEWS_47953,4
NEWS_47954,4
NEWS_47955,0
NEWS_47956,0
NEWS_47957,2
NEWS_47958,1
NEWS_47959,1
NEWS_47960,1
NEWS_47961,4
NEWS_47962,4
NEWS_47963,4
NEWS_47964,4
NEWS_47965,4
NEWS_47966,5
NEWS_47967,4
NEWS_47968,5
NEWS_47969,5
NEWS_47970,1
NEWS_47971,3
NEWS_47972,4
NEWS_47973,1
NEWS_47974,1
NEWS_47975,3
NEWS_47976,5
NEWS_47977,5
NEWS_47978,4
NEWS_47979,3
NEWS_47980,1
NEWS_47981,4
NEWS_47982,1
NEWS_47983,4
NEWS_47984,0
NEWS_47985,4
NEWS_47986,4
NEWS_47987,3
NEWS_47988,3
NEWS_47989,1
NEWS_47990,3
NEWS_47991,5
NEWS_47992,2
NEWS_47993,4
NEWS_47994,5
NEWS_47995,4
NEWS_47996,5
NEWS_47997,4
NEWS_47998,3
NEWS_47999,0
NEWS_48000,5
NEWS_48001,2
NEWS_48002,2
NEWS_48003,5
NEWS_48004,2
NEWS_48005,5
NEWS_48006,4
NEWS_48007,3
NEWS_48008,4
NEWS_48009,3
NEWS_48010,5
NEWS_48011,1
NEWS_48012,5
NEWS_48013,3
NEWS_48014,3
NEWS_48015,4
NEWS_48016,4
NEWS_48017,4
NEWS_48018,1
NEWS_48019,4
NEWS_48020,4
NEWS_48021,4
NEWS_48022,4
NEWS_48023,2
NEWS_48024,2
NEWS_48025,1
NEWS_48026,3
NEWS_48027,4
NEWS_48028,3
NEWS_48029,5
NEWS_48030,4
NEWS_48031,1
NEWS_48032,5
NEWS_48033,4
NEWS_48034,4
NEWS_48035,3
NEWS_48036,2
NEWS_48037,3
NEWS_48038,4
NEWS_48039,1
NEWS_48040,4
NEWS_48041,5
NEWS_48042,3
NEWS_48043,2
NEWS_48044,4
NEWS_48045,1
NEWS_48046,4
NEWS_48047,4
NEWS_48048,1
NEWS_48049,4
NEWS_48050,5
NEWS_48051,4
NEWS_48052,2
NEWS_48053,1
NEWS_48054,4
NEWS_48055,4
NEWS_48056,2
NEWS_48057,3
NEWS_48058,0
NEWS_48059,4
NEWS_48060,4
NEWS_48061,5
NEWS_48062,3
NEWS_48063,1
NEWS_48064,2
NEWS_48065,4
NEWS_48066,1
NEWS_48067,3
NEWS_48068,1
NEWS_48069,2
NEWS_48070,1
NEWS_48071,3
NEWS_48072,5
NEWS_48073,5
NEWS_48074,2
NEWS_48075,0
NEWS_48076,4
NEWS_48077,3
NEWS_48078,1
NEWS_48079,4
NEWS_48080,4
NEWS_48081,4
NEWS_48082,4
NEWS_48083,1
NEWS_48084,3
NEWS_48085,4
NEWS_48086,4
NEWS_48087,4
NEWS_48088,5
NEWS_48089,1
NEWS_48090,2
NEWS_48091,2
NEWS_48092,5
NEWS_48093,4
NEWS_48094,3
NEWS_48095,1
NEWS_48096,1
NEWS_48097,3
NEWS_48098,4
NEWS_48099,3
NEWS_48100,4
NEWS_48101,0
NEWS_48102,3
NEWS_48103,0
NEWS_48104,4
NEWS_48105,4
NEWS_48106,4
NEWS_48107,3
NEWS_48108,2
NEWS_48109,0
NEWS_48110,5
NEWS_48111,3
NEWS_48112,3
NEWS_48113,5
NEWS_48114,4
NEWS_48115,0
NEWS_48116,3
NEWS_48117,4
NEWS_48118,4
NEWS_48119,4
NEWS_48120,2
NEWS_48121,4
NEWS_48122,3
NEWS_48123,2
NEWS_48124,4
NEWS_48125,3
NEWS_48126,2
NEWS_48127,3
NEWS_48128,5
NEWS_48129,1
NEWS_48130,3
NEWS_48131,3
NEWS_48132,3
NEWS_48133,1
NEWS_48134,4
NEWS_48135,3
NEWS_48136,4
NEWS_48137,4
NEWS_48138,3
NEWS_48139,4
NEWS_48140,3
NEWS_48141,4
NEWS_48142,5
NEWS_48143,4
NEWS_48144,3
NEWS_48145,3
NEWS_48146,4
NEWS_48147,3
NEWS_48148,4
NEWS_48149,2
NEWS_48150,4
NEWS_48151,2
NEWS_48152,2
NEWS_48153,2
NEWS_48154,3
NEWS_48155,4
NEWS_48156,4
NEWS_48157,2
NEWS_48158,4
NEWS_48159,4
NEWS_48160,1
NEWS_48161,2
NEWS_48162,2
NEWS_48163,1
NEWS_48164,4
NEWS_48165,5
NEWS_48166,1
NEWS_48167,4
NEWS_48168,3
NEWS_48169,2
NEWS_48170,1
NEWS_48171,2
NEWS_48172,4
NEWS_48173,1
NEWS_48174,4
NEWS_48175,1
NEWS_48176,1
NEWS_48177,1
NEWS_48178,4
NEWS_48179,1
NEWS_48180,2
NEWS_48181,5
NEWS_48182,3
NEWS_48183,4
NEWS_48184,1
NEWS_48185,3
NEWS_48186,4
NEWS_48187,5
NEWS_48188,3
NEWS_48189,5
NEWS_48190,3
NEWS_48191,4
NEWS_48192,4
NEWS_48193,4
NEWS_48194,1
NEWS_48195,3
NEWS_48196,1
NEWS_48197,3
NEWS_48198,4
NEWS_48199,3
NEWS_48200,4
NEWS_48201,2
NEWS_48202,5
NEWS_48203,2
NEWS_48204,1
NEWS_48205,4
NEWS_48206,4
NEWS_48207,5
NEWS_48208,3
NEWS_48209,5
NEWS_48210,2
NEWS_48211,4
NEWS_48212,4
NEWS_48213,3
NEWS_48214,2
NEWS_48215,5
NEWS_48216,4
NEWS_48217,1
NEWS_48218,1
NEWS_48219,4
NEWS_48220,4
NEWS_48221,4
NEWS_48222,1
NEWS_48223,4
NEWS_48224,4
NEWS_48225,1
NEWS_48226,3
NEWS_48227,4
NEWS_48228,5
NEWS_48229,3
NEWS_48230,4
NEWS_48231,1
NEWS_48232,4
NEWS_48233,2
NEWS_48234,3
NEWS_48235,2
NEWS_48236,3
NEWS_48237,1
NEWS_48238,1
NEWS_48239,1
NEWS_48240,5
NEWS_48241,4
NEWS_48242,1
NEWS_48243,3
NEWS_48244,4
NEWS_48245,1
NEWS_48246,5
NEWS_48247,1
NEWS_48248,1
NEWS_48249,3
NEWS_48250,4
NEWS_48251,4
NEWS_48252,2
NEWS_48253,3
NEWS_48254,5
NEWS_48255,4
NEWS_48256,4
NEWS_48257,2
NEWS_48258,3
NEWS_48259,4
NEWS_48260,3
NEWS_48261,2
NEWS_48262,2
NEWS_48263,4
NEWS_48264,5
NEWS_48265,5
NEWS_48266,1
NEWS_48267,5
NEWS_48268,2
NEWS_48269,5
NEWS_48270,4
NEWS_48271,2
NEWS_48272,3
NEWS_48273,3
NEWS_48274,3
NEWS_48275,4
NEWS_48276,4
NEWS_48277,4
NEWS_48278,5
NEWS_48279,5
NEWS_48280,2
NEWS_48281,1
NEWS_48282,3
NEWS_48283,1
NEWS_48284,4
NEWS_48285,1
NEWS_48286,0
NEWS_48287,5
NEWS_48288,1
NEWS_48289,1
NEWS_48290,3
NEWS_48291,1
NEWS_48292,2
NEWS_48293,3
NEWS_48294,4
NEWS_48295,4
NEWS_48296,3
NEWS_48297,1
NEWS_48298,0
NEWS_48299,3
NEWS_48300,1
NEWS_48301,4
NEWS_48302,3
NEWS_48303,4
NEWS_48304,4
NEWS_48305,4
NEWS_48306,5
NEWS_48307,3
NEWS_48308,4
NEWS_48309,4
NEWS_48310,3
NEWS_48311,5
NEWS_48312,4
NEWS_48313,4
NEWS_48314,3
NEWS_48315,3
NEWS_48316,4
NEWS_48317,4
NEWS_48318,3
NEWS_48319,4
NEWS_48320,1
NEWS_48321,1
NEWS_48322,3
NEWS_48323,4
NEWS_48324,3
NEWS_48325,2
NEWS_48326,4
NEWS_48327,0
NEWS_48328,2
NEWS_48329,3
NEWS_48330,4
NEWS_48331,5
NEWS_48332,1
NEWS_48333,5
NEWS_48334,5
NEWS_48335,5
NEWS_48336,2
NEWS_48337,1
NEWS_48338,0
NEWS_48339,4
NEWS_48340,5
NEWS_48341,3
NEWS_48342,4
NEWS_48343,1
NEWS_48344,3
NEWS_48345,1
NEWS_48346,5
NEWS_48347,4
NEWS_48348,4
NEWS_48349,5
NEWS_48350,0
NEWS_48351,4
NEWS_48352,3
NEWS_48353,5
NEWS_48354,4
NEWS_48355,2
NEWS_48356,4
NEWS_48357,4
NEWS_48358,1
NEWS_48359,4
NEWS_48360,3
NEWS_48361,1
NEWS_48362,1
NEWS_48363,4
NEWS_48364,5
NEWS_48365,4
NEWS_48366,0
NEWS_48367,4
NEWS_48368,1
NEWS_48369,4
NEWS_48370,5
NEWS_48371,4
NEWS_48372,4
NEWS_48373,2
NEWS_48374,3
NEWS_48375,3
NEWS_48376,3
NEWS_48377,3
NEWS_48378,4
NEWS_48379,4
NEWS_48380,3
NEWS_48381,3
NEWS_48382,4
NEWS_48383,1
NEWS_48384,1
NEWS_48385,1
NEWS_48386,1
NEWS_48387,2
NEWS_48388,4
NEWS_48389,5
NEWS_48390,2
NEWS_48391,3
NEWS_48392,2
NEWS_48393,0
NEWS_48394,3
NEWS_48395,2
NEWS_48396,2
NEWS_48397,4
NEWS_48398,3
NEWS_48399,4
NEWS_48400,2
NEWS_48401,5
NEWS_48402,3
NEWS_48403,1
NEWS_48404,2
NEWS_48405,0
NEWS_48406,1
NEWS_48407,1
NEWS_48408,4
NEWS_48409,4
NEWS_48410,5
NEWS_48411,0
NEWS_48412,3
NEWS_48413,1
NEWS_48414,2
NEWS_48415,2
NEWS_48416,1
NEWS_48417,4
NEWS_48418,0
NEWS_48419,1
NEWS_48420,3
NEWS_48421,3
NEWS_48422,4
NEWS_48423,4
NEWS_48424,3
NEWS_48425,4
NEWS_48426,4
NEWS_48427,4
NEWS_48428,2
NEWS_48429,3
NEWS_48430,0
NEWS_48431,1
NEWS_48432,4
NEWS_48433,0
NEWS_48434,1
NEWS_48435,1
NEWS_48436,1
NEWS_48437,5
NEWS_48438,5
NEWS_48439,4
NEWS_48440,1
NEWS_48441,2
NEWS_48442,2
NEWS_48443,4
NEWS_48444,4
NEWS_48445,3
NEWS_48446,3
NEWS_48447,3
NEWS_48448,1
NEWS_48449,0
NEWS_48450,1
NEWS_48451,3
NEWS_48452,1
NEWS_48453,0
NEWS_48454,4
NEWS_48455,1
NEWS_48456,2
NEWS_48457,4
NEWS_48458,3
NEWS_48459,1
NEWS_48460,3
NEWS_48461,4
NEWS_48462,4
NEWS_48463,3
NEWS_48464,5
NEWS_48465,3
NEWS_48466,3
NEWS_48467,3
NEWS_48468,1
NEWS_48469,4
NEWS_48470,2
NEWS_48471,4
NEWS_48472,1
NEWS_48473,2
NEWS_48474,1
NEWS_48475,2
NEWS_48476,5
NEWS_48477,1
NEWS_48478,1
NEWS_48479,4
NEWS_48480,0
NEWS_48481,4
NEWS_48482,0
NEWS_48483,4
NEWS_48484,4
NEWS_48485,3
NEWS_48486,5
NEWS_48487,1
NEWS_48488,0
NEWS_48489,3
NEWS_48490,4
NEWS_48491,0
NEWS_48492,5
NEWS_48493,4
NEWS_48494,2
NEWS_48495,4
NEWS_48496,4
NEWS_48497,4
NEWS_48498,5
NEWS_48499,3
NEWS_48500,3
NEWS_48501,2
NEWS_48502,5
NEWS_48503,2
NEWS_48504,5
NEWS_48505,3
NEWS_48506,2
NEWS_48507,5
NEWS_48508,4
NEWS_48509,2
NEWS_48510,3
NEWS_48511,3
NEWS_48512,5
NEWS_48513,4
NEWS_48514,4
NEWS_48515,1
NEWS_48516,1
NEWS_48517,5
NEWS_48518,1
NEWS_48519,1
NEWS_48520,1
NEWS_48521,1
NEWS_48522,3
NEWS_48523,0
NEWS_48524,2
NEWS_48525,0
NEWS_48526,5
NEWS_48527,2
NEWS_48528,4
NEWS_48529,2
NEWS_48530,4
NEWS_48531,1
NEWS_48532,1
NEWS_48533,1
NEWS_48534,1
NEWS_48535,5
NEWS_48536,4
NEWS_48537,2
NEWS_48538,3
NEWS_48539,4
NEWS_48540,5
NEWS_48541,4
NEWS_48542,3
NEWS_48543,1
NEWS_48544,1
NEWS_48545,1
NEWS_48546,1
NEWS_48547,4
NEWS_48548,4
NEWS_48549,1
NEWS_48550,4
NEWS_48551,4
NEWS_48552,5
NEWS_48553,4
NEWS_48554,4
NEWS_48555,0
NEWS_48556,3
NEWS_48557,1
NEWS_48558,4
NEWS_48559,4
NEWS_48560,2
NEWS_48561,1
NEWS_48562,5
NEWS_48563,5
NEWS_48564,1
NEWS_48565,3
NEWS_48566,2
NEWS_48567,3
NEWS_48568,1
NEWS_48569,3
NEWS_48570,1
NEWS_48571,0
NEWS_48572,4
NEWS_48573,2
NEWS_48574,1
NEWS_48575,1
NEWS_48576,4
NEWS_48577,1
NEWS_48578,2
NEWS_48579,3
NEWS_48580,4
NEWS_48581,1
NEWS_48582,4
NEWS_48583,1
NEWS_48584,1
NEWS_48585,2
NEWS_48586,3
NEWS_48587,5
NEWS_48588,4
NEWS_48589,3
NEWS_48590,3
NEWS_48591,3
NEWS_48592,3
NEWS_48593,1
NEWS_48594,3
NEWS_48595,2
NEWS_48596,1
NEWS_48597,3
NEWS_48598,5
NEWS_48599,4
NEWS_48600,5
NEWS_48601,0
NEWS_48602,5
NEWS_48603,2
NEWS_48604,3
NEWS_48605,0
NEWS_48606,0
NEWS_48607,3
NEWS_48608,4
NEWS_48609,4
NEWS_48610,5
NEWS_48611,5
NEWS_48612,4
NEWS_48613,3
NEWS_48614,2
NEWS_48615,1
NEWS_48616,3
NEWS_48617,1
NEWS_48618,2
NEWS_48619,1
NEWS_48620,3
NEWS_48621,4
NEWS_48622,5
NEWS_48623,4
NEWS_48624,3
NEWS_48625,5
NEWS_48626,4
NEWS_48627,0
NEWS_48628,1
NEWS_48629,3
NEWS_48630,5
NEWS_48631,4
NEWS_48632,4
NEWS_48633,1
NEWS_48634,5
NEWS_48635,2
NEWS_48636,2
NEWS_48637,4
NEWS_48638,4
NEWS_48639,1
NEWS_48640,4
NEWS_48641,5
NEWS_48642,1
NEWS_48643,3
NEWS_48644,0
NEWS_48645,3
NEWS_48646,0
NEWS_48647,4
NEWS_48648,4
NEWS_48649,2
NEWS_48650,2
NEWS_48651,2
NEWS_48652,4
NEWS_48653,2
NEWS_48654,3
NEWS_48655,4
NEWS_48656,4
NEWS_48657,4
NEWS_48658,2
NEWS_48659,5
NEWS_48660,3
NEWS_48661,1
NEWS_48662,1
NEWS_48663,1
NEWS_48664,2
NEWS_48665,1
NEWS_48666,0
NEWS_48667,1
NEWS_48668,3
NEWS_48669,1
NEWS_48670,2
NEWS_48671,4
NEWS_48672,0
NEWS_48673,2
NEWS_48674,4
NEWS_48675,3
NEWS_48676,3
NEWS_48677,2
NEWS_48678,1
NEWS_48679,4
NEWS_48680,1
NEWS_48681,4
NEWS_48682,2
NEWS_48683,2
NEWS_48684,1
NEWS_48685,5
NEWS_48686,1
NEWS_48687,3
NEWS_48688,4
NEWS_48689,4
NEWS_48690,3
NEWS_48691,1
NEWS_48692,4
NEWS_48693,2
NEWS_48694,2
NEWS_48695,0
NEWS_48696,4
NEWS_48697,2
NEWS_48698,4
NEWS_48699,4
NEWS_48700,5
NEWS_48701,1
NEWS_48702,3
NEWS_48703,4
NEWS_48704,1
NEWS_48705,5
NEWS_48706,5
NEWS_48707,2
NEWS_48708,1
NEWS_48709,3
NEWS_48710,2
NEWS_48711,1
NEWS_48712,3
NEWS_48713,2
NEWS_48714,4
NEWS_48715,2
NEWS_48716,5
NEWS_48717,1
NEWS_48718,3
NEWS_48719,4
NEWS_48720,1
NEWS_48721,5
NEWS_48722,3
NEWS_48723,0
NEWS_48724,1
NEWS_48725,4
NEWS_48726,0
NEWS_48727,3
NEWS_48728,3
NEWS_48729,1
NEWS_48730,4
NEWS_48731,5
NEWS_48732,2
NEWS_48733,0
NEWS_48734,3
NEWS_48735,4
NEWS_48736,2
NEWS_48737,2
NEWS_48738,1
NEWS_48739,1
NEWS_48740,4
NEWS_48741,4
NEWS_48742,2
NEWS_48743,3
NEWS_48744,4
NEWS_48745,1
NEWS_48746,3
NEWS_48747,1
NEWS_48748,2
NEWS_48749,5
NEWS_48750,5
NEWS_48751,4
NEWS_48752,4
NEWS_48753,5
NEWS_48754,5
NEWS_48755,0
NEWS_48756,1
NEWS_48757,4
NEWS_48758,4
NEWS_48759,3
NEWS_48760,4
NEWS_48761,3
NEWS_48762,5
NEWS_48763,2
NEWS_48764,2
NEWS_48765,1
NEWS_48766,3
NEWS_48767,1
NEWS_48768,3
NEWS_48769,5
NEWS_48770,1
NEWS_48771,4
NEWS_48772,2
NEWS_48773,2
NEWS_48774,4
NEWS_48775,1
NEWS_48776,5
NEWS_48777,4
NEWS_48778,3
NEWS_48779,3
NEWS_48780,5
NEWS_48781,5
NEWS_48782,2
NEWS_48783,5
NEWS_48784,4
NEWS_48785,4
NEWS_48786,3
NEWS_48787,5
NEWS_48788,4
NEWS_48789,1
NEWS_48790,1
NEWS_48791,4
NEWS_48792,4
NEWS_48793,4
NEWS_48794,3
NEWS_48795,0
NEWS_48796,3
NEWS_48797,5
NEWS_48798,3
NEWS_48799,4
NEWS_48800,4
NEWS_48801,1
NEWS_48802,4
NEWS_48803,2
NEWS_48804,4
NEWS_48805,4
NEWS_48806,2
NEWS_48807,4
NEWS_48808,2
NEWS_48809,1
NEWS_48810,4
NEWS_48811,4
NEWS_48812,2
NEWS_48813,3
NEWS_48814,2
NEWS_48815,5
NEWS_48816,4
NEWS_48817,1
NEWS_48818,3
NEWS_48819,1
NEWS_48820,1
NEWS_48821,4
NEWS_48822,3
NEWS_48823,4
NEWS_48824,2
NEWS_48825,1
NEWS_48826,4
NEWS_48827,1
NEWS_48828,2
NEWS_48829,5
NEWS_48830,2
NEWS_48831,2
NEWS_48832,5
NEWS_48833,2
NEWS_48834,2
NEWS_48835,5
NEWS_48836,3
NEWS_48837,5
NEWS_48838,4
NEWS_48839,2
NEWS_48840,2
NEWS_48841,1
NEWS_48842,4
NEWS_48843,2
NEWS_48844,4
NEWS_48845,3
NEWS_48846,4
NEWS_48847,1
NEWS_48848,3
NEWS_48849,1
NEWS_48850,1
NEWS_48851,1
NEWS_48852,1
NEWS_48853,3
NEWS_48854,3
NEWS_48855,5
NEWS_48856,3
NEWS_48857,3
NEWS_48858,0
NEWS_48859,0
NEWS_48860,1
NEWS_48861,3
NEWS_48862,4
NEWS_48863,3
NEWS_48864,0
NEWS_48865,5
NEWS_48866,1
NEWS_48867,3
NEWS_48868,0
NEWS_48869,4
NEWS_48870,1
NEWS_48871,3
NEWS_48872,1
NEWS_48873,2
NEWS_48874,4
NEWS_48875,5
NEWS_48876,4
NEWS_48877,1
NEWS_48878,3
NEWS_48879,4
NEWS_48880,3
NEWS_48881,2
NEWS_48882,2
NEWS_48883,5
NEWS_48884,4
NEWS_48885,4
NEWS_48886,0
NEWS_48887,4
NEWS_48888,4
NEWS_48889,3
NEWS_48890,3
NEWS_48891,2
NEWS_48892,1
NEWS_48893,4
NEWS_48894,2
NEWS_48895,3
NEWS_48896,5
NEWS_48897,2
NEWS_48898,1
NEWS_48899,1
NEWS_48900,2
NEWS_48901,3
NEWS_48902,4
NEWS_48903,3
NEWS_48904,4
NEWS_48905,0
NEWS_48906,1
NEWS_48907,3
NEWS_48908,5
NEWS_48909,5
NEWS_48910,0
NEWS_48911,4
NEWS_48912,4
NEWS_48913,3
NEWS_48914,1
NEWS_48915,5
NEWS_48916,5
NEWS_48917,3
NEWS_48918,5
NEWS_48919,5
NEWS_48920,4
NEWS_48921,1
NEWS_48922,3
NEWS_48923,3
NEWS_48924,5
NEWS_48925,5
NEWS_48926,3
NEWS_48927,4
NEWS_48928,3
NEWS_48929,5
NEWS_48930,4
NEWS_48931,4
NEWS_48932,5
NEWS_48933,4
NEWS_48934,4
NEWS_48935,1
NEWS_48936,3
NEWS_48937,5
NEWS_48938,2
NEWS_48939,4
NEWS_48940,2
NEWS_48941,4
NEWS_48942,4
NEWS_48943,3
NEWS_48944,5
NEWS_48945,2
NEWS_48946,2
NEWS_48947,3
NEWS_48948,1
NEWS_48949,0
NEWS_48950,1
NEWS_48951,2
NEWS_48952,4
NEWS_48953,3
NEWS_48954,0
NEWS_48955,4
NEWS_48956,4
NEWS_48957,1
NEWS_48958,4
NEWS_48959,5
NEWS_48960,3
NEWS_48961,3
NEWS_48962,4
NEWS_48963,4
NEWS_48964,2
NEWS_48965,5
NEWS_48966,1
NEWS_48967,3
NEWS_48968,5
NEWS_48969,4
NEWS_48970,4
NEWS_48971,1
NEWS_48972,1
NEWS_48973,3
NEWS_48974,4
NEWS_48975,0
NEWS_48976,1
NEWS_48977,4
NEWS_48978,1
NEWS_48979,1
NEWS_48980,1
NEWS_48981,2
NEWS_48982,1
NEWS_48983,4
NEWS_48984,4
NEWS_48985,1
NEWS_48986,1
NEWS_48987,5
NEWS_48988,4
NEWS_48989,4
NEWS_48990,4
NEWS_48991,5
NEWS_48992,1
NEWS_48993,2
NEWS_48994,4
NEWS_48995,4
NEWS_48996,1
NEWS_48997,5
NEWS_48998,1
NEWS_48999,1
NEWS_49000,5
NEWS_49001,2
NEWS_49002,1
NEWS_49003,1
NEWS_49004,4
NEWS_49005,3
NEWS_49006,5
NEWS_49007,0
NEWS_49008,5
NEWS_49009,5
NEWS_49010,5
NEWS_49011,2
NEWS_49012,3
NEWS_49013,2
NEWS_49014,1
NEWS_49015,1
NEWS_49016,5
NEWS_49017,1
NEWS_49018,4
NEWS_49019,3
NEWS_49020,3
NEWS_49021,3
NEWS_49022,0
NEWS_49023,4
NEWS_49024,0
NEWS_49025,1
NEWS_49026,2
NEWS_49027,3
NEWS_49028,4
NEWS_49029,4
NEWS_49030,3
NEWS_49031,0
NEWS_49032,1
NEWS_49033,5
NEWS_49034,2
NEWS_49035,4
NEWS_49036,2
NEWS_49037,5
NEWS_49038,4
NEWS_49039,3
NEWS_49040,5
NEWS_49041,2
NEWS_49042,1
NEWS_49043,4
NEWS_49044,1
NEWS_49045,5
NEWS_49046,4
NEWS_49047,5
NEWS_49048,0
NEWS_49049,4
NEWS_49050,4
NEWS_49051,1
NEWS_49052,2
NEWS_49053,1
NEWS_49054,5
NEWS_49055,3
NEWS_49056,5
NEWS_49057,1
NEWS_49058,1
NEWS_49059,5
NEWS_49060,4
NEWS_49061,4
NEWS_49062,4
NEWS_49063,0
NEWS_49064,5
NEWS_49065,3
NEWS_49066,5
NEWS_49067,4
NEWS_49068,2
NEWS_49069,1
NEWS_49070,1
NEWS_49071,5
NEWS_49072,4
NEWS_49073,3
NEWS_49074,5
NEWS_49075,1
NEWS_49076,3
NEWS_49077,4
NEWS_49078,2
NEWS_49079,4
NEWS_49080,3
NEWS_49081,4
NEWS_49082,5
NEWS_49083,3
NEWS_49084,3
NEWS_49085,5
NEWS_49086,4
NEWS_49087,4
NEWS_49088,1
NEWS_49089,3
NEWS_49090,3
NEWS_49091,4
NEWS_49092,5
NEWS_49093,4
NEWS_49094,3
NEWS_49095,4
NEWS_49096,4
NEWS_49097,4
NEWS_49098,4
NEWS_49099,2
NEWS_49100,3
NEWS_49101,3
NEWS_49102,1
NEWS_49103,3
NEWS_49104,5
NEWS_49105,2
NEWS_49106,3
NEWS_49107,4
NEWS_49108,1
NEWS_49109,3
NEWS_49110,2
NEWS_49111,1
NEWS_49112,5
NEWS_49113,1
NEWS_49114,4
NEWS_49115,2
NEWS_49116,4
NEWS_49117,2
NEWS_49118,1
NEWS_49119,0
NEWS_49120,5
NEWS_49121,4
NEWS_49122,4
NEWS_49123,5
NEWS_49124,2
NEWS_49125,1
NEWS_49126,4
NEWS_49127,2
NEWS_49128,4
NEWS_49129,4
NEWS_49130,4
NEWS_49131,1
NEWS_49132,4
NEWS_49133,2
NEWS_49134,4
NEWS_49135,5
NEWS_49136,3
NEWS_49137,1
NEWS_49138,1
NEWS_49139,1
NEWS_49140,5
NEWS_49141,3
NEWS_49142,5
NEWS_49143,2
NEWS_49144,2
NEWS_49145,4
NEWS_49146,5
NEWS_49147,4
NEWS_49148,2
NEWS_49149,5
NEWS_49150,5
NEWS_49151,4
NEWS_49152,1
NEWS_49153,4
NEWS_49154,5
NEWS_49155,1
NEWS_49156,0
NEWS_49157,5
NEWS_49158,5
NEWS_49159,5
NEWS_49160,1
NEWS_49161,3
NEWS_49162,1
NEWS_49163,4
NEWS_49164,4
NEWS_49165,3
NEWS_49166,4
NEWS_49167,5
NEWS_49168,2
NEWS_49169,5
NEWS_49170,4
NEWS_49171,1
NEWS_49172,3
NEWS_49173,4
NEWS_49174,4
NEWS_49175,1
NEWS_49176,4
NEWS_49177,4
NEWS_49178,4
NEWS_49179,3
NEWS_49180,5
NEWS_49181,4
NEWS_49182,1
NEWS_49183,5
NEWS_49184,0
NEWS_49185,5
NEWS_49186,3
NEWS_49187,1
NEWS_49188,4
NEWS_49189,5
NEWS_49190,1
NEWS_49191,4
NEWS_49192,1
NEWS_49193,3
NEWS_49194,4
NEWS_49195,5
NEWS_49196,2
NEWS_49197,1
NEWS_49198,2
NEWS_49199,3
NEWS_49200,2
NEWS_49201,4
NEWS_49202,5
NEWS_49203,3
NEWS_49204,2
NEWS_49205,1
NEWS_49206,2
NEWS_49207,1
NEWS_49208,1
NEWS_49209,2
NEWS_49210,4
NEWS_49211,1
NEWS_49212,1
NEWS_49213,5
NEWS_49214,1
NEWS_49215,5
NEWS_49216,5
NEWS_49217,3
NEWS_49218,2
NEWS_49219,5
NEWS_49220,1
NEWS_49221,1
NEWS_49222,1
NEWS_49223,5
NEWS_49224,3
NEWS_49225,4
NEWS_49226,1
NEWS_49227,1
NEWS_49228,4
NEWS_49229,4
NEWS_49230,2
NEWS_49231,1
NEWS_49232,1
NEWS_49233,5
NEWS_49234,5
NEWS_49235,4
NEWS_49236,1
NEWS_49237,3
NEWS_49238,4
NEWS_49239,1
NEWS_49240,4
NEWS_49241,1
NEWS_49242,5
NEWS_49243,4
NEWS_49244,1
NEWS_49245,5
NEWS_49246,4
NEWS_49247,4
NEWS_49248,1
NEWS_49249,1
NEWS_49250,5
NEWS_49251,3
NEWS_49252,2
NEWS_49253,5
NEWS_49254,1
NEWS_49255,4
NEWS_49256,2
NEWS_49257,1
NEWS_49258,2
NEWS_49259,5
NEWS_49260,4
NEWS_49261,0
NEWS_49262,4
NEWS_49263,3
NEWS_49264,4
NEWS_49265,1
NEWS_49266,4
NEWS_49267,2
NEWS_49268,5
NEWS_49269,4
NEWS_49270,2
NEWS_49271,3
NEWS_49272,4
NEWS_49273,3
NEWS_49274,2
NEWS_49275,4
NEWS_49276,2
NEWS_49277,3
NEWS_49278,2
NEWS_49279,4
NEWS_49280,4
NEWS_49281,3
NEWS_49282,1
NEWS_49283,4
NEWS_49284,2
NEWS_49285,3
NEWS_49286,1
NEWS_49287,3
NEWS_49288,3
NEWS_49289,0
NEWS_49290,1
NEWS_49291,4
NEWS_49292,4
NEWS_49293,5
NEWS_49294,4
NEWS_49295,4
NEWS_49296,0
NEWS_49297,4
NEWS_49298,3
NEWS_49299,5
NEWS_49300,4
NEWS_49301,5
NEWS_49302,4
NEWS_49303,4
NEWS_49304,4
NEWS_49305,2
NEWS_49306,0
NEWS_49307,0
NEWS_49308,5
NEWS_49309,3
NEWS_49310,1
NEWS_49311,0
NEWS_49312,4
NEWS_49313,2
NEWS_49314,4
NEWS_49315,4
NEWS_49316,4
NEWS_49317,3
NEWS_49318,5
NEWS_49319,4
NEWS_49320,3
NEWS_49321,0
NEWS_49322,3
NEWS_49323,4
NEWS_49324,3
NEWS_49325,3
NEWS_49326,0
NEWS_49327,4
NEWS_49328,3
NEWS_49329,3
NEWS_49330,4
NEWS_49331,2
NEWS_49332,4
NEWS_49333,4
NEWS_49334,1
NEWS_49335,1
NEWS_49336,5
NEWS_49337,5
NEWS_49338,4
NEWS_49339,4
NEWS_49340,0
NEWS_49341,1
NEWS_49342,1
NEWS_49343,1
NEWS_49344,1
NEWS_49345,1
NEWS_49346,4
NEWS_49347,5
NEWS_49348,2
NEWS_49349,4
NEWS_49350,5
NEWS_49351,5
NEWS_49352,4
NEWS_49353,2
NEWS_49354,1
NEWS_49355,3
NEWS_49356,0
NEWS_49357,5
NEWS_49358,1
NEWS_49359,4
NEWS_49360,4
NEWS_49361,1
NEWS_49362,2
NEWS_49363,4
NEWS_49364,2
NEWS_49365,2
NEWS_49366,1
NEWS_49367,2
NEWS_49368,4
NEWS_49369,3
NEWS_49370,4
NEWS_49371,2
NEWS_49372,5
NEWS_49373,4
NEWS_49374,4
NEWS_49375,5
NEWS_49376,4
NEWS_49377,5
NEWS_49378,2
NEWS_49379,5
NEWS_49380,4
NEWS_49381,3
NEWS_49382,1
NEWS_49383,2
NEWS_49384,4
NEWS_49385,3
NEWS_49386,2
NEWS_49387,5
NEWS_49388,4
NEWS_49389,2
NEWS_49390,5
NEWS_49391,1
NEWS_49392,3
NEWS_49393,4
NEWS_49394,4
NEWS_49395,4
NEWS_49396,2
NEWS_49397,1
NEWS_49398,3
NEWS_49399,3
NEWS_49400,0
NEWS_49401,4
NEWS_49402,5
NEWS_49403,1
NEWS_49404,3
NEWS_49405,4
NEWS_49406,4
NEWS_49407,2
NEWS_49408,3
NEWS_49409,1
NEWS_49410,1
NEWS_49411,3
NEWS_49412,1
NEWS_49413,4
NEWS_49414,3
NEWS_49415,2
NEWS_49416,3
NEWS_49417,3
NEWS_49418,4
NEWS_49419,1
NEWS_49420,2
NEWS_49421,0
NEWS_49422,1
NEWS_49423,1
NEWS_49424,4
NEWS_49425,4
NEWS_49426,1
NEWS_49427,1
NEWS_49428,2
NEWS_49429,1
NEWS_49430,5
NEWS_49431,1
NEWS_49432,4
NEWS_49433,5
NEWS_49434,2
NEWS_49435,1
NEWS_49436,4
NEWS_49437,4
NEWS_49438,1
NEWS_49439,1
NEWS_49440,3
NEWS_49441,4
NEWS_49442,3
NEWS_49443,1
NEWS_49444,4
NEWS_49445,4
NEWS_49446,5
NEWS_49447,1
NEWS_49448,1
NEWS_49449,4
NEWS_49450,0
NEWS_49451,3
NEWS_49452,4
NEWS_49453,0
NEWS_49454,4
NEWS_49455,4
NEWS_49456,1
NEWS_49457,3
NEWS_49458,3
NEWS_49459,4
NEWS_49460,5
NEWS_49461,2
NEWS_49462,4
NEWS_49463,4
NEWS_49464,3
NEWS_49465,2
NEWS_49466,3
NEWS_49467,3
NEWS_49468,3
NEWS_49469,5
NEWS_49470,1
NEWS_49471,4
NEWS_49472,1
NEWS_49473,4
NEWS_49474,1
NEWS_49475,2
NEWS_49476,3
NEWS_49477,4
NEWS_49478,4
NEWS_49479,3
NEWS_49480,4
NEWS_49481,3
NEWS_49482,1
NEWS_49483,0
NEWS_49484,3
NEWS_49485,4
NEWS_49486,0
NEWS_49487,5
NEWS_49488,2
NEWS_49489,3
NEWS_49490,4
NEWS_49491,2
NEWS_49492,4
NEWS_49493,5
NEWS_49494,4
NEWS_49495,4
NEWS_49496,2
NEWS_49497,4
NEWS_49498,3
NEWS_49499,4
NEWS_49500,4
NEWS_49501,3
NEWS_49502,2
NEWS_49503,0
NEWS_49504,0
NEWS_49505,4
NEWS_49506,3
NEWS_49507,3
NEWS_49508,0
NEWS_49509,3
NEWS_49510,4
NEWS_49511,4
NEWS_49512,5
NEWS_49513,4
NEWS_49514,3
NEWS_49515,0
NEWS_49516,4
NEWS_49517,5
NEWS_49518,1
NEWS_49519,5
NEWS_49520,1
NEWS_49521,2
NEWS_49522,4
NEWS_49523,0
NEWS_49524,1
NEWS_49525,4
NEWS_49526,1
NEWS_49527,5
NEWS_49528,1
NEWS_49529,4
NEWS_49530,3
NEWS_49531,2
NEWS_49532,4
NEWS_49533,1
NEWS_49534,5
NEWS_49535,1
NEWS_49536,5
NEWS_49537,1
NEWS_49538,0
NEWS_49539,4
NEWS_49540,3
NEWS_49541,4
NEWS_49542,4
NEWS_49543,4
NEWS_49544,0
NEWS_49545,5
NEWS_49546,3
NEWS_49547,5
NEWS_49548,4
NEWS_49549,4
NEWS_49550,1
NEWS_49551,2
NEWS_49552,1
NEWS_49553,1
NEWS_49554,5
NEWS_49555,4
NEWS_49556,4
NEWS_49557,3
NEWS_49558,4
NEWS_49559,1
NEWS_49560,2
NEWS_49561,1
NEWS_49562,3
NEWS_49563,5
NEWS_49564,4
NEWS_49565,5
NEWS_49566,4
NEWS_49567,2
NEWS_49568,4
NEWS_49569,1
NEWS_49570,4
NEWS_49571,4
NEWS_49572,2
NEWS_49573,4
NEWS_49574,4
NEWS_49575,4
NEWS_49576,1
NEWS_49577,5
NEWS_49578,1
NEWS_49579,3
NEWS_49580,4
NEWS_49581,1
NEWS_49582,1
NEWS_49583,5
NEWS_49584,4
NEWS_49585,2
NEWS_49586,2
NEWS_49587,2
NEWS_49588,5
NEWS_49589,2
NEWS_49590,3
NEWS_49591,2
NEWS_49592,4
NEWS_49593,5
NEWS_49594,3
NEWS_49595,4
NEWS_49596,1
NEWS_49597,4
NEWS_49598,3
NEWS_49599,1
NEWS_49600,3
NEWS_49601,3
NEWS_49602,2
NEWS_49603,2
NEWS_49604,2
NEWS_49605,5
NEWS_49606,4
NEWS_49607,1
NEWS_49608,4
NEWS_49609,3
NEWS_49610,4
NEWS_49611,4
NEWS_49612,4
NEWS_49613,3
NEWS_49614,3
NEWS_49615,4
NEWS_49616,3
NEWS_49617,4
NEWS_49618,2
NEWS_49619,3
NEWS_49620,4
NEWS_49621,5
NEWS_49622,4
NEWS_49623,2
NEWS_49624,2
NEWS_49625,2
NEWS_49626,4
NEWS_49627,3
NEWS_49628,3
NEWS_49629,3
NEWS_49630,1
NEWS_49631,2
NEWS_49632,4
NEWS_49633,1
NEWS_49634,1
NEWS_49635,4
NEWS_49636,1
NEWS_49637,2
NEWS_49638,4
NEWS_49639,4
NEWS_49640,5
NEWS_49641,2
NEWS_49642,2
NEWS_49643,0
NEWS_49644,1
NEWS_49645,1
NEWS_49646,1
NEWS_49647,3
NEWS_49648,3
NEWS_49649,5
NEWS_49650,4
NEWS_49651,0
NEWS_49652,4
NEWS_49653,4
NEWS_49654,4
NEWS_49655,1
NEWS_49656,5
NEWS_49657,2
NEWS_49658,4
NEWS_49659,4
NEWS_49660,4
NEWS_49661,2
NEWS_49662,3
NEWS_49663,4
NEWS_49664,3
NEWS_49665,3
NEWS_49666,4
NEWS_49667,0
NEWS_49668,3
NEWS_49669,4
NEWS_49670,3
NEWS_49671,1
NEWS_49672,3
NEWS_49673,4
NEWS_49674,4
NEWS_49675,1
NEWS_49676,4
NEWS_49677,2
NEWS_49678,1
NEWS_49679,1
NEWS_49680,3
NEWS_49681,3
NEWS_49682,5
NEWS_49683,4
NEWS_49684,5
NEWS_49685,1
NEWS_49686,4
NEWS_49687,2
NEWS_49688,2
NEWS_49689,3
NEWS_49690,4
NEWS_49691,4
NEWS_49692,0
NEWS_49693,3
NEWS_49694,3
NEWS_49695,2
NEWS_49696,5
NEWS_49697,5
NEWS_49698,3
NEWS_49699,1
NEWS_49700,4
NEWS_49701,3
NEWS_49702,1
NEWS_49703,3
NEWS_49704,1
NEWS_49705,4
NEWS_49706,4
NEWS_49707,3
NEWS_49708,2
NEWS_49709,1
NEWS_49710,4
NEWS_49711,2
NEWS_49712,4
NEWS_49713,4
NEWS_49714,3
NEWS_49715,3
NEWS_49716,1
NEWS_49717,3
NEWS_49718,4
NEWS_49719,2
NEWS_49720,3
NEWS_49721,4
NEWS_49722,2
NEWS_49723,1
NEWS_49724,3
NEWS_49725,5
NEWS_49726,2
NEWS_49727,3
NEWS_49728,5
NEWS_49729,4
NEWS_49730,5
NEWS_49731,0
NEWS_49732,3
NEWS_49733,4
NEWS_49734,4
NEWS_49735,0
NEWS_49736,3
NEWS_49737,4
NEWS_49738,1
NEWS_49739,4
NEWS_49740,1
NEWS_49741,0
NEWS_49742,5
NEWS_49743,4
NEWS_49744,4
NEWS_49745,1
NEWS_49746,3
NEWS_49747,4
NEWS_49748,4
NEWS_49749,4
NEWS_49750,3
NEWS_49751,4
NEWS_49752,4
NEWS_49753,2
NEWS_49754,1
NEWS_49755,5
NEWS_49756,4
NEWS_49757,1
NEWS_49758,0
NEWS_49759,4
NEWS_49760,4
NEWS_49761,2
NEWS_49762,2
NEWS_49763,4
NEWS_49764,2
NEWS_49765,4
NEWS_49766,2
NEWS_49767,1
NEWS_49768,5
NEWS_49769,4
NEWS_49770,4
NEWS_49771,5
NEWS_49772,4
NEWS_49773,3
NEWS_49774,4
NEWS_49775,4
NEWS_49776,5
NEWS_49777,5
NEWS_49778,2
NEWS_49779,1
NEWS_49780,1
NEWS_49781,4
NEWS_49782,5
NEWS_49783,4
NEWS_49784,3
NEWS_49785,3
NEWS_49786,5
NEWS_49787,4
NEWS_49788,1
NEWS_49789,5
NEWS_49790,2
NEWS_49791,0
NEWS_49792,1
NEWS_49793,2
NEWS_49794,4
NEWS_49795,4
NEWS_49796,3
NEWS_49797,5
NEWS_49798,4
NEWS_49799,2
NEWS_49800,4
NEWS_49801,2
NEWS_49802,3
NEWS_49803,1
NEWS_49804,1
NEWS_49805,1
NEWS_49806,3
NEWS_49807,2
NEWS_49808,4
NEWS_49809,1
NEWS_49810,4
NEWS_49811,4
NEWS_49812,1
NEWS_49813,5
NEWS_49814,5
NEWS_49815,1
NEWS_49816,3
NEWS_49817,4
NEWS_49818,4
NEWS_49819,5
NEWS_49820,1
NEWS_49821,5
NEWS_49822,3
NEWS_49823,4
NEWS_49824,3
NEWS_49825,1
NEWS_49826,3
NEWS_49827,3
NEWS_49828,3
NEWS_49829,3
NEWS_49830,4
NEWS_49831,3
NEWS_49832,5
NEWS_49833,1
NEWS_49834,1
NEWS_49835,4
NEWS_49836,4
NEWS_49837,3
NEWS_49838,4
NEWS_49839,4
NEWS_49840,2
NEWS_49841,3
NEWS_49842,5
NEWS_49843,0
NEWS_49844,1
NEWS_49845,3
NEWS_49846,4
NEWS_49847,5
NEWS_49848,4
NEWS_49849,3
NEWS_49850,5
NEWS_49851,4
NEWS_49852,1
NEWS_49853,3
NEWS_49854,1
NEWS_49855,5
NEWS_49856,2
NEWS_49857,4
NEWS_49858,4
NEWS_49859,2
NEWS_49860,1
NEWS_49861,4
NEWS_49862,1
NEWS_49863,4
NEWS_49864,1
NEWS_49865,3
NEWS_49866,2
NEWS_49867,3
NEWS_49868,4
NEWS_49869,4
NEWS_49870,3
NEWS_49871,3
NEWS_49872,5
NEWS_49873,3
NEWS_49874,5
NEWS_49875,3
NEWS_49876,4
NEWS_49877,4
NEWS_49878,4
NEWS_49879,3
NEWS_49880,4
NEWS_49881,3
NEWS_49882,4
NEWS_49883,4
NEWS_49884,2
NEWS_49885,2
NEWS_49886,5
NEWS_49887,4
NEWS_49888,5
NEWS_49889,4
NEWS_49890,5
NEWS_49891,4
NEWS_49892,4
NEWS_49893,4
NEWS_49894,1
NEWS_49895,4
NEWS_49896,4
NEWS_49897,1
NEWS_49898,1
NEWS_49899,3
NEWS_49900,4
NEWS_49901,5
NEWS_49902,2
NEWS_49903,1
NEWS_49904,5
NEWS_49905,4
NEWS_49906,2
NEWS_49907,1
NEWS_49908,4
NEWS_49909,5
NEWS_49910,0
NEWS_49911,1
NEWS_49912,1
NEWS_49913,5
NEWS_49914,1
NEWS_49915,4
NEWS_49916,2
NEWS_49917,4
NEWS_49918,1
NEWS_49919,1
NEWS_49920,1
NEWS_49921,3
NEWS_49922,2
NEWS_49923,4
NEWS_49924,3
NEWS_49925,4
NEWS_49926,4
NEWS_49927,2
NEWS_49928,4
NEWS_49929,1
NEWS_49930,1
NEWS_49931,3
NEWS_49932,1
NEWS_49933,0
NEWS_49934,1
NEWS_49935,3
NEWS_49936,1
NEWS_49937,4
NEWS_49938,3
NEWS_49939,1
NEWS_49940,3
NEWS_49941,5
NEWS_49942,5
NEWS_49943,4
NEWS_49944,4
NEWS_49945,4
NEWS_49946,1
NEWS_49947,5
NEWS_49948,3
NEWS_49949,4
NEWS_49950,4
NEWS_49951,4
NEWS_49952,1
NEWS_49953,5
NEWS_49954,4
NEWS_49955,2
NEWS_49956,4
NEWS_49957,4
NEWS_49958,4
NEWS_49959,1
NEWS_49960,4
NEWS_49961,4
NEWS_49962,1
NEWS_49963,4
NEWS_49964,3
NEWS_49965,4
NEWS_49966,4
NEWS_49967,1
NEWS_49968,2
NEWS_49969,5
NEWS_49970,1
NEWS_49971,4
NEWS_49972,4
NEWS_49973,0
NEWS_49974,4
NEWS_49975,4
NEWS_49976,5
NEWS_49977,2
NEWS_49978,0
NEWS_49979,3
NEWS_49980,5
NEWS_49981,5
NEWS_49982,5
NEWS_49983,3
NEWS_49984,4
NEWS_49985,2
NEWS_49986,2
NEWS_49987,4
NEWS_49988,4
NEWS_49989,1
NEWS_49990,0
NEWS_49991,4
NEWS_49992,4
NEWS_49993,4
NEWS_49994,5
NEWS_49995,2
NEWS_49996,1
NEWS_49997,4
NEWS_49998,0
NEWS_49999,4
NEWS_50000,4
NEWS_50001,4
NEWS_50002,3
NEWS_50003,0
NEWS_50004,3
NEWS_50005,5
NEWS_50006,4
NEWS_50007,3
NEWS_50008,2
NEWS_50009,2
NEWS_50010,4
NEWS_50011,5
NEWS_50012,4
NEWS_50013,4
NEWS_50014,2
NEWS_50015,4
NEWS_50016,4
NEWS_50017,1
NEWS_50018,0
NEWS_50019,1
NEWS_50020,2
NEWS_50021,2
NEWS_50022,5
NEWS_50023,4
NEWS_50024,4
NEWS_50025,2
NEWS_50026,5
NEWS_50027,2
NEWS_50028,1
NEWS_50029,3
NEWS_50030,5
NEWS_50031,3
NEWS_50032,1
NEWS_50033,3
NEWS_50034,4
NEWS_50035,5
NEWS_50036,5
NEWS_50037,5
NEWS_50038,4
NEWS_50039,3
NEWS_50040,4
NEWS_50041,5
NEWS_50042,3
NEWS_50043,4
NEWS_50044,4
NEWS_50045,2
NEWS_50046,4
NEWS_50047,4
NEWS_50048,5
NEWS_50049,2
NEWS_50050,5
NEWS_50051,1
NEWS_50052,3
NEWS_50053,3
NEWS_50054,2
NEWS_50055,3
NEWS_50056,4
NEWS_50057,5
NEWS_50058,0
NEWS_50059,4
NEWS_50060,1
NEWS_50061,4
NEWS_50062,1
NEWS_50063,5
NEWS_50064,5
NEWS_50065,3
NEWS_50066,4
NEWS_50067,1
NEWS_50068,4
NEWS_50069,1
NEWS_50070,0
NEWS_50071,3
NEWS_50072,0
NEWS_50073,3
NEWS_50074,1
NEWS_50075,5
NEWS_50076,2
NEWS_50077,1
NEWS_50078,2
NEWS_50079,5
NEWS_50080,5
NEWS_50081,1
NEWS_50082,3
NEWS_50083,3
NEWS_50084,3
NEWS_50085,5
NEWS_50086,5
NEWS_50087,4
NEWS_50088,4
NEWS_50089,4
NEWS_50090,0
NEWS_50091,4
NEWS_50092,5
NEWS_50093,3
NEWS_50094,1
NEWS_50095,1
NEWS_50096,4
NEWS_50097,4
NEWS_50098,3
NEWS_50099,1
NEWS_50100,4
NEWS_50101,3
NEWS_50102,1
NEWS_50103,4
NEWS_50104,5
NEWS_50105,3
NEWS_50106,5
NEWS_50107,1
NEWS_50108,4
NEWS_50109,5
NEWS_50110,1
NEWS_50111,4
NEWS_50112,3
NEWS_50113,4
NEWS_50114,4
NEWS_50115,3
NEWS_50116,3
NEWS_50117,1
NEWS_50118,3
NEWS_50119,2
NEWS_50120,4
NEWS_50121,2
NEWS_50122,4
NEWS_50123,1
NEWS_50124,1
NEWS_50125,3
NEWS_50126,5
NEWS_50127,3
NEWS_50128,4
NEWS_50129,1
NEWS_50130,3
NEWS_50131,4
NEWS_50132,1
NEWS_50133,2
NEWS_50134,3
NEWS_50135,1
NEWS_50136,1
NEWS_50137,3
NEWS_50138,2
NEWS_50139,2
NEWS_50140,4
NEWS_50141,3
NEWS_50142,3
NEWS_50143,1
NEWS_50144,1
NEWS_50145,4
NEWS_50146,4
NEWS_50147,4
NEWS_50148,1
NEWS_50149,4
NEWS_50150,2
NEWS_50151,1
NEWS_50152,3
NEWS_50153,3
NEWS_50154,3
NEWS_50155,2
NEWS_50156,3
NEWS_50157,5
NEWS_50158,1
NEWS_50159,3
NEWS_50160,1
NEWS_50161,3
NEWS_50162,1
NEWS_50163,1
NEWS_50164,2
NEWS_50165,3
NEWS_50166,1
NEWS_50167,1
NEWS_50168,4
NEWS_50169,0
NEWS_50170,0
NEWS_50171,3
NEWS_50172,4
NEWS_50173,1
NEWS_50174,4
NEWS_50175,3
NEWS_50176,1
NEWS_50177,3
NEWS_50178,5
NEWS_50179,3
NEWS_50180,4
NEWS_50181,4
NEWS_50182,5
NEWS_50183,5
NEWS_50184,4
NEWS_50185,0
NEWS_50186,1
NEWS_50187,4
NEWS_50188,1
NEWS_50189,4
NEWS_50190,3
NEWS_50191,4
NEWS_50192,3
NEWS_50193,4
NEWS_50194,1
NEWS_50195,4
NEWS_50196,3
NEWS_50197,1
NEWS_50198,2
NEWS_50199,4
NEWS_50200,4
NEWS_50201,1
NEWS_50202,3
NEWS_50203,2
NEWS_50204,4
NEWS_50205,4
NEWS_50206,2
NEWS_50207,0
NEWS_50208,1
NEWS_50209,5
NEWS_50210,4
NEWS_50211,4
NEWS_50212,3
NEWS_50213,4
NEWS_50214,0
NEWS_50215,3
NEWS_50216,5
NEWS_50217,1
NEWS_50218,4
NEWS_50219,4
NEWS_50220,3
NEWS_50221,3
NEWS_50222,4
NEWS_50223,1
NEWS_50224,2
NEWS_50225,1
NEWS_50226,4
NEWS_50227,5
NEWS_50228,4
NEWS_50229,5
NEWS_50230,4
NEWS_50231,4
NEWS_50232,4
NEWS_50233,1
NEWS_50234,5
NEWS_50235,0
NEWS_50236,1
NEWS_50237,4
NEWS_50238,4
NEWS_50239,4
NEWS_50240,3
NEWS_50241,1
NEWS_50242,4
NEWS_50243,4
NEWS_50244,1
NEWS_50245,5
NEWS_50246,5
NEWS_50247,4
NEWS_50248,2
NEWS_50249,1
NEWS_50250,4
NEWS_50251,3
NEWS_50252,5
NEWS_50253,3
NEWS_50254,2
NEWS_50255,5
NEWS_50256,0
NEWS_50257,4
NEWS_50258,1
NEWS_50259,1
NEWS_50260,3
NEWS_50261,1
NEWS_50262,4
NEWS_50263,4
NEWS_50264,5
NEWS_50265,2
NEWS_50266,3
NEWS_50267,4
NEWS_50268,3
NEWS_50269,5
NEWS_50270,0
NEWS_50271,0
NEWS_50272,3
NEWS_50273,2
NEWS_50274,2
NEWS_50275,3
NEWS_50276,5
NEWS_50277,3
NEWS_50278,5
NEWS_50279,1
NEWS_50280,1
NEWS_50281,4
NEWS_50282,3
NEWS_50283,3
NEWS_50284,5
NEWS_50285,2
NEWS_50286,4
NEWS_50287,3
NEWS_50288,3
NEWS_50289,3
NEWS_50290,4
NEWS_50291,3
NEWS_50292,3
NEWS_50293,4
NEWS_50294,5
NEWS_50295,2
NEWS_50296,1
NEWS_50297,3
NEWS_50298,3
NEWS_50299,5
NEWS_50300,5
NEWS_50301,0
NEWS_50302,4
NEWS_50303,1
NEWS_50304,1
NEWS_50305,2
NEWS_50306,4
NEWS_50307,3
NEWS_50308,3
NEWS_50309,3
NEWS_50310,3
NEWS_50311,3
NEWS_50312,1
NEWS_50313,5
NEWS_50314,1
NEWS_50315,3
NEWS_50316,2
NEWS_50317,1
NEWS_50318,5
NEWS_50319,4
NEWS_50320,4
NEWS_50321,3
NEWS_50322,4
NEWS_50323,3
NEWS_50324,4
NEWS_50325,3
NEWS_50326,4
NEWS_50327,2
NEWS_50328,5
NEWS_50329,5
NEWS_50330,5
NEWS_50331,2
NEWS_50332,2
NEWS_50333,4
NEWS_50334,5
NEWS_50335,4
NEWS_50336,3
NEWS_50337,4
NEWS_50338,3
NEWS_50339,1
NEWS_50340,1
NEWS_50341,4
NEWS_50342,2
NEWS_50343,2
NEWS_50344,4
NEWS_50345,2
NEWS_50346,4
NEWS_50347,4
NEWS_50348,4
NEWS_50349,4
NEWS_50350,3
NEWS_50351,4
NEWS_50352,1
NEWS_50353,2
NEWS_50354,1
NEWS_50355,2
NEWS_50356,2
NEWS_50357,3
NEWS_50358,3
NEWS_50359,3
NEWS_50360,2
NEWS_50361,4
NEWS_50362,2
NEWS_50363,4
NEWS_50364,0
NEWS_50365,1
NEWS_50366,1
NEWS_50367,1
NEWS_50368,4
NEWS_50369,0
NEWS_50370,1
NEWS_50371,2
NEWS_50372,5
NEWS_50373,4
NEWS_50374,4
NEWS_50375,3
NEWS_50376,4
NEWS_50377,5
NEWS_50378,4
NEWS_50379,2
NEWS_50380,1
NEWS_50381,5
NEWS_50382,4
NEWS_50383,3
NEWS_50384,4
NEWS_50385,1
NEWS_50386,4
NEWS_50387,3
NEWS_50388,1
NEWS_50389,4
NEWS_50390,5
NEWS_50391,4
NEWS_50392,4
NEWS_50393,3
NEWS_50394,5
NEWS_50395,1
NEWS_50396,1
NEWS_50397,4
NEWS_50398,1
NEWS_50399,4
NEWS_50400,4
NEWS_50401,3
NEWS_50402,4
NEWS_50403,3
NEWS_50404,4
NEWS_50405,4
NEWS_50406,3
NEWS_50407,3
NEWS_50408,0
NEWS_50409,1
NEWS_50410,1
NEWS_50411,3
NEWS_50412,1
NEWS_50413,4
NEWS_50414,2
NEWS_50415,1
NEWS_50416,5
NEWS_50417,2
NEWS_50418,0
NEWS_50419,5
NEWS_50420,2
NEWS_50421,2
NEWS_50422,4
NEWS_50423,2
NEWS_50424,3
NEWS_50425,0
NEWS_50426,3
NEWS_50427,5
NEWS_50428,5
NEWS_50429,4
NEWS_50430,4
NEWS_50431,3
NEWS_50432,3
NEWS_50433,4
NEWS_50434,2
NEWS_50435,1
NEWS_50436,4
NEWS_50437,3
NEWS_50438,4
NEWS_50439,0
NEWS_50440,2
NEWS_50441,4
NEWS_50442,4
NEWS_50443,5
NEWS_50444,2
NEWS_50445,0
NEWS_50446,3
NEWS_50447,2
NEWS_50448,4
NEWS_50449,5
NEWS_50450,1
NEWS_50451,5
NEWS_50452,3
NEWS_50453,1
NEWS_50454,5
NEWS_50455,3
NEWS_50456,4
NEWS_50457,1
NEWS_50458,4
NEWS_50459,4
NEWS_50460,5
NEWS_50461,5
NEWS_50462,5
NEWS_50463,2
NEWS_50464,4
NEWS_50465,1
NEWS_50466,5
NEWS_50467,4
NEWS_50468,2
NEWS_50469,3
NEWS_50470,3
NEWS_50471,5
NEWS_50472,2
NEWS_50473,4
NEWS_50474,4
NEWS_50475,3
NEWS_50476,4
NEWS_50477,1
NEWS_50478,4
NEWS_50479,1
NEWS_50480,5
NEWS_50481,3
NEWS_50482,2
NEWS_50483,4
NEWS_50484,3
NEWS_50485,4
NEWS_50486,2
NEWS_50487,5
NEWS_50488,1
NEWS_50489,3
NEWS_50490,0
NEWS_50491,4
NEWS_50492,5
NEWS_50493,0
NEWS_50494,3
NEWS_50495,4
NEWS_50496,4
NEWS_50497,5
NEWS_50498,4
NEWS_50499,5
NEWS_50500,5
NEWS_50501,5
NEWS_50502,1
NEWS_50503,1
NEWS_50504,4
NEWS_50505,3
NEWS_50506,2
NEWS_50507,2
NEWS_50508,2
NEWS_50509,5
NEWS_50510,2
NEWS_50511,4
NEWS_50512,1
NEWS_50513,1
NEWS_50514,2
NEWS_50515,5
NEWS_50516,1
NEWS_50517,4
NEWS_50518,4
NEWS_50519,2
NEWS_50520,4
NEWS_50521,1
NEWS_50522,5
NEWS_50523,5
NEWS_50524,4
NEWS_50525,5
NEWS_50526,4
NEWS_50527,4
NEWS_50528,3
NEWS_50529,2
NEWS_50530,1
NEWS_50531,1
NEWS_50532,1
NEWS_50533,4
NEWS_50534,5
NEWS_50535,1
NEWS_50536,5
NEWS_50537,4
NEWS_50538,2
NEWS_50539,4
NEWS_50540,4
NEWS_50541,1
NEWS_50542,2
NEWS_50543,1
NEWS_50544,4
NEWS_50545,5
NEWS_50546,1
NEWS_50547,2
NEWS_50548,3
NEWS_50549,1
NEWS_50550,4
NEWS_50551,4
NEWS_50552,3
NEWS_50553,5
NEWS_50554,5
NEWS_50555,5
NEWS_50556,3
NEWS_50557,3
NEWS_50558,1
NEWS_50559,5
NEWS_50560,4
NEWS_50561,1
NEWS_50562,4
NEWS_50563,1
NEWS_50564,2
NEWS_50565,3
NEWS_50566,5
NEWS_50567,5
NEWS_50568,1
NEWS_50569,4
NEWS_50570,4
NEWS_50571,3
NEWS_50572,5
NEWS_50573,3
NEWS_50574,4
NEWS_50575,4
NEWS_50576,4
NEWS_50577,1
NEWS_50578,1
NEWS_50579,5
NEWS_50580,3
NEWS_50581,4
NEWS_50582,2
NEWS_50583,1
NEWS_50584,4
NEWS_50585,1
NEWS_50586,4
NEWS_50587,5
NEWS_50588,3
NEWS_50589,1
NEWS_50590,5
NEWS_50591,4
NEWS_50592,4
NEWS_50593,4
NEWS_50594,4
NEWS_50595,1
NEWS_50596,4
NEWS_50597,4
NEWS_50598,2
NEWS_50599,5
NEWS_50600,5
NEWS_50601,3
NEWS_50602,3
NEWS_50603,1
NEWS_50604,4
NEWS_50605,4
NEWS_50606,2
NEWS_50607,4
NEWS_50608,5
NEWS_50609,1
NEWS_50610,4
NEWS_50611,1
NEWS_50612,4
NEWS_50613,5
NEWS_50614,5
NEWS_50615,1
NEWS_50616,4
NEWS_50617,5
NEWS_50618,4
NEWS_50619,4
NEWS_50620,3
NEWS_50621,1
NEWS_50622,0
NEWS_50623,4
NEWS_50624,1
NEWS_50625,4
NEWS_50626,2
NEWS_50627,1
NEWS_50628,4
NEWS_50629,4
NEWS_50630,4
NEWS_50631,3
NEWS_50632,2
NEWS_50633,4
NEWS_50634,0
NEWS_50635,4
NEWS_50636,1
NEWS_50637,4
NEWS_50638,2
NEWS_50639,0
NEWS_50640,4
NEWS_50641,5
NEWS_50642,5
NEWS_50643,1
NEWS_50644,5
NEWS_50645,4
NEWS_50646,3
NEWS_50647,4
NEWS_50648,1
NEWS_50649,4
NEWS_50650,1
NEWS_50651,4
NEWS_50652,3
NEWS_50653,3
NEWS_50654,3
NEWS_50655,1
NEWS_50656,1
NEWS_50657,1
NEWS_50658,4
NEWS_50659,5
NEWS_50660,2
NEWS_50661,4
NEWS_50662,4
NEWS_50663,5
NEWS_50664,5
NEWS_50665,4
NEWS_50666,4
NEWS_50667,1
NEWS_50668,2
NEWS_50669,0
NEWS_50670,4
NEWS_50671,0
NEWS_50672,2
NEWS_50673,4
NEWS_50674,4
NEWS_50675,4
NEWS_50676,0
NEWS_50677,1
NEWS_50678,4
NEWS_50679,1
NEWS_50680,3
NEWS_50681,3
NEWS_50682,0
NEWS_50683,5
NEWS_50684,2
NEWS_50685,1
NEWS_50686,1
NEWS_50687,4
NEWS_50688,4
NEWS_50689,4
NEWS_50690,0
NEWS_50691,1
NEWS_50692,4
NEWS_50693,5
NEWS_50694,4
NEWS_50695,4
NEWS_50696,4
NEWS_50697,1
NEWS_50698,5
NEWS_50699,2
NEWS_50700,4
NEWS_50701,4
NEWS_50702,4
NEWS_50703,3
NEWS_50704,2
NEWS_50705,3
NEWS_50706,5
NEWS_50707,4
NEWS_50708,4
NEWS_50709,1
NEWS_50710,1
NEWS_50711,3
NEWS_50712,1
NEWS_50713,1
NEWS_50714,2
NEWS_50715,0
NEWS_50716,4
NEWS_50717,3
NEWS_50718,5
NEWS_50719,3
NEWS_50720,3
NEWS_50721,3
NEWS_50722,5
NEWS_50723,4
NEWS_50724,5
NEWS_50725,3
NEWS_50726,5
NEWS_50727,1
NEWS_50728,4
NEWS_50729,3
NEWS_50730,5
NEWS_50731,5
NEWS_50732,4
NEWS_50733,1
NEWS_50734,3
NEWS_50735,1
NEWS_50736,4
NEWS_50737,4
NEWS_50738,2
NEWS_50739,1
NEWS_50740,2
NEWS_50741,0
NEWS_50742,2
NEWS_50743,1
NEWS_50744,4
NEWS_50745,1
NEWS_50746,4
NEWS_50747,4
NEWS_50748,5
NEWS_50749,5
NEWS_50750,3
NEWS_50751,4
NEWS_50752,5
NEWS_50753,3
NEWS_50754,4
NEWS_50755,4
NEWS_50756,1
NEWS_50757,4
NEWS_50758,2
NEWS_50759,3
NEWS_50760,4
NEWS_50761,4
NEWS_50762,3
NEWS_50763,5
NEWS_50764,3
NEWS_50765,4
NEWS_50766,1
NEWS_50767,4
NEWS_50768,3
NEWS_50769,3
NEWS_50770,5
NEWS_50771,0
NEWS_50772,2
NEWS_50773,5
NEWS_50774,5
NEWS_50775,4
NEWS_50776,3
NEWS_50777,1
NEWS_50778,3
NEWS_50779,4
NEWS_50780,5
NEWS_50781,5
NEWS_50782,1
NEWS_50783,4
NEWS_50784,4
NEWS_50785,4
NEWS_50786,1
NEWS_50787,3
NEWS_50788,1
NEWS_50789,2
NEWS_50790,3
NEWS_50791,2
NEWS_50792,2
NEWS_50793,1
NEWS_50794,3
NEWS_50795,5
NEWS_50796,4
NEWS_50797,2
NEWS_50798,1
NEWS_50799,5
NEWS_50800,4
NEWS_50801,2
NEWS_50802,2
NEWS_50803,5
NEWS_50804,3
NEWS_50805,0
NEWS_50806,3
NEWS_50807,2
NEWS_50808,4
NEWS_50809,4
NEWS_50810,5
NEWS_50811,4
NEWS_50812,4
NEWS_50813,1
NEWS_50814,4
NEWS_50815,5
NEWS_50816,2
NEWS_50817,4
NEWS_50818,4
NEWS_50819,5
NEWS_50820,3
NEWS_50821,4
NEWS_50822,2
NEWS_50823,2
NEWS_50824,4
NEWS_50825,4
NEWS_50826,4
NEWS_50827,3
NEWS_50828,1
NEWS_50829,5
NEWS_50830,5
NEWS_50831,5
NEWS_50832,4
NEWS_50833,2
NEWS_50834,1
NEWS_50835,4
NEWS_50836,4
NEWS_50837,2
NEWS_50838,5
NEWS_50839,3
NEWS_50840,5
NEWS_50841,3
NEWS_50842,5
NEWS_50843,4
NEWS_50844,4
NEWS_50845,4
NEWS_50846,3
NEWS_50847,5
NEWS_50848,5
NEWS_50849,1
NEWS_50850,2
NEWS_50851,4
NEWS_50852,0
NEWS_50853,1
NEWS_50854,1
NEWS_50855,1
NEWS_50856,2
NEWS_50857,1
NEWS_50858,2
NEWS_50859,5
NEWS_50860,3
NEWS_50861,4
NEWS_50862,4
NEWS_50863,4
NEWS_50864,5
NEWS_50865,4
NEWS_50866,3
NEWS_50867,4
NEWS_50868,4
NEWS_50869,1
NEWS_50870,1
NEWS_50871,2
NEWS_50872,3
NEWS_50873,5
NEWS_50874,3
NEWS_50875,4
NEWS_50876,3
NEWS_50877,3
NEWS_50878,3
NEWS_50879,4
NEWS_50880,3
NEWS_50881,4
NEWS_50882,5
NEWS_50883,4
NEWS_50884,2
NEWS_50885,5
NEWS_50886,4
NEWS_50887,3
NEWS_50888,4
NEWS_50889,2
NEWS_50890,3
NEWS_50891,1
NEWS_50892,4
NEWS_50893,3
NEWS_50894,3
NEWS_50895,4
NEWS_50896,1
NEWS_50897,1
NEWS_50898,1
NEWS_50899,2
NEWS_50900,5
NEWS_50901,4
NEWS_50902,5
NEWS_50903,1
NEWS_50904,0
NEWS_50905,5
NEWS_50906,1
NEWS_50907,3
NEWS_50908,4
NEWS_50909,4
NEWS_50910,4
NEWS_50911,5
NEWS_50912,5
NEWS_50913,3
NEWS_50914,2
NEWS_50915,2
NEWS_50916,1
NEWS_50917,4
NEWS_50918,1
NEWS_50919,3
NEWS_50920,5
NEWS_50921,5
NEWS_50922,2
NEWS_50923,2
NEWS_50924,2
NEWS_50925,4
NEWS_50926,5
NEWS_50927,2
NEWS_50928,1
NEWS_50929,2
NEWS_50930,5
NEWS_50931,4
NEWS_50932,4
NEWS_50933,1
NEWS_50934,5
NEWS_50935,1
NEWS_50936,4
NEWS_50937,4
NEWS_50938,4
NEWS_50939,5
NEWS_50940,3
NEWS_50941,1
NEWS_50942,1
NEWS_50943,4
NEWS_50944,4
NEWS_50945,3
NEWS_50946,2
NEWS_50947,5
NEWS_50948,2
NEWS_50949,1
NEWS_50950,3
NEWS_50951,1
NEWS_50952,1
NEWS_50953,1
NEWS_50954,5
NEWS_50955,5
NEWS_50956,5
NEWS_50957,5
NEWS_50958,3
NEWS_50959,4
NEWS_50960,2
NEWS_50961,3
NEWS_50962,1
NEWS_50963,4
NEWS_50964,5
NEWS_50965,4
NEWS_50966,5
NEWS_50967,4
NEWS_50968,1
NEWS_50969,4
NEWS_50970,3
NEWS_50971,5
NEWS_50972,5
NEWS_50973,4
NEWS_50974,5
NEWS_50975,4
NEWS_50976,3
NEWS_50977,5
NEWS_50978,3
NEWS_50979,2
NEWS_50980,3
NEWS_50981,5
NEWS_50982,4
NEWS_50983,1
NEWS_50984,3
NEWS_50985,5
NEWS_50986,4
NEWS_50987,1
NEWS_50988,1
NEWS_50989,3
NEWS_50990,3
NEWS_50991,2
NEWS_50992,0
NEWS_50993,3
NEWS_50994,4
NEWS_50995,4
NEWS_50996,3
NEWS_50997,3
NEWS_50998,2
NEWS_50999,4
NEWS_51000,1
NEWS_51001,5
NEWS_51002,4
NEWS_51003,1
NEWS_51004,4
NEWS_51005,3
NEWS_51006,4
NEWS_51007,2
NEWS_51008,3
NEWS_51009,1
NEWS_51010,1
NEWS_51011,4
NEWS_51012,1
NEWS_51013,4
NEWS_51014,2
NEWS_51015,2
NEWS_51016,2
NEWS_51017,2
NEWS_51018,1
NEWS_51019,1
NEWS_51020,3
NEWS_51021,3
NEWS_51022,0
NEWS_51023,3
NEWS_51024,0
NEWS_51025,5
NEWS_51026,2
NEWS_51027,4
NEWS_51028,0
NEWS_51029,1
NEWS_51030,1
NEWS_51031,2
NEWS_51032,1
NEWS_51033,3
NEWS_51034,1
NEWS_51035,4
NEWS_51036,4
NEWS_51037,1
NEWS_51038,1
NEWS_51039,5
NEWS_51040,5
NEWS_51041,3
NEWS_51042,1
NEWS_51043,4
NEWS_51044,3
NEWS_51045,4
NEWS_51046,4
NEWS_51047,4
NEWS_51048,3
NEWS_51049,4
NEWS_51050,0
NEWS_51051,3
NEWS_51052,3
NEWS_51053,4
NEWS_51054,3
NEWS_51055,0
NEWS_51056,5
NEWS_51057,3
NEWS_51058,2
NEWS_51059,4
NEWS_51060,3
NEWS_51061,4
NEWS_51062,2
NEWS_51063,3
NEWS_51064,3
NEWS_51065,0
NEWS_51066,3
NEWS_51067,5
NEWS_51068,3
NEWS_51069,4
NEWS_51070,5
NEWS_51071,1
NEWS_51072,4
NEWS_51073,1
NEWS_51074,4
NEWS_51075,3
NEWS_51076,3
NEWS_51077,1
NEWS_51078,3
NEWS_51079,3
NEWS_51080,3
NEWS_51081,1
NEWS_51082,4
NEWS_51083,2
NEWS_51084,1
NEWS_51085,4
NEWS_51086,2
NEWS_51087,1
NEWS_51088,3
NEWS_51089,1
NEWS_51090,4
NEWS_51091,3
NEWS_51092,3
NEWS_51093,4
NEWS_51094,2
NEWS_51095,2
NEWS_51096,4
NEWS_51097,3
NEWS_51098,0
NEWS_51099,3
NEWS_51100,1
NEWS_51101,3
NEWS_51102,5
NEWS_51103,4
NEWS_51104,4
NEWS_51105,4
NEWS_51106,5
NEWS_51107,5
NEWS_51108,3
NEWS_51109,1
NEWS_51110,2
NEWS_51111,5
NEWS_51112,4
NEWS_51113,0
NEWS_51114,5
NEWS_51115,0
NEWS_51116,1
NEWS_51117,1
NEWS_51118,1
NEWS_51119,2
NEWS_51120,5
NEWS_51121,3
NEWS_51122,3
NEWS_51123,5
NEWS_51124,4
NEWS_51125,4
NEWS_51126,2
NEWS_51127,5
NEWS_51128,4
NEWS_51129,0
NEWS_51130,0
NEWS_51131,1
NEWS_51132,2
NEWS_51133,5
NEWS_51134,2
NEWS_51135,1
NEWS_51136,1
NEWS_51137,4
NEWS_51138,5
NEWS_51139,3
NEWS_51140,0
NEWS_51141,3
NEWS_51142,1
NEWS_51143,3
NEWS_51144,4
NEWS_51145,2
NEWS_51146,3
NEWS_51147,2
NEWS_51148,4
NEWS_51149,5
NEWS_51150,3
NEWS_51151,4
NEWS_51152,4
NEWS_51153,4
NEWS_51154,1
NEWS_51155,2
NEWS_51156,4
NEWS_51157,2
NEWS_51158,5
NEWS_51159,5
NEWS_51160,4
NEWS_51161,4
NEWS_51162,4
NEWS_51163,2
NEWS_51164,3
NEWS_51165,1
NEWS_51166,1
NEWS_51167,1
NEWS_51168,4
NEWS_51169,3
NEWS_51170,5
NEWS_51171,4
NEWS_51172,3
NEWS_51173,4
NEWS_51174,4
NEWS_51175,1
NEWS_51176,5
NEWS_51177,1
NEWS_51178,4
NEWS_51179,2
NEWS_51180,4
NEWS_51181,2
NEWS_51182,4
NEWS_51183,1
NEWS_51184,1
NEWS_51185,4
NEWS_51186,4
NEWS_51187,4
NEWS_51188,4
NEWS_51189,4
NEWS_51190,0
NEWS_51191,1
NEWS_51192,3
NEWS_51193,4
NEWS_51194,3
NEWS_51195,2
NEWS_51196,4
NEWS_51197,1
NEWS_51198,5
NEWS_51199,1
NEWS_51200,3
NEWS_51201,2
NEWS_51202,1
NEWS_51203,5
NEWS_51204,4
NEWS_51205,5
NEWS_51206,1
NEWS_51207,2
NEWS_51208,3
NEWS_51209,1
NEWS_51210,0
NEWS_51211,4
NEWS_51212,4
NEWS_51213,4
NEWS_51214,2
NEWS_51215,3
NEWS_51216,1
NEWS_51217,1
NEWS_51218,4
NEWS_51219,0
NEWS_51220,3
NEWS_51221,2
NEWS_51222,4
NEWS_51223,4
NEWS_51224,2
NEWS_51225,4
NEWS_51226,2
NEWS_51227,3
NEWS_51228,1
NEWS_51229,1
NEWS_51230,4
NEWS_51231,1
NEWS_51232,2
NEWS_51233,1
NEWS_51234,2
NEWS_51235,1
NEWS_51236,2
NEWS_51237,4
NEWS_51238,3
NEWS_51239,3
NEWS_51240,1
NEWS_51241,5
NEWS_51242,4
NEWS_51243,4
NEWS_51244,1
NEWS_51245,1
NEWS_51246,1
NEWS_51247,2
NEWS_51248,4
NEWS_51249,4
NEWS_51250,3
NEWS_51251,4
NEWS_51252,4
NEWS_51253,2
NEWS_51254,1
NEWS_51255,4
NEWS_51256,4
NEWS_51257,4
NEWS_51258,3
NEWS_51259,2
NEWS_51260,2
NEWS_51261,5
NEWS_51262,4
NEWS_51263,5
NEWS_51264,4
NEWS_51265,0
NEWS_51266,0
NEWS_51267,1
NEWS_51268,3
NEWS_51269,0
NEWS_51270,4
NEWS_51271,1
NEWS_51272,4
NEWS_51273,4
NEWS_51274,2
NEWS_51275,3
NEWS_51276,4
NEWS_51277,4
NEWS_51278,1
NEWS_51279,1
NEWS_51280,3
NEWS_51281,4
NEWS_51282,4
NEWS_51283,3
NEWS_51284,5
NEWS_51285,5
NEWS_51286,4
NEWS_51287,4
NEWS_51288,1
NEWS_51289,4
NEWS_51290,3
NEWS_51291,4
NEWS_51292,3
NEWS_51293,1
NEWS_51294,3
NEWS_51295,2
NEWS_51296,0
NEWS_51297,2
NEWS_51298,4
NEWS_51299,4
NEWS_51300,3
NEWS_51301,1
NEWS_51302,3
NEWS_51303,2
NEWS_51304,3
NEWS_51305,1
NEWS_51306,5
NEWS_51307,3
NEWS_51308,2
NEWS_51309,4
NEWS_51310,4
NEWS_51311,1
NEWS_51312,1
NEWS_51313,1
NEWS_51314,4
NEWS_51315,4
NEWS_51316,4
NEWS_51317,0
NEWS_51318,4
NEWS_51319,0
NEWS_51320,4
NEWS_51321,2
NEWS_51322,1
NEWS_51323,3
NEWS_51324,2
NEWS_51325,2
NEWS_51326,5
NEWS_51327,1
NEWS_51328,3
NEWS_51329,5
NEWS_51330,3
NEWS_51331,4
NEWS_51332,1
NEWS_51333,5
NEWS_51334,3
NEWS_51335,4
NEWS_51336,3
NEWS_51337,3
NEWS_51338,4
NEWS_51339,3
NEWS_51340,4
NEWS_51341,1
NEWS_51342,1
NEWS_51343,2
NEWS_51344,5
NEWS_51345,5
NEWS_51346,4
NEWS_51347,4
NEWS_51348,4
NEWS_51349,3
NEWS_51350,5
NEWS_51351,1
NEWS_51352,4
NEWS_51353,4
NEWS_51354,2
NEWS_51355,3
NEWS_51356,1
NEWS_51357,3
NEWS_51358,4
NEWS_51359,1
NEWS_51360,1
NEWS_51361,4
NEWS_51362,5
NEWS_51363,4
NEWS_51364,3
NEWS_51365,3
NEWS_51366,4
NEWS_51367,2
NEWS_51368,1
NEWS_51369,5
NEWS_51370,0
NEWS_51371,4
NEWS_51372,5
NEWS_51373,4
NEWS_51374,3
NEWS_51375,2
NEWS_51376,3
NEWS_51377,0
NEWS_51378,4
NEWS_51379,5
NEWS_51380,1
NEWS_51381,3
NEWS_51382,3
NEWS_51383,2
NEWS_51384,1
NEWS_51385,4
NEWS_51386,0
NEWS_51387,5
NEWS_51388,2
NEWS_51389,4
NEWS_51390,3
NEWS_51391,3
NEWS_51392,3
NEWS_51393,2
NEWS_51394,1
NEWS_51395,3
NEWS_51396,2
NEWS_51397,1
NEWS_51398,4
NEWS_51399,4
NEWS_51400,4
NEWS_51401,5
NEWS_51402,0
NEWS_51403,5
NEWS_51404,2
NEWS_51405,2
NEWS_51406,4
NEWS_51407,5
NEWS_51408,5
NEWS_51409,2
NEWS_51410,4
NEWS_51411,4
NEWS_51412,2
NEWS_51413,3
NEWS_51414,3
NEWS_51415,1
NEWS_51416,5
NEWS_51417,2
NEWS_51418,4
NEWS_51419,5
NEWS_51420,3
NEWS_51421,4
NEWS_51422,5
NEWS_51423,5
NEWS_51424,4
NEWS_51425,2
NEWS_51426,4
NEWS_51427,3
NEWS_51428,5
NEWS_51429,4
NEWS_51430,0
NEWS_51431,3
NEWS_51432,5
NEWS_51433,4
NEWS_51434,1
NEWS_51435,1
NEWS_51436,3
NEWS_51437,4
NEWS_51438,5
NEWS_51439,0
NEWS_51440,2
NEWS_51441,2
NEWS_51442,2
NEWS_51443,4
NEWS_51444,1
NEWS_51445,1
NEWS_51446,5
NEWS_51447,3
NEWS_51448,3
NEWS_51449,3
NEWS_51450,2
NEWS_51451,3
NEWS_51452,0
NEWS_51453,5
NEWS_51454,3
NEWS_51455,0
NEWS_51456,1
NEWS_51457,4
NEWS_51458,2
NEWS_51459,4
NEWS_51460,2
NEWS_51461,1
NEWS_51462,3
NEWS_51463,2
NEWS_51464,1
NEWS_51465,2
NEWS_51466,1
NEWS_51467,2
NEWS_51468,3
NEWS_51469,1
NEWS_51470,5
NEWS_51471,4
NEWS_51472,4
NEWS_51473,1
NEWS_51474,1
NEWS_51475,3
NEWS_51476,3
NEWS_51477,4
NEWS_51478,3
NEWS_51479,4
NEWS_51480,3
NEWS_51481,3
NEWS_51482,3
NEWS_51483,1
NEWS_51484,5
NEWS_51485,5
NEWS_51486,1
NEWS_51487,5
NEWS_51488,4
NEWS_51489,4
NEWS_51490,4
NEWS_51491,1
NEWS_51492,1
NEWS_51493,3
NEWS_51494,4
NEWS_51495,5
NEWS_51496,5
NEWS_51497,4
NEWS_51498,4
NEWS_51499,1
NEWS_51500,4
NEWS_51501,1
NEWS_51502,2
NEWS_51503,5
NEWS_51504,5
NEWS_51505,2
NEWS_51506,3
NEWS_51507,0
NEWS_51508,4
NEWS_51509,1
NEWS_51510,2
NEWS_51511,5
NEWS_51512,5
NEWS_51513,3
NEWS_51514,4
NEWS_51515,0
NEWS_51516,4
NEWS_51517,5
NEWS_51518,3
NEWS_51519,4
NEWS_51520,2
NEWS_51521,4
NEWS_51522,3
NEWS_51523,1
NEWS_51524,4
NEWS_51525,1
NEWS_51526,3
NEWS_51527,3
NEWS_51528,3
NEWS_51529,1
NEWS_51530,3
NEWS_51531,2
NEWS_51532,4
NEWS_51533,4
NEWS_51534,4
NEWS_51535,1
NEWS_51536,4
NEWS_51537,5
NEWS_51538,4
NEWS_51539,1
NEWS_51540,4
NEWS_51541,4
NEWS_51542,0
NEWS_51543,4
NEWS_51544,5
NEWS_51545,4
NEWS_51546,5
NEWS_51547,3
NEWS_51548,1
NEWS_51549,1
NEWS_51550,0
NEWS_51551,3
NEWS_51552,2
NEWS_51553,3
NEWS_51554,3
NEWS_51555,2
NEWS_51556,3
NEWS_51557,4
NEWS_51558,3
NEWS_51559,5
NEWS_51560,1
NEWS_51561,5
NEWS_51562,4
NEWS_51563,3
NEWS_51564,2
NEWS_51565,1
NEWS_51566,4
NEWS_51567,1
NEWS_51568,4
NEWS_51569,1
NEWS_51570,4
NEWS_51571,2
NEWS_51572,1
NEWS_51573,4
NEWS_51574,3
NEWS_51575,5
NEWS_51576,1
NEWS_51577,4
NEWS_51578,0
NEWS_51579,1
NEWS_51580,5
NEWS_51581,3
NEWS_51582,4
NEWS_51583,4
NEWS_51584,4
NEWS_51585,3
NEWS_51586,4
NEWS_51587,1
NEWS_51588,4
NEWS_51589,3
NEWS_51590,5
NEWS_51591,3
NEWS_51592,5
NEWS_51593,1
NEWS_51594,2
NEWS_51595,4
NEWS_51596,3
NEWS_51597,5
NEWS_51598,5
NEWS_51599,4
NEWS_51600,4
NEWS_51601,4
NEWS_51602,5
NEWS_51603,4
NEWS_51604,3
NEWS_51605,3
NEWS_51606,5
NEWS_51607,4
NEWS_51608,1
NEWS_51609,3
NEWS_51610,0
NEWS_51611,3
NEWS_51612,3
NEWS_51613,3
NEWS_51614,5
NEWS_51615,1
NEWS_51616,4
NEWS_51617,4
NEWS_51618,4
NEWS_51619,0
NEWS_51620,4
NEWS_51621,4
NEWS_51622,2
NEWS_51623,4
NEWS_51624,2
NEWS_51625,5
NEWS_51626,5
NEWS_51627,3
NEWS_51628,4
NEWS_51629,4
NEWS_51630,4
NEWS_51631,4
NEWS_51632,3
NEWS_51633,1
NEWS_51634,4
NEWS_51635,4
NEWS_51636,5
NEWS_51637,3
NEWS_51638,3
NEWS_51639,5
NEWS_51640,1
NEWS_51641,5
NEWS_51642,2
NEWS_51643,3
NEWS_51644,4
NEWS_51645,5
NEWS_51646,3
NEWS_51647,1
NEWS_51648,5
NEWS_51649,5
NEWS_51650,3
NEWS_51651,4
NEWS_51652,5
NEWS_51653,1
NEWS_51654,5
NEWS_51655,3
NEWS_51656,4
NEWS_51657,4
NEWS_51658,4
NEWS_51659,4
NEWS_51660,3
NEWS_51661,4
NEWS_51662,3
NEWS_51663,1
NEWS_51664,2
NEWS_51665,4
NEWS_51666,5
NEWS_51667,4
NEWS_51668,1
NEWS_51669,0
NEWS_51670,4
NEWS_51671,1
NEWS_51672,4
NEWS_51673,4
NEWS_51674,1
NEWS_51675,4
NEWS_51676,2
NEWS_51677,3
NEWS_51678,1
NEWS_51679,1
NEWS_51680,3
NEWS_51681,3
NEWS_51682,1
NEWS_51683,5
NEWS_51684,4
NEWS_51685,3
NEWS_51686,4
NEWS_51687,4
NEWS_51688,4
NEWS_51689,4
NEWS_51690,1
NEWS_51691,2
NEWS_51692,2
NEWS_51693,3
NEWS_51694,4
NEWS_51695,5
NEWS_51696,4
NEWS_51697,3
NEWS_51698,1
NEWS_51699,1
NEWS_51700,5
NEWS_51701,5
NEWS_51702,0
NEWS_51703,1
NEWS_51704,1
NEWS_51705,0
NEWS_51706,1
NEWS_51707,4
NEWS_51708,4
NEWS_51709,1
NEWS_51710,1
NEWS_51711,5
NEWS_51712,0
NEWS_51713,1
NEWS_51714,4
NEWS_51715,5
NEWS_51716,1
NEWS_51717,3
NEWS_51718,1
NEWS_51719,2
NEWS_51720,5
NEWS_51721,1
NEWS_51722,5
NEWS_51723,1
NEWS_51724,4
NEWS_51725,4
NEWS_51726,2
NEWS_51727,4
NEWS_51728,4
NEWS_51729,4
NEWS_51730,4
NEWS_51731,2
NEWS_51732,4
NEWS_51733,3
NEWS_51734,5
NEWS_51735,1
NEWS_51736,5
NEWS_51737,1
NEWS_51738,1
NEWS_51739,4
NEWS_51740,2
NEWS_51741,1
NEWS_51742,1
NEWS_51743,5
NEWS_51744,5
NEWS_51745,2
NEWS_51746,1
NEWS_51747,4
NEWS_51748,1
NEWS_51749,4
NEWS_51750,1
NEWS_51751,1
NEWS_51752,2
NEWS_51753,5
NEWS_51754,5
NEWS_51755,4
NEWS_51756,4
NEWS_51757,0
NEWS_51758,1
NEWS_51759,3
NEWS_51760,4
NEWS_51761,1
NEWS_51762,3
NEWS_51763,0
NEWS_51764,1
NEWS_51765,3
NEWS_51766,1
NEWS_51767,1
NEWS_51768,5
NEWS_51769,2
NEWS_51770,2
NEWS_51771,0
NEWS_51772,0
NEWS_51773,3
NEWS_51774,5
NEWS_51775,2
NEWS_51776,4
NEWS_51777,3
NEWS_51778,4
NEWS_51779,3
NEWS_51780,3
NEWS_51781,5
NEWS_51782,3
NEWS_51783,3
NEWS_51784,2
NEWS_51785,2
NEWS_51786,5
NEWS_51787,1
NEWS_51788,5
NEWS_51789,3
NEWS_51790,3
NEWS_51791,4
NEWS_51792,2
NEWS_51793,4
NEWS_51794,4
NEWS_51795,2
NEWS_51796,3
NEWS_51797,5
NEWS_51798,4
NEWS_51799,4
NEWS_51800,4
NEWS_51801,2
NEWS_51802,1
NEWS_51803,4
NEWS_51804,2
NEWS_51805,4
NEWS_51806,3
NEWS_51807,4
NEWS_51808,4
NEWS_51809,3
NEWS_51810,2
NEWS_51811,4
NEWS_51812,5
NEWS_51813,4
NEWS_51814,2
NEWS_51815,4
NEWS_51816,2
NEWS_51817,5
NEWS_51818,3
NEWS_51819,1
NEWS_51820,3
NEWS_51821,3
NEWS_51822,4
NEWS_51823,4
NEWS_51824,4
NEWS_51825,3
NEWS_51826,5
NEWS_51827,3
NEWS_51828,2
NEWS_51829,3
NEWS_51830,5
NEWS_51831,5
NEWS_51832,3
NEWS_51833,1
NEWS_51834,2
NEWS_51835,3
NEWS_51836,2
NEWS_51837,4
NEWS_51838,4
NEWS_51839,3
NEWS_51840,1
NEWS_51841,3
NEWS_51842,2
NEWS_51843,4
NEWS_51844,3
NEWS_51845,3
NEWS_51846,3
NEWS_51847,2
NEWS_51848,1
NEWS_51849,4
NEWS_51850,3
NEWS_51851,3
NEWS_51852,1
NEWS_51853,1
NEWS_51854,3
NEWS_51855,4
NEWS_51856,3
NEWS_51857,4
NEWS_51858,0
NEWS_51859,1
NEWS_51860,5
NEWS_51861,5
NEWS_51862,1
NEWS_51863,2
NEWS_51864,2
NEWS_51865,1
NEWS_51866,1
NEWS_51867,1
NEWS_51868,4
NEWS_51869,0
NEWS_51870,2
NEWS_51871,2
NEWS_51872,5
NEWS_51873,1
NEWS_51874,4
NEWS_51875,5
NEWS_51876,4
NEWS_51877,4
NEWS_51878,2
NEWS_51879,4
NEWS_51880,4
NEWS_51881,5
NEWS_51882,4
NEWS_51883,1
NEWS_51884,3
NEWS_51885,1
NEWS_51886,3
NEWS_51887,3
NEWS_51888,1
NEWS_51889,3
NEWS_51890,0
NEWS_51891,5
NEWS_51892,5
NEWS_51893,3
NEWS_51894,1
NEWS_51895,2
NEWS_51896,5
NEWS_51897,3
NEWS_51898,5
NEWS_51899,1
NEWS_51900,1
NEWS_51901,1
NEWS_51902,3
NEWS_51903,4
NEWS_51904,4
NEWS_51905,4
NEWS_51906,4
NEWS_51907,3
NEWS_51908,1
NEWS_51909,3
NEWS_51910,4
NEWS_51911,4
NEWS_51912,3
NEWS_51913,4
NEWS_51914,4
NEWS_51915,2
NEWS_51916,1
NEWS_51917,0
NEWS_51918,0
NEWS_51919,3
NEWS_51920,3
NEWS_51921,4
NEWS_51922,4
NEWS_51923,5
NEWS_51924,4
NEWS_51925,4
NEWS_51926,3
NEWS_51927,4
NEWS_51928,5
NEWS_51929,4
NEWS_51930,4
NEWS_51931,2
NEWS_51932,4
NEWS_51933,4
NEWS_51934,3
NEWS_51935,3
NEWS_51936,1
NEWS_51937,3
NEWS_51938,1
NEWS_51939,5
NEWS_51940,3
NEWS_51941,3
NEWS_51942,2
NEWS_51943,4
NEWS_51944,3
NEWS_51945,4
NEWS_51946,1
NEWS_51947,3
NEWS_51948,3
NEWS_51949,3
NEWS_51950,4
NEWS_51951,1
NEWS_51952,3
NEWS_51953,1
NEWS_51954,3
NEWS_51955,2
NEWS_51956,2
NEWS_51957,4
NEWS_51958,3
NEWS_51959,1
NEWS_51960,3
NEWS_51961,2
NEWS_51962,4
NEWS_51963,4
NEWS_51964,1
NEWS_51965,5
NEWS_51966,4
NEWS_51967,4
NEWS_51968,3
NEWS_51969,2
NEWS_51970,3
NEWS_51971,2
NEWS_51972,3
NEWS_51973,1
NEWS_51974,4
NEWS_51975,4
NEWS_51976,1
NEWS_51977,0
NEWS_51978,4
NEWS_51979,1
NEWS_51980,3
NEWS_51981,3
NEWS_51982,2
NEWS_51983,4
NEWS_51984,3
NEWS_51985,2
NEWS_51986,4
NEWS_51987,4
NEWS_51988,2
NEWS_51989,2
NEWS_51990,2
NEWS_51991,3
NEWS_51992,4
NEWS_51993,2
NEWS_51994,3
NEWS_51995,2
NEWS_51996,1
NEWS_51997,4
NEWS_51998,3
NEWS_51999,1
NEWS_52000,4
NEWS_52001,4
NEWS_52002,3
NEWS_52003,3
NEWS_52004,4
NEWS_52005,0
NEWS_52006,0
NEWS_52007,2
NEWS_52008,4
NEWS_52009,3
NEWS_52010,2
NEWS_52011,1
NEWS_52012,1
NEWS_52013,1
NEWS_52014,5
NEWS_52015,5
NEWS_52016,4
NEWS_52017,4
NEWS_52018,4
NEWS_52019,4
NEWS_52020,0
NEWS_52021,2
NEWS_52022,3
NEWS_52023,2
NEWS_52024,2
NEWS_52025,1
NEWS_52026,5
NEWS_52027,3
NEWS_52028,5
NEWS_52029,5
NEWS_52030,5
NEWS_52031,2
NEWS_52032,5
NEWS_52033,3
NEWS_52034,1
NEWS_52035,1
NEWS_52036,3
NEWS_52037,5
NEWS_52038,4
NEWS_52039,4
NEWS_52040,1
NEWS_52041,2
NEWS_52042,0
NEWS_52043,4
NEWS_52044,4
NEWS_52045,4
NEWS_52046,2
NEWS_52047,2
NEWS_52048,5
NEWS_52049,1
NEWS_52050,3
NEWS_52051,0
NEWS_52052,1
NEWS_52053,3
NEWS_52054,1
NEWS_52055,3
NEWS_52056,1
NEWS_52057,4
NEWS_52058,3
NEWS_52059,1
NEWS_52060,4
NEWS_52061,4
NEWS_52062,1
NEWS_52063,2
NEWS_52064,4
NEWS_52065,4
NEWS_52066,4
NEWS_52067,4
NEWS_52068,0
NEWS_52069,1
NEWS_52070,2
NEWS_52071,5
NEWS_52072,2
NEWS_52073,1
NEWS_52074,1
NEWS_52075,4
NEWS_52076,4
NEWS_52077,3
NEWS_52078,2
NEWS_52079,5
NEWS_52080,2
NEWS_52081,1
NEWS_52082,4
NEWS_52083,4
NEWS_52084,4
NEWS_52085,5
NEWS_52086,4
NEWS_52087,4
NEWS_52088,2
NEWS_52089,5
NEWS_52090,3
NEWS_52091,4
NEWS_52092,5
NEWS_52093,1
NEWS_52094,3
NEWS_52095,4
NEWS_52096,1
NEWS_52097,3
NEWS_52098,4
NEWS_52099,1
NEWS_52100,5
NEWS_52101,1
NEWS_52102,1
NEWS_52103,5
NEWS_52104,4
NEWS_52105,3
NEWS_52106,2
NEWS_52107,1
NEWS_52108,3
NEWS_52109,5
NEWS_52110,4
NEWS_52111,1
NEWS_52112,4
NEWS_52113,4
NEWS_52114,2
NEWS_52115,5
NEWS_52116,5
NEWS_52117,0
NEWS_52118,4
NEWS_52119,4
NEWS_52120,1
NEWS_52121,0
NEWS_52122,4
NEWS_52123,1
NEWS_52124,1
NEWS_52125,4
NEWS_52126,3
NEWS_52127,2
NEWS_52128,4
NEWS_52129,1
NEWS_52130,0
NEWS_52131,1
NEWS_52132,2
NEWS_52133,3
NEWS_52134,4
NEWS_52135,1
NEWS_52136,1
NEWS_52137,4
NEWS_52138,4
NEWS_52139,3
NEWS_52140,4
NEWS_52141,3
NEWS_52142,2
NEWS_52143,4
NEWS_52144,4
NEWS_52145,2
NEWS_52146,5
NEWS_52147,1
NEWS_52148,4
NEWS_52149,4
NEWS_52150,3
NEWS_52151,1
NEWS_52152,4
NEWS_52153,1
NEWS_52154,1
NEWS_52155,4
NEWS_52156,4
NEWS_52157,3
NEWS_52158,2
NEWS_52159,1
NEWS_52160,4
NEWS_52161,4
NEWS_52162,2
NEWS_52163,5
NEWS_52164,2
NEWS_52165,4
NEWS_52166,1
NEWS_52167,4
NEWS_52168,1
NEWS_52169,3
NEWS_52170,1
NEWS_52171,3
NEWS_52172,5
NEWS_52173,1
NEWS_52174,1
NEWS_52175,5
NEWS_52176,4
NEWS_52177,0
NEWS_52178,5
NEWS_52179,2
NEWS_52180,1
NEWS_52181,1
NEWS_52182,2
NEWS_52183,3
NEWS_52184,5
NEWS_52185,3
NEWS_52186,4
NEWS_52187,4
NEWS_52188,4
NEWS_52189,2
NEWS_52190,5
NEWS_52191,4
NEWS_52192,1
NEWS_52193,3
NEWS_52194,1
NEWS_52195,3
NEWS_52196,1
NEWS_52197,4
NEWS_52198,2
NEWS_52199,4
NEWS_52200,1
NEWS_52201,1
NEWS_52202,4
NEWS_52203,1
NEWS_52204,4
NEWS_52205,3
NEWS_52206,1
NEWS_52207,1
NEWS_52208,4
NEWS_52209,4
NEWS_52210,2
NEWS_52211,1
NEWS_52212,2
NEWS_52213,4
NEWS_52214,4
NEWS_52215,1
NEWS_52216,3
NEWS_52217,1
NEWS_52218,0
NEWS_52219,3
NEWS_52220,4
NEWS_52221,1
NEWS_52222,4
NEWS_52223,1
NEWS_52224,3
NEWS_52225,4
NEWS_52226,3
NEWS_52227,4
NEWS_52228,5
NEWS_52229,3
NEWS_52230,1
NEWS_52231,3
NEWS_52232,4
NEWS_52233,0
NEWS_52234,1
NEWS_52235,4
NEWS_52236,5
NEWS_52237,5
NEWS_52238,3
NEWS_52239,1
NEWS_52240,2
NEWS_52241,0
NEWS_52242,3
NEWS_52243,1
NEWS_52244,2
NEWS_52245,4
NEWS_52246,0
NEWS_52247,1
NEWS_52248,1
NEWS_52249,1
NEWS_52250,5
NEWS_52251,4
NEWS_52252,5
NEWS_52253,2
NEWS_52254,1
NEWS_52255,0
NEWS_52256,3
NEWS_52257,3
NEWS_52258,0
NEWS_52259,3
NEWS_52260,5
NEWS_52261,3
NEWS_52262,3
NEWS_52263,1
NEWS_52264,4
NEWS_52265,2
NEWS_52266,5
NEWS_52267,4
NEWS_52268,4
NEWS_52269,1
NEWS_52270,1
NEWS_52271,4
NEWS_52272,4
NEWS_52273,3
NEWS_52274,3
NEWS_52275,5
NEWS_52276,1
NEWS_52277,4
NEWS_52278,4
NEWS_52279,2
NEWS_52280,3
NEWS_52281,1
NEWS_52282,3
NEWS_52283,2
NEWS_52284,4
NEWS_52285,4
NEWS_52286,0
NEWS_52287,2
NEWS_52288,1
NEWS_52289,3
NEWS_52290,1
NEWS_52291,3
NEWS_52292,4
NEWS_52293,3
NEWS_52294,4
NEWS_52295,4
NEWS_52296,4
NEWS_52297,1
NEWS_52298,4
NEWS_52299,4
NEWS_52300,2
NEWS_52301,1
NEWS_52302,5
NEWS_52303,0
NEWS_52304,5
NEWS_52305,1
NEWS_52306,3
NEWS_52307,4
NEWS_52308,0
NEWS_52309,5
NEWS_52310,4
NEWS_52311,4
NEWS_52312,1
NEWS_52313,0
NEWS_52314,1
NEWS_52315,1
NEWS_52316,4
NEWS_52317,3
NEWS_52318,3
NEWS_52319,5
NEWS_52320,5
NEWS_52321,1
NEWS_52322,3
NEWS_52323,4
NEWS_52324,4
NEWS_52325,3
NEWS_52326,2
NEWS_52327,4
NEWS_52328,4
NEWS_52329,3
NEWS_52330,5
NEWS_52331,4
NEWS_52332,3
NEWS_52333,5
NEWS_52334,3
NEWS_52335,1
NEWS_52336,4
NEWS_52337,3
NEWS_52338,3
NEWS_52339,4
NEWS_52340,4
NEWS_52341,0
NEWS_52342,2
NEWS_52343,0
NEWS_52344,3
NEWS_52345,2
NEWS_52346,3
NEWS_52347,2
NEWS_52348,1
NEWS_52349,1
NEWS_52350,4
NEWS_52351,2
NEWS_52352,2
NEWS_52353,1
NEWS_52354,4
NEWS_52355,4
NEWS_52356,4
NEWS_52357,1
NEWS_52358,4
NEWS_52359,2
NEWS_52360,5
NEWS_52361,3
NEWS_52362,2
NEWS_52363,5
NEWS_52364,4
NEWS_52365,2
NEWS_52366,3
NEWS_52367,3
NEWS_52368,5
NEWS_52369,4
NEWS_52370,4
NEWS_52371,5
NEWS_52372,4
NEWS_52373,4
NEWS_52374,5
NEWS_52375,4
NEWS_52376,3
NEWS_52377,1
NEWS_52378,1
NEWS_52379,1
NEWS_52380,3
NEWS_52381,2
NEWS_52382,4
NEWS_52383,4
NEWS_52384,3
NEWS_52385,4
NEWS_52386,5
NEWS_52387,1
NEWS_52388,1
NEWS_52389,1
NEWS_52390,1
NEWS_52391,2
NEWS_52392,2
NEWS_52393,4
NEWS_52394,2
NEWS_52395,2
NEWS_52396,3
NEWS_52397,5
NEWS_52398,4
NEWS_52399,2
NEWS_52400,3
NEWS_52401,4
NEWS_52402,4
NEWS_52403,4
NEWS_52404,3
NEWS_52405,4
NEWS_52406,2
NEWS_52407,4
NEWS_52408,4
NEWS_52409,3
NEWS_52410,1
NEWS_52411,3
NEWS_52412,4
NEWS_52413,2
NEWS_52414,3
NEWS_52415,1
NEWS_52416,1
NEWS_52417,0
NEWS_52418,3
NEWS_52419,3
NEWS_52420,2
NEWS_52421,4
NEWS_52422,2
NEWS_52423,3
NEWS_52424,4
NEWS_52425,3
NEWS_52426,4
NEWS_52427,1
NEWS_52428,4
NEWS_52429,4
NEWS_52430,3
NEWS_52431,3
NEWS_52432,2
NEWS_52433,4
NEWS_52434,5
NEWS_52435,4
NEWS_52436,1
NEWS_52437,3
NEWS_52438,0
NEWS_52439,4
NEWS_52440,2
NEWS_52441,2
NEWS_52442,4
NEWS_52443,3
NEWS_52444,0
NEWS_52445,4
NEWS_52446,5
NEWS_52447,3
NEWS_52448,5
NEWS_52449,3
NEWS_52450,2
NEWS_52451,5
NEWS_52452,1
NEWS_52453,3
NEWS_52454,0
NEWS_52455,4
NEWS_52456,3
NEWS_52457,4
NEWS_52458,4
NEWS_52459,4
NEWS_52460,4
NEWS_52461,2
NEWS_52462,5
NEWS_52463,2
NEWS_52464,1
NEWS_52465,4
NEWS_52466,4
NEWS_52467,5
NEWS_52468,1
NEWS_52469,0
NEWS_52470,3
NEWS_52471,4
NEWS_52472,1
NEWS_52473,4
NEWS_52474,1
NEWS_52475,1
NEWS_52476,1
NEWS_52477,2
NEWS_52478,1
NEWS_52479,5
NEWS_52480,4
NEWS_52481,2
NEWS_52482,4
NEWS_52483,4
NEWS_52484,5
NEWS_52485,1
NEWS_52486,3
NEWS_52487,1
NEWS_52488,1
NEWS_52489,1
NEWS_52490,0
NEWS_52491,4
NEWS_52492,1
NEWS_52493,4
NEWS_52494,2
NEWS_52495,3
NEWS_52496,4
NEWS_52497,1
NEWS_52498,1
NEWS_52499,3
NEWS_52500,4
NEWS_52501,4
NEWS_52502,4
NEWS_52503,1
NEWS_52504,3
NEWS_52505,4
NEWS_52506,1
NEWS_52507,3
NEWS_52508,2
NEWS_52509,1
NEWS_52510,2
NEWS_52511,5
NEWS_52512,2
NEWS_52513,4
NEWS_52514,4
NEWS_52515,4
NEWS_52516,5
NEWS_52517,4
NEWS_52518,4
NEWS_52519,2
NEWS_52520,1
NEWS_52521,3
NEWS_52522,4
NEWS_52523,3
NEWS_52524,2
NEWS_52525,3
NEWS_52526,4
NEWS_52527,3
NEWS_52528,2
NEWS_52529,4
NEWS_52530,1
NEWS_52531,2
NEWS_52532,3
NEWS_52533,5
NEWS_52534,2
NEWS_52535,3
NEWS_52536,4
NEWS_52537,3
NEWS_52538,2
NEWS_52539,5
NEWS_52540,2
NEWS_52541,4
NEWS_52542,0
NEWS_52543,5
NEWS_52544,5
NEWS_52545,2
NEWS_52546,5
NEWS_52547,1
NEWS_52548,1
NEWS_52549,2
NEWS_52550,1
NEWS_52551,4
NEWS_52552,2
NEWS_52553,4
NEWS_52554,4
NEWS_52555,4
NEWS_52556,4
NEWS_52557,4
NEWS_52558,1
NEWS_52559,4
NEWS_52560,5
NEWS_52561,1
NEWS_52562,2
NEWS_52563,2
NEWS_52564,4
NEWS_52565,5
NEWS_52566,5
NEWS_52567,2
NEWS_52568,2
NEWS_52569,5
NEWS_52570,3
NEWS_52571,3
NEWS_52572,0
NEWS_52573,5
NEWS_52574,4
NEWS_52575,1
NEWS_52576,5
NEWS_52577,5
NEWS_52578,5
NEWS_52579,4
NEWS_52580,3
NEWS_52581,4
NEWS_52582,4
NEWS_52583,2
NEWS_52584,4
NEWS_52585,4
NEWS_52586,4
NEWS_52587,3
NEWS_52588,1
NEWS_52589,1
NEWS_52590,1
NEWS_52591,2
NEWS_52592,3
NEWS_52593,1
NEWS_52594,1
NEWS_52595,1
NEWS_52596,3
NEWS_52597,5
NEWS_52598,5
NEWS_52599,3
NEWS_52600,1
NEWS_52601,3
NEWS_52602,5
NEWS_52603,5
NEWS_52604,2
NEWS_52605,4
NEWS_52606,2
NEWS_52607,3
NEWS_52608,0
NEWS_52609,2
NEWS_52610,4
NEWS_52611,4
NEWS_52612,1
NEWS_52613,4
NEWS_52614,1
NEWS_52615,3
NEWS_52616,3
NEWS_52617,4
NEWS_52618,4
NEWS_52619,1
NEWS_52620,3
NEWS_52621,3
NEWS_52622,0
NEWS_52623,4
NEWS_52624,1
NEWS_52625,3
NEWS_52626,2
NEWS_52627,5
NEWS_52628,4
NEWS_52629,2
NEWS_52630,3
NEWS_52631,4
NEWS_52632,4
NEWS_52633,2
NEWS_52634,1
NEWS_52635,1
NEWS_52636,3
NEWS_52637,2
NEWS_52638,2
NEWS_52639,4
NEWS_52640,1
NEWS_52641,4
NEWS_52642,2
NEWS_52643,2
NEWS_52644,5
NEWS_52645,5
NEWS_52646,5
NEWS_52647,3
NEWS_52648,3
NEWS_52649,4
NEWS_52650,4
NEWS_52651,4
NEWS_52652,5
NEWS_52653,5
NEWS_52654,3
NEWS_52655,4
NEWS_52656,3
NEWS_52657,0
NEWS_52658,2
NEWS_52659,3
NEWS_52660,1
NEWS_52661,4
NEWS_52662,1
NEWS_52663,2
NEWS_52664,1
NEWS_52665,3
NEWS_52666,5
NEWS_52667,1
NEWS_52668,4
NEWS_52669,5
NEWS_52670,4
NEWS_52671,1
NEWS_52672,3
NEWS_52673,4
NEWS_52674,4
NEWS_52675,3
NEWS_52676,2
NEWS_52677,4
NEWS_52678,4
NEWS_52679,0
NEWS_52680,0
NEWS_52681,1
NEWS_52682,1
NEWS_52683,4
NEWS_52684,5
NEWS_52685,2
NEWS_52686,2
NEWS_52687,1
NEWS_52688,1
NEWS_52689,4
NEWS_52690,0
NEWS_52691,5
NEWS_52692,3
NEWS_52693,4
NEWS_52694,1
NEWS_52695,1
NEWS_52696,4
NEWS_52697,4
NEWS_52698,1
NEWS_52699,5
NEWS_52700,3
NEWS_52701,1
NEWS_52702,4
NEWS_52703,3
NEWS_52704,1
NEWS_52705,1
NEWS_52706,4
NEWS_52707,2
NEWS_52708,5
NEWS_52709,4
NEWS_52710,5
NEWS_52711,3
NEWS_52712,3
NEWS_52713,2
NEWS_52714,1
NEWS_52715,1
NEWS_52716,1
NEWS_52717,4
NEWS_52718,4
NEWS_52719,4
NEWS_52720,1
NEWS_52721,2
NEWS_52722,4
NEWS_52723,1
NEWS_52724,3
NEWS_52725,5
NEWS_52726,4
NEWS_52727,5
NEWS_52728,3
NEWS_52729,1
NEWS_52730,4
NEWS_52731,3
NEWS_52732,3
NEWS_52733,4
NEWS_52734,4
NEWS_52735,4
NEWS_52736,3
NEWS_52737,1
NEWS_52738,2
NEWS_52739,2
NEWS_52740,5
NEWS_52741,3
NEWS_52742,3
NEWS_52743,4
NEWS_52744,4
NEWS_52745,4
NEWS_52746,4
NEWS_52747,4
NEWS_52748,4
NEWS_52749,4
NEWS_52750,4
NEWS_52751,1
NEWS_52752,4
NEWS_52753,2
NEWS_52754,4
NEWS_52755,3
NEWS_52756,0
NEWS_52757,3
NEWS_52758,4
NEWS_52759,2
NEWS_52760,5
NEWS_52761,4
NEWS_52762,5
NEWS_52763,2
NEWS_52764,2
NEWS_52765,5
NEWS_52766,0
NEWS_52767,2
NEWS_52768,5
NEWS_52769,3
NEWS_52770,1
NEWS_52771,3
NEWS_52772,1
NEWS_52773,4
NEWS_52774,4
NEWS_52775,4
NEWS_52776,4
NEWS_52777,4
NEWS_52778,4
NEWS_52779,1
NEWS_52780,3
NEWS_52781,5
NEWS_52782,4
NEWS_52783,3
NEWS_52784,3
NEWS_52785,3
NEWS_52786,1
NEWS_52787,5
NEWS_52788,5
NEWS_52789,5
NEWS_52790,1
NEWS_52791,4
NEWS_52792,4
NEWS_52793,3
NEWS_52794,3
NEWS_52795,4
NEWS_52796,4
NEWS_52797,4
NEWS_52798,2
NEWS_52799,3
NEWS_52800,3
NEWS_52801,3
NEWS_52802,2
NEWS_52803,2
NEWS_52804,4
NEWS_52805,4
NEWS_52806,2
NEWS_52807,2
NEWS_52808,3
NEWS_52809,5
NEWS_52810,4
NEWS_52811,5
NEWS_52812,1
NEWS_52813,2
NEWS_52814,1
NEWS_52815,5
NEWS_52816,1
NEWS_52817,1
NEWS_52818,2
NEWS_52819,4
NEWS_52820,1
NEWS_52821,5
NEWS_52822,3
NEWS_52823,0
NEWS_52824,4
NEWS_52825,0
NEWS_52826,4
NEWS_52827,5
NEWS_52828,5
NEWS_52829,4
NEWS_52830,4
NEWS_52831,4
NEWS_52832,2
NEWS_52833,0
NEWS_52834,4
NEWS_52835,4
NEWS_52836,4
NEWS_52837,2
NEWS_52838,1
NEWS_52839,5
NEWS_52840,2
NEWS_52841,3
NEWS_52842,5
NEWS_52843,4
NEWS_52844,4
NEWS_52845,4
NEWS_52846,3
NEWS_52847,1
NEWS_52848,3
NEWS_52849,4
NEWS_52850,4
NEWS_52851,2
NEWS_52852,3
NEWS_52853,4
NEWS_52854,2
NEWS_52855,4
NEWS_52856,2
NEWS_52857,4
NEWS_52858,1
NEWS_52859,4
NEWS_52860,3
NEWS_52861,3
NEWS_52862,1
NEWS_52863,3
NEWS_52864,0
NEWS_52865,4
NEWS_52866,1
NEWS_52867,4
NEWS_52868,1
NEWS_52869,4
NEWS_52870,3
NEWS_52871,1
NEWS_52872,1
NEWS_52873,1
NEWS_52874,5
NEWS_52875,4
NEWS_52876,5
NEWS_52877,4
NEWS_52878,3
NEWS_52879,4
NEWS_52880,5
NEWS_52881,2
NEWS_52882,3
NEWS_52883,3
NEWS_52884,1
NEWS_52885,1
NEWS_52886,3
NEWS_52887,4
NEWS_52888,1
NEWS_52889,1
NEWS_52890,4
NEWS_52891,4
NEWS_52892,4
NEWS_52893,0
NEWS_52894,3
NEWS_52895,2
NEWS_52896,1
NEWS_52897,1
NEWS_52898,3
NEWS_52899,3
NEWS_52900,4
NEWS_52901,4
NEWS_52902,5
NEWS_52903,1
NEWS_52904,2
NEWS_52905,5
NEWS_52906,1
NEWS_52907,0
NEWS_52908,4
NEWS_52909,4
NEWS_52910,5
NEWS_52911,4
NEWS_52912,2
NEWS_52913,0
NEWS_52914,4
NEWS_52915,1
NEWS_52916,5
NEWS_52917,4
NEWS_52918,1
NEWS_52919,3
NEWS_52920,3
NEWS_52921,5
NEWS_52922,2
NEWS_52923,2
NEWS_52924,5
NEWS_52925,5
NEWS_52926,0
NEWS_52927,4
NEWS_52928,3
NEWS_52929,3
NEWS_52930,2
NEWS_52931,5
NEWS_52932,1
NEWS_52933,4
NEWS_52934,4
NEWS_52935,2
NEWS_52936,1
NEWS_52937,4
NEWS_52938,5
NEWS_52939,4
NEWS_52940,0
NEWS_52941,3
NEWS_52942,1
NEWS_52943,5
NEWS_52944,0
NEWS_52945,2
NEWS_52946,4
NEWS_52947,4
NEWS_52948,2
NEWS_52949,1
NEWS_52950,1
NEWS_52951,5
NEWS_52952,5
NEWS_52953,4
NEWS_52954,4
NEWS_52955,5
NEWS_52956,5
NEWS_52957,5
NEWS_52958,2
NEWS_52959,2
NEWS_52960,1
NEWS_52961,4
NEWS_52962,5
NEWS_52963,3
NEWS_52964,5
NEWS_52965,2
NEWS_52966,5
NEWS_52967,5
NEWS_52968,4
NEWS_52969,4
NEWS_52970,1
NEWS_52971,1
NEWS_52972,3
NEWS_52973,5
NEWS_52974,4
NEWS_52975,4
NEWS_52976,1
NEWS_52977,3
NEWS_52978,0
NEWS_52979,2
NEWS_52980,4
NEWS_52981,1
NEWS_52982,4
NEWS_52983,3
NEWS_52984,2
NEWS_52985,1
NEWS_52986,2
NEWS_52987,1
NEWS_52988,5
NEWS_52989,5
NEWS_52990,3
NEWS_52991,1
NEWS_52992,1
NEWS_52993,4
NEWS_52994,4
NEWS_52995,4
NEWS_52996,3
NEWS_52997,1
NEWS_52998,4
NEWS_52999,4
NEWS_53000,1
NEWS_53001,4
NEWS_53002,5
NEWS_53003,5
NEWS_53004,1
NEWS_53005,3
NEWS_53006,5
NEWS_53007,5
NEWS_53008,3
NEWS_53009,1
NEWS_53010,5
NEWS_53011,1
NEWS_53012,1
NEWS_53013,3
NEWS_53014,5
NEWS_53015,4
NEWS_53016,4
NEWS_53017,0
NEWS_53018,2
NEWS_53019,4
NEWS_53020,3
NEWS_53021,4
NEWS_53022,4
NEWS_53023,2
NEWS_53024,3
NEWS_53025,5
NEWS_53026,0
NEWS_53027,5
NEWS_53028,4
NEWS_53029,1
NEWS_53030,1
NEWS_53031,3
NEWS_53032,5
NEWS_53033,4
NEWS_53034,5
NEWS_53035,2
NEWS_53036,5
NEWS_53037,4
NEWS_53038,5
NEWS_53039,5
NEWS_53040,2
NEWS_53041,1
NEWS_53042,5
NEWS_53043,0
NEWS_53044,5
NEWS_53045,1
NEWS_53046,4
NEWS_53047,1
NEWS_53048,3
NEWS_53049,0
NEWS_53050,4
NEWS_53051,2
NEWS_53052,1
NEWS_53053,3
NEWS_53054,4
NEWS_53055,1
NEWS_53056,5
NEWS_53057,3
NEWS_53058,1
NEWS_53059,5
NEWS_53060,3
NEWS_53061,5
NEWS_53062,4
NEWS_53063,0
NEWS_53064,5
NEWS_53065,1
NEWS_53066,5
NEWS_53067,4
NEWS_53068,1
NEWS_53069,4
NEWS_53070,3
NEWS_53071,3
NEWS_53072,5
NEWS_53073,5
NEWS_53074,4
NEWS_53075,1
NEWS_53076,3
NEWS_53077,2
NEWS_53078,4
NEWS_53079,3
NEWS_53080,3
NEWS_53081,3
NEWS_53082,4
NEWS_53083,0
NEWS_53084,4
NEWS_53085,4
NEWS_53086,1
NEWS_53087,3
NEWS_53088,2
NEWS_53089,1
NEWS_53090,4
NEWS_53091,3
NEWS_53092,4
NEWS_53093,4
NEWS_53094,4
NEWS_53095,3
NEWS_53096,3
NEWS_53097,3
NEWS_53098,4
NEWS_53099,1
NEWS_53100,1
NEWS_53101,1
NEWS_53102,5
NEWS_53103,5
NEWS_53104,4
NEWS_53105,3
NEWS_53106,2
NEWS_53107,4
NEWS_53108,3
NEWS_53109,1
NEWS_53110,3
NEWS_53111,5
NEWS_53112,4
NEWS_53113,4
NEWS_53114,2
NEWS_53115,2
NEWS_53116,3
NEWS_53117,4
NEWS_53118,4
NEWS_53119,3
NEWS_53120,2
NEWS_53121,0
NEWS_53122,3
NEWS_53123,5
NEWS_53124,4
NEWS_53125,4
NEWS_53126,4
NEWS_53127,4
NEWS_53128,1
NEWS_53129,4
NEWS_53130,3
NEWS_53131,2
NEWS_53132,3
NEWS_53133,3
NEWS_53134,4
NEWS_53135,2
NEWS_53136,5
NEWS_53137,1
NEWS_53138,3
NEWS_53139,4
NEWS_53140,3
NEWS_53141,5
NEWS_53142,5
NEWS_53143,5
NEWS_53144,5
NEWS_53145,3
NEWS_53146,1
NEWS_53147,5
NEWS_53148,3
NEWS_53149,4
NEWS_53150,4
NEWS_53151,3
NEWS_53152,4
NEWS_53153,1
NEWS_53154,2
NEWS_53155,3
NEWS_53156,5
NEWS_53157,4
NEWS_53158,2
NEWS_53159,3
NEWS_53160,3
NEWS_53161,1
NEWS_53162,2
NEWS_53163,1
NEWS_53164,1
NEWS_53165,0
NEWS_53166,4
NEWS_53167,5
NEWS_53168,2
NEWS_53169,0
NEWS_53170,4
NEWS_53171,2
NEWS_53172,5
NEWS_53173,1
NEWS_53174,4
NEWS_53175,4
NEWS_53176,3
NEWS_53177,2
NEWS_53178,5
NEWS_53179,4
NEWS_53180,3
NEWS_53181,0
NEWS_53182,2
NEWS_53183,3
NEWS_53184,4
NEWS_53185,5
NEWS_53186,1
NEWS_53187,5
NEWS_53188,4
NEWS_53189,5
NEWS_53190,4
NEWS_53191,5
NEWS_53192,5
NEWS_53193,3
NEWS_53194,3
NEWS_53195,4
NEWS_53196,1
NEWS_53197,1
NEWS_53198,2
NEWS_53199,1
NEWS_53200,0
NEWS_53201,4
NEWS_53202,1
NEWS_53203,4
NEWS_53204,3
NEWS_53205,2
NEWS_53206,4
NEWS_53207,4
NEWS_53208,4
NEWS_53209,3
NEWS_53210,3
NEWS_53211,4
NEWS_53212,3
NEWS_53213,4
NEWS_53214,0
NEWS_53215,4
NEWS_53216,4
NEWS_53217,0
NEWS_53218,4
NEWS_53219,2
NEWS_53220,2
NEWS_53221,4
NEWS_53222,1
NEWS_53223,2
NEWS_53224,1
NEWS_53225,5
NEWS_53226,4
NEWS_53227,1
NEWS_53228,4
NEWS_53229,4
NEWS_53230,4
NEWS_53231,1
NEWS_53232,4
NEWS_53233,2
NEWS_53234,0
NEWS_53235,5
NEWS_53236,1
NEWS_53237,3
NEWS_53238,3
NEWS_53239,3
NEWS_53240,2
NEWS_53241,1
NEWS_53242,1
NEWS_53243,0
NEWS_53244,5
NEWS_53245,3
NEWS_53246,4
NEWS_53247,3
NEWS_53248,3
NEWS_53249,4
NEWS_53250,1
NEWS_53251,5
NEWS_53252,3
NEWS_53253,1
NEWS_53254,4
NEWS_53255,2
NEWS_53256,3
NEWS_53257,5
NEWS_53258,5
NEWS_53259,4
NEWS_53260,4
NEWS_53261,4
NEWS_53262,5
NEWS_53263,0
NEWS_53264,4
NEWS_53265,5
NEWS_53266,5
NEWS_53267,2
NEWS_53268,2
NEWS_53269,1
NEWS_53270,1
NEWS_53271,1
NEWS_53272,1
NEWS_53273,2
NEWS_53274,0
NEWS_53275,5
NEWS_53276,4
NEWS_53277,4
NEWS_53278,5
NEWS_53279,4
NEWS_53280,3
NEWS_53281,2
NEWS_53282,4
NEWS_53283,4
NEWS_53284,5
NEWS_53285,0
NEWS_53286,3
NEWS_53287,1
NEWS_53288,3
NEWS_53289,1
NEWS_53290,4
NEWS_53291,5
NEWS_53292,5
NEWS_53293,3
NEWS_53294,1
NEWS_53295,4
NEWS_53296,3
NEWS_53297,3
NEWS_53298,4
NEWS_53299,5
NEWS_53300,1
NEWS_53301,2
NEWS_53302,1
NEWS_53303,1
NEWS_53304,5
NEWS_53305,4
NEWS_53306,3
NEWS_53307,5
NEWS_53308,1
NEWS_53309,4
NEWS_53310,5
NEWS_53311,0
NEWS_53312,5
NEWS_53313,1
NEWS_53314,4
NEWS_53315,5
NEWS_53316,4
NEWS_53317,4
NEWS_53318,5
NEWS_53319,0
NEWS_53320,1
NEWS_53321,4
NEWS_53322,3
NEWS_53323,5
NEWS_53324,4
NEWS_53325,4
NEWS_53326,4
NEWS_53327,5
NEWS_53328,3
NEWS_53329,5
NEWS_53330,5
NEWS_53331,4
NEWS_53332,4
NEWS_53333,4
NEWS_53334,1
NEWS_53335,5
NEWS_53336,5
NEWS_53337,1
NEWS_53338,4
NEWS_53339,4
NEWS_53340,5
NEWS_53341,5
NEWS_53342,1
NEWS_53343,4
NEWS_53344,1
NEWS_53345,4
NEWS_53346,4
NEWS_53347,5
NEWS_53348,1
NEWS_53349,4
NEWS_53350,4
NEWS_53351,1
NEWS_53352,4
NEWS_53353,4
NEWS_53354,4
NEWS_53355,4
NEWS_53356,1
NEWS_53357,0
NEWS_53358,5
NEWS_53359,4
NEWS_53360,1
NEWS_53361,1
NEWS_53362,3
NEWS_53363,4
NEWS_53364,3
NEWS_53365,2
NEWS_53366,5
NEWS_53367,2
NEWS_53368,3
NEWS_53369,2
NEWS_53370,1
NEWS_53371,4
NEWS_53372,1
NEWS_53373,3
NEWS_53374,3
NEWS_53375,2
NEWS_53376,1
NEWS_53377,1
NEWS_53378,4
NEWS_53379,3
NEWS_53380,4
NEWS_53381,1
NEWS_53382,5
NEWS_53383,1
NEWS_53384,3
NEWS_53385,3
NEWS_53386,4
NEWS_53387,0
NEWS_53388,4
NEWS_53389,3
NEWS_53390,0
NEWS_53391,5
NEWS_53392,1
NEWS_53393,4
NEWS_53394,1
NEWS_53395,1
NEWS_53396,1
NEWS_53397,2
NEWS_53398,3
NEWS_53399,5
NEWS_53400,4
NEWS_53401,1
NEWS_53402,2
NEWS_53403,4
NEWS_53404,1
NEWS_53405,2
NEWS_53406,1
NEWS_53407,4
NEWS_53408,2
NEWS_53409,4
NEWS_53410,4
NEWS_53411,2
NEWS_53412,3
NEWS_53413,1
NEWS_53414,5
NEWS_53415,4
NEWS_53416,5
NEWS_53417,1
NEWS_53418,3
NEWS_53419,2
NEWS_53420,1
NEWS_53421,5
NEWS_53422,3
NEWS_53423,2
NEWS_53424,3
NEWS_53425,1
NEWS_53426,4
NEWS_53427,5
NEWS_53428,5
NEWS_53429,2
NEWS_53430,3
NEWS_53431,4
NEWS_53432,1
NEWS_53433,5
NEWS_53434,1
NEWS_53435,4
NEWS_53436,1
NEWS_53437,4
NEWS_53438,1
NEWS_53439,4
NEWS_53440,0
NEWS_53441,3
NEWS_53442,0
NEWS_53443,4
NEWS_53444,1
NEWS_53445,4
NEWS_53446,1
NEWS_53447,2
NEWS_53448,4
NEWS_53449,1
NEWS_53450,4
NEWS_53451,5
NEWS_53452,3
NEWS_53453,4
NEWS_53454,2
NEWS_53455,2
NEWS_53456,1
NEWS_53457,0
NEWS_53458,1
NEWS_53459,3
NEWS_53460,4
NEWS_53461,5
NEWS_53462,4
NEWS_53463,2
NEWS_53464,4
NEWS_53465,4
NEWS_53466,4
NEWS_53467,0
NEWS_53468,3
NEWS_53469,1
NEWS_53470,1
NEWS_53471,1
NEWS_53472,3
NEWS_53473,4
NEWS_53474,1
NEWS_53475,4
NEWS_53476,1
NEWS_53477,2
NEWS_53478,3
NEWS_53479,1
NEWS_53480,2
NEWS_53481,5
NEWS_53482,3
NEWS_53483,3
NEWS_53484,3
NEWS_53485,4
NEWS_53486,4
NEWS_53487,4
NEWS_53488,4
NEWS_53489,4
NEWS_53490,1
NEWS_53491,2
NEWS_53492,4
NEWS_53493,3
NEWS_53494,4
NEWS_53495,1
NEWS_53496,4
NEWS_53497,4
NEWS_53498,3
NEWS_53499,4
NEWS_53500,4
NEWS_53501,4
NEWS_53502,2
NEWS_53503,4
NEWS_53504,1
NEWS_53505,5
NEWS_53506,5
NEWS_53507,3
NEWS_53508,1
NEWS_53509,3
NEWS_53510,4
NEWS_53511,4
NEWS_53512,1
NEWS_53513,2
NEWS_53514,5
NEWS_53515,4
NEWS_53516,1
NEWS_53517,4
NEWS_53518,4
NEWS_53519,4
NEWS_53520,0
NEWS_53521,4
NEWS_53522,1
NEWS_53523,2
NEWS_53524,5
NEWS_53525,3
NEWS_53526,1
NEWS_53527,4
NEWS_53528,3
NEWS_53529,2
NEWS_53530,4
NEWS_53531,4
NEWS_53532,3
NEWS_53533,1
NEWS_53534,1
NEWS_53535,2
NEWS_53536,4
NEWS_53537,1
NEWS_53538,1
NEWS_53539,3
NEWS_53540,4
NEWS_53541,1
NEWS_53542,2
NEWS_53543,3
NEWS_53544,3
NEWS_53545,1
NEWS_53546,1
NEWS_53547,4
NEWS_53548,4
NEWS_53549,4
NEWS_53550,4
NEWS_53551,1
NEWS_53552,4
NEWS_53553,4
NEWS_53554,1
NEWS_53555,2
NEWS_53556,1
NEWS_53557,1
NEWS_53558,5
NEWS_53559,4
NEWS_53560,1
NEWS_53561,3
NEWS_53562,4
NEWS_53563,4
NEWS_53564,2
NEWS_53565,0
NEWS_53566,2
NEWS_53567,5
NEWS_53568,5
NEWS_53569,1
NEWS_53570,2
NEWS_53571,4
NEWS_53572,0
NEWS_53573,1
NEWS_53574,5
NEWS_53575,4
NEWS_53576,4
NEWS_53577,4
NEWS_53578,4
NEWS_53579,4
NEWS_53580,4
NEWS_53581,3
NEWS_53582,1
NEWS_53583,1
NEWS_53584,5
NEWS_53585,4
NEWS_53586,1
NEWS_53587,2
NEWS_53588,5
NEWS_53589,1
NEWS_53590,5
NEWS_53591,4
NEWS_53592,3
NEWS_53593,5
NEWS_53594,1
NEWS_53595,2
NEWS_53596,4
NEWS_53597,2
NEWS_53598,4
NEWS_53599,1
NEWS_53600,1
NEWS_53601,3
NEWS_53602,4
NEWS_53603,0
NEWS_53604,3
NEWS_53605,4
NEWS_53606,3
NEWS_53607,4
NEWS_53608,4
NEWS_53609,4
NEWS_53610,4
NEWS_53611,4
NEWS_53612,1
NEWS_53613,4
NEWS_53614,2
NEWS_53615,4
NEWS_53616,1
NEWS_53617,3
NEWS_53618,1
NEWS_53619,0
NEWS_53620,2
NEWS_53621,1
NEWS_53622,2
NEWS_53623,2
NEWS_53624,1
NEWS_53625,4
NEWS_53626,2
NEWS_53627,1
NEWS_53628,3
NEWS_53629,1
NEWS_53630,2
NEWS_53631,4
NEWS_53632,5
NEWS_53633,4
NEWS_53634,3
NEWS_53635,2
NEWS_53636,1
NEWS_53637,0
NEWS_53638,1
NEWS_53639,1
NEWS_53640,5
NEWS_53641,3
NEWS_53642,4
NEWS_53643,4
NEWS_53644,1
NEWS_53645,4
NEWS_53646,2
NEWS_53647,2
NEWS_53648,3
NEWS_53649,2
NEWS_53650,0
NEWS_53651,2
NEWS_53652,4
NEWS_53653,1
NEWS_53654,1
NEWS_53655,2
NEWS_53656,4
NEWS_53657,5
NEWS_53658,5
NEWS_53659,4
NEWS_53660,5
NEWS_53661,1
NEWS_53662,4
NEWS_53663,2
NEWS_53664,2
NEWS_53665,4
NEWS_53666,1
NEWS_53667,4
NEWS_53668,5
NEWS_53669,3
NEWS_53670,4
NEWS_53671,1
NEWS_53672,5
NEWS_53673,0
NEWS_53674,1
NEWS_53675,5
NEWS_53676,4
NEWS_53677,4
NEWS_53678,2
NEWS_53679,2
NEWS_53680,4
NEWS_53681,4
NEWS_53682,3
NEWS_53683,2
NEWS_53684,5
NEWS_53685,3
NEWS_53686,4
NEWS_53687,3
NEWS_53688,2
NEWS_53689,2
NEWS_53690,1
NEWS_53691,4
NEWS_53692,5
NEWS_53693,1
NEWS_53694,4
NEWS_53695,3
NEWS_53696,3
NEWS_53697,4
NEWS_53698,3
NEWS_53699,1
NEWS_53700,2
NEWS_53701,2
NEWS_53702,2
NEWS_53703,5
NEWS_53704,3
NEWS_53705,4
NEWS_53706,1
NEWS_53707,1
NEWS_53708,3
NEWS_53709,4
NEWS_53710,3
NEWS_53711,1
NEWS_53712,2
NEWS_53713,3
NEWS_53714,3
NEWS_53715,1
NEWS_53716,4
NEWS_53717,3
NEWS_53718,2
NEWS_53719,2
NEWS_53720,3
NEWS_53721,4
NEWS_53722,3
NEWS_53723,4
NEWS_53724,3
NEWS_53725,4
NEWS_53726,5
NEWS_53727,2
NEWS_53728,4
NEWS_53729,3
NEWS_53730,4
NEWS_53731,2
NEWS_53732,0
NEWS_53733,3
NEWS_53734,2
NEWS_53735,1
NEWS_53736,3
NEWS_53737,2
NEWS_53738,5
NEWS_53739,3
NEWS_53740,4
NEWS_53741,4
NEWS_53742,4
NEWS_53743,5
NEWS_53744,1
NEWS_53745,5
NEWS_53746,2
NEWS_53747,3
NEWS_53748,5
NEWS_53749,1
NEWS_53750,1
NEWS_53751,3
NEWS_53752,3
NEWS_53753,3
NEWS_53754,2
NEWS_53755,2
NEWS_53756,3
NEWS_53757,4
NEWS_53758,5
NEWS_53759,1
NEWS_53760,3
NEWS_53761,4
NEWS_53762,1
NEWS_53763,1
NEWS_53764,2
NEWS_53765,5
NEWS_53766,5
NEWS_53767,4
NEWS_53768,4
NEWS_53769,1
NEWS_53770,4
NEWS_53771,0
NEWS_53772,5
NEWS_53773,4
NEWS_53774,1
NEWS_53775,1
NEWS_53776,5
NEWS_53777,1
NEWS_53778,3
NEWS_53779,2
NEWS_53780,1
NEWS_53781,4
NEWS_53782,5
NEWS_53783,2
NEWS_53784,1
NEWS_53785,3
NEWS_53786,5
NEWS_53787,2
NEWS_53788,2
NEWS_53789,4
NEWS_53790,3
NEWS_53791,0
NEWS_53792,5
NEWS_53793,4
NEWS_53794,4
NEWS_53795,3
NEWS_53796,4
NEWS_53797,4
NEWS_53798,3
NEWS_53799,5
NEWS_53800,4
NEWS_53801,3
NEWS_53802,1
NEWS_53803,5
NEWS_53804,4
NEWS_53805,1
NEWS_53806,0
NEWS_53807,1
NEWS_53808,2
NEWS_53809,4
NEWS_53810,2
NEWS_53811,4
NEWS_53812,2
NEWS_53813,3
NEWS_53814,4
NEWS_53815,2
NEWS_53816,4
NEWS_53817,1
NEWS_53818,4
NEWS_53819,1
NEWS_53820,4
NEWS_53821,4
NEWS_53822,0
NEWS_53823,3
NEWS_53824,3
NEWS_53825,2
NEWS_53826,3
NEWS_53827,3
NEWS_53828,3
NEWS_53829,3
NEWS_53830,4
NEWS_53831,3
NEWS_53832,5
NEWS_53833,3
NEWS_53834,5
NEWS_53835,1
NEWS_53836,4
NEWS_53837,2
NEWS_53838,5
NEWS_53839,3
NEWS_53840,1
NEWS_53841,5
NEWS_53842,5
NEWS_53843,4
NEWS_53844,4
NEWS_53845,2
NEWS_53846,5
NEWS_53847,1
NEWS_53848,5
NEWS_53849,3
NEWS_53850,4
NEWS_53851,4
NEWS_53852,4
NEWS_53853,4
NEWS_53854,3
NEWS_53855,1
NEWS_53856,1
NEWS_53857,3
NEWS_53858,1
NEWS_53859,5
NEWS_53860,4
NEWS_53861,0
NEWS_53862,4
NEWS_53863,4
NEWS_53864,4
NEWS_53865,4
NEWS_53866,1
NEWS_53867,4
NEWS_53868,3
NEWS_53869,1
NEWS_53870,3
NEWS_53871,1
NEWS_53872,5
NEWS_53873,2
NEWS_53874,3
NEWS_53875,4
NEWS_53876,0
NEWS_53877,2
NEWS_53878,5
NEWS_53879,1
NEWS_53880,5
NEWS_53881,1
NEWS_53882,1
NEWS_53883,1
NEWS_53884,1
NEWS_53885,1
NEWS_53886,2
NEWS_53887,1
NEWS_53888,1
NEWS_53889,2
NEWS_53890,5
NEWS_53891,2
NEWS_53892,4
NEWS_53893,4
NEWS_53894,2
NEWS_53895,4
NEWS_53896,3
NEWS_53897,3
NEWS_53898,1
NEWS_53899,0
NEWS_53900,4
NEWS_53901,2
NEWS_53902,1
NEWS_53903,1
NEWS_53904,4
NEWS_53905,1
NEWS_53906,3
NEWS_53907,3
NEWS_53908,4
NEWS_53909,3
NEWS_53910,3
NEWS_53911,2
NEWS_53912,4
NEWS_53913,5
NEWS_53914,2
NEWS_53915,0
NEWS_53916,5
NEWS_53917,5
NEWS_53918,3
NEWS_53919,5
NEWS_53920,5
NEWS_53921,4
NEWS_53922,1
NEWS_53923,2
NEWS_53924,4
NEWS_53925,2
NEWS_53926,2
NEWS_53927,4
NEWS_53928,4
NEWS_53929,5
NEWS_53930,4
NEWS_53931,5
NEWS_53932,3
NEWS_53933,4
NEWS_53934,0
NEWS_53935,4
NEWS_53936,1
NEWS_53937,5
NEWS_53938,1
NEWS_53939,3
NEWS_53940,3
NEWS_53941,4
NEWS_53942,4
NEWS_53943,1
NEWS_53944,4
NEWS_53945,1
NEWS_53946,1
NEWS_53947,4
NEWS_53948,3
NEWS_53949,1
NEWS_53950,3
NEWS_53951,2
NEWS_53952,4
NEWS_53953,4
NEWS_53954,1
NEWS_53955,2
NEWS_53956,1
NEWS_53957,4
NEWS_53958,3
NEWS_53959,4
NEWS_53960,2
NEWS_53961,0
NEWS_53962,4
NEWS_53963,2
NEWS_53964,3
NEWS_53965,1
NEWS_53966,2
NEWS_53967,1
NEWS_53968,2
NEWS_53969,4
NEWS_53970,1
NEWS_53971,3
NEWS_53972,0
NEWS_53973,3
NEWS_53974,1
NEWS_53975,4
NEWS_53976,5
NEWS_53977,1
NEWS_53978,4
NEWS_53979,4
NEWS_53980,4
NEWS_53981,3
NEWS_53982,3
NEWS_53983,4
NEWS_53984,3
NEWS_53985,4
NEWS_53986,1
NEWS_53987,3
NEWS_53988,3
NEWS_53989,4
NEWS_53990,2
NEWS_53991,3
NEWS_53992,3
NEWS_53993,2
NEWS_53994,2
NEWS_53995,1
NEWS_53996,4
NEWS_53997,3
NEWS_53998,1
NEWS_53999,2
NEWS_54000,3
NEWS_54001,4
NEWS_54002,0
NEWS_54003,3
NEWS_54004,2
NEWS_54005,5
NEWS_54006,2
NEWS_54007,4
NEWS_54008,1
NEWS_54009,1
NEWS_54010,1
NEWS_54011,3
NEWS_54012,3
NEWS_54013,5
NEWS_54014,1
NEWS_54015,3
NEWS_54016,5
NEWS_54017,4
NEWS_54018,0
NEWS_54019,5
NEWS_54020,4
NEWS_54021,5
NEWS_54022,1
NEWS_54023,4
NEWS_54024,4
NEWS_54025,4
NEWS_54026,1
NEWS_54027,3
NEWS_54028,2
NEWS_54029,4
NEWS_54030,5
NEWS_54031,5
NEWS_54032,4
NEWS_54033,2
NEWS_54034,1
NEWS_54035,2
NEWS_54036,2
NEWS_54037,4
NEWS_54038,1
NEWS_54039,4
NEWS_54040,4
NEWS_54041,5
NEWS_54042,4
NEWS_54043,4
NEWS_54044,1
NEWS_54045,2
NEWS_54046,2
NEWS_54047,5
NEWS_54048,4
NEWS_54049,3
NEWS_54050,3
NEWS_54051,4
NEWS_54052,3
NEWS_54053,1
NEWS_54054,3
NEWS_54055,5
NEWS_54056,4
NEWS_54057,3
NEWS_54058,3
NEWS_54059,2
NEWS_54060,2
NEWS_54061,5
NEWS_54062,3
NEWS_54063,5
NEWS_54064,3
NEWS_54065,3
NEWS_54066,0
NEWS_54067,4
NEWS_54068,4
NEWS_54069,3
NEWS_54070,2
NEWS_54071,5
NEWS_54072,2
NEWS_54073,5
NEWS_54074,1
NEWS_54075,1
NEWS_54076,4
NEWS_54077,5
NEWS_54078,5
NEWS_54079,4
NEWS_54080,5
NEWS_54081,5
NEWS_54082,4
NEWS_54083,3
NEWS_54084,0
NEWS_54085,4
NEWS_54086,2
NEWS_54087,2
NEWS_54088,1
NEWS_54089,4
NEWS_54090,3
NEWS_54091,2
NEWS_54092,3
NEWS_54093,5
NEWS_54094,4
NEWS_54095,4
NEWS_54096,4
NEWS_54097,3
NEWS_54098,4
NEWS_54099,0
NEWS_54100,1
NEWS_54101,1
NEWS_54102,4
NEWS_54103,5
NEWS_54104,1
NEWS_54105,1
NEWS_54106,1
NEWS_54107,4
NEWS_54108,3
NEWS_54109,3
NEWS_54110,4
NEWS_54111,0
NEWS_54112,3
NEWS_54113,1
NEWS_54114,1
NEWS_54115,3
NEWS_54116,1
NEWS_54117,4
NEWS_54118,4
NEWS_54119,0
NEWS_54120,5
NEWS_54121,1
NEWS_54122,4
NEWS_54123,5
NEWS_54124,4
NEWS_54125,3
NEWS_54126,5
NEWS_54127,3
NEWS_54128,3
NEWS_54129,1
NEWS_54130,1
NEWS_54131,4
NEWS_54132,2
NEWS_54133,3
NEWS_54134,2
NEWS_54135,1
NEWS_54136,1
NEWS_54137,4
NEWS_54138,4
NEWS_54139,4
NEWS_54140,5
NEWS_54141,5
NEWS_54142,2
NEWS_54143,3
NEWS_54144,4
NEWS_54145,2
NEWS_54146,5
NEWS_54147,2
NEWS_54148,5
NEWS_54149,3
NEWS_54150,1
NEWS_54151,5
NEWS_54152,4
NEWS_54153,1
NEWS_54154,4
NEWS_54155,5
NEWS_54156,4
NEWS_54157,4
NEWS_54158,1
NEWS_54159,4
NEWS_54160,1
NEWS_54161,4
NEWS_54162,2
NEWS_54163,1
NEWS_54164,5
NEWS_54165,3
NEWS_54166,0
NEWS_54167,4
NEWS_54168,4
NEWS_54169,4
NEWS_54170,3
NEWS_54171,1
NEWS_54172,1
NEWS_54173,1
NEWS_54174,4
NEWS_54175,2
NEWS_54176,4
NEWS_54177,4
NEWS_54178,3
NEWS_54179,3
NEWS_54180,1
NEWS_54181,2
NEWS_54182,1
NEWS_54183,3
NEWS_54184,5
NEWS_54185,4
NEWS_54186,5
NEWS_54187,1
NEWS_54188,5
NEWS_54189,2
NEWS_54190,1
NEWS_54191,0
NEWS_54192,3
NEWS_54193,3
NEWS_54194,3
NEWS_54195,4
NEWS_54196,1
NEWS_54197,2
NEWS_54198,4
NEWS_54199,2
NEWS_54200,1
NEWS_54201,2
NEWS_54202,5
NEWS_54203,1
NEWS_54204,0
NEWS_54205,3
NEWS_54206,4
NEWS_54207,4
NEWS_54208,2
NEWS_54209,4
NEWS_54210,5
NEWS_54211,4
NEWS_54212,4
NEWS_54213,4
NEWS_54214,3
NEWS_54215,1
NEWS_54216,2
NEWS_54217,3
NEWS_54218,3
NEWS_54219,4
NEWS_54220,5
NEWS_54221,1
NEWS_54222,4
NEWS_54223,2
NEWS_54224,5
NEWS_54225,3
NEWS_54226,1
NEWS_54227,3
NEWS_54228,1
NEWS_54229,3
NEWS_54230,3
NEWS_54231,3
NEWS_54232,4
NEWS_54233,4
NEWS_54234,3
NEWS_54235,3
NEWS_54236,2
NEWS_54237,2
NEWS_54238,3
NEWS_54239,1
NEWS_54240,3
NEWS_54241,1
NEWS_54242,2
NEWS_54243,5
NEWS_54244,1
NEWS_54245,4
NEWS_54246,5
NEWS_54247,1
NEWS_54248,2
NEWS_54249,2
NEWS_54250,5
NEWS_54251,2
NEWS_54252,4
NEWS_54253,4
NEWS_54254,3
NEWS_54255,5
NEWS_54256,2
NEWS_54257,3
NEWS_54258,2
NEWS_54259,4
NEWS_54260,5
NEWS_54261,2
NEWS_54262,3
NEWS_54263,1
NEWS_54264,4
NEWS_54265,2
NEWS_54266,4
NEWS_54267,1
NEWS_54268,1
NEWS_54269,4
NEWS_54270,1
NEWS_54271,5
NEWS_54272,4
NEWS_54273,1
NEWS_54274,5
NEWS_54275,4
NEWS_54276,3
NEWS_54277,4
NEWS_54278,1
NEWS_54279,2
NEWS_54280,3
NEWS_54281,2
NEWS_54282,4
NEWS_54283,5
NEWS_54284,1
NEWS_54285,3
NEWS_54286,4
NEWS_54287,1
NEWS_54288,3
NEWS_54289,5
NEWS_54290,4
NEWS_54291,3
NEWS_54292,1
NEWS_54293,4
NEWS_54294,4
NEWS_54295,2
NEWS_54296,5
NEWS_54297,3
NEWS_54298,2
NEWS_54299,4
NEWS_54300,1
NEWS_54301,4
NEWS_54302,1
NEWS_54303,3
NEWS_54304,2
NEWS_54305,1
NEWS_54306,3
NEWS_54307,4
NEWS_54308,5
NEWS_54309,2
NEWS_54310,1
NEWS_54311,4
NEWS_54312,0
NEWS_54313,3
NEWS_54314,2
NEWS_54315,3
NEWS_54316,2
NEWS_54317,1
NEWS_54318,3
NEWS_54319,1
NEWS_54320,3
NEWS_54321,4
NEWS_54322,5
NEWS_54323,4
NEWS_54324,1
NEWS_54325,4
NEWS_54326,3
NEWS_54327,1
NEWS_54328,2
NEWS_54329,3
NEWS_54330,5
NEWS_54331,2
NEWS_54332,2
NEWS_54333,4
NEWS_54334,1
NEWS_54335,1
NEWS_54336,1
NEWS_54337,3
NEWS_54338,1
NEWS_54339,4
NEWS_54340,2
NEWS_54341,0
NEWS_54342,5
NEWS_54343,3
NEWS_54344,4
NEWS_54345,1
NEWS_54346,1
NEWS_54347,4
NEWS_54348,1
NEWS_54349,0
NEWS_54350,5
NEWS_54351,1
NEWS_54352,4
NEWS_54353,2
NEWS_54354,3
NEWS_54355,1
NEWS_54356,2
NEWS_54357,4
NEWS_54358,3
NEWS_54359,4
NEWS_54360,4
NEWS_54361,1
NEWS_54362,5
NEWS_54363,0
NEWS_54364,5
NEWS_54365,3
NEWS_54366,5
NEWS_54367,3
NEWS_54368,0
NEWS_54369,3
NEWS_54370,3
NEWS_54371,2
NEWS_54372,4
NEWS_54373,4
NEWS_54374,1
NEWS_54375,4
NEWS_54376,0
NEWS_54377,1
NEWS_54378,5
NEWS_54379,2
NEWS_54380,3
NEWS_54381,1
NEWS_54382,3
NEWS_54383,1
NEWS_54384,4
NEWS_54385,1
NEWS_54386,1
NEWS_54387,4
NEWS_54388,0
NEWS_54389,4
NEWS_54390,4
NEWS_54391,4
NEWS_54392,4
NEWS_54393,4
NEWS_54394,3
NEWS_54395,5
NEWS_54396,4
NEWS_54397,5
NEWS_54398,4
NEWS_54399,1
NEWS_54400,1
NEWS_54401,5
NEWS_54402,4
NEWS_54403,4
NEWS_54404,4
NEWS_54405,3
NEWS_54406,5
NEWS_54407,3
NEWS_54408,4
NEWS_54409,3
NEWS_54410,1
NEWS_54411,5
NEWS_54412,4
NEWS_54413,1
NEWS_54414,1
NEWS_54415,2
NEWS_54416,5
NEWS_54417,1
NEWS_54418,1
NEWS_54419,0
NEWS_54420,2
NEWS_54421,1
NEWS_54422,3
NEWS_54423,5
NEWS_54424,4
NEWS_54425,2
NEWS_54426,5
NEWS_54427,1
NEWS_54428,1
NEWS_54429,5
NEWS_54430,3
NEWS_54431,4
NEWS_54432,2
NEWS_54433,1
NEWS_54434,4
NEWS_54435,4
NEWS_54436,4
NEWS_54437,2
NEWS_54438,4
NEWS_54439,3
NEWS_54440,3
NEWS_54441,5
NEWS_54442,4
NEWS_54443,0
NEWS_54444,5
NEWS_54445,4
NEWS_54446,1
NEWS_54447,1
NEWS_54448,3
NEWS_54449,1
NEWS_54450,5
NEWS_54451,1
NEWS_54452,5
NEWS_54453,1
NEWS_54454,1
NEWS_54455,4
NEWS_54456,1
NEWS_54457,1
NEWS_54458,4
NEWS_54459,3
NEWS_54460,3
NEWS_54461,3
NEWS_54462,4
NEWS_54463,4
NEWS_54464,4
NEWS_54465,4
NEWS_54466,3
NEWS_54467,5
NEWS_54468,4
NEWS_54469,4
NEWS_54470,4
NEWS_54471,4
NEWS_54472,4
NEWS_54473,2
NEWS_54474,4
NEWS_54475,5
NEWS_54476,1
NEWS_54477,4
NEWS_54478,4
NEWS_54479,1
NEWS_54480,4
NEWS_54481,4
NEWS_54482,4
NEWS_54483,4
NEWS_54484,4
NEWS_54485,4
NEWS_54486,0
NEWS_54487,3
NEWS_54488,5
NEWS_54489,4
NEWS_54490,3
NEWS_54491,3
NEWS_54492,4
NEWS_54493,4
NEWS_54494,1
NEWS_54495,1
NEWS_54496,2
NEWS_54497,4
NEWS_54498,3
NEWS_54499,4
NEWS_54500,0
NEWS_54501,1
NEWS_54502,2
NEWS_54503,4
NEWS_54504,2
NEWS_54505,4
NEWS_54506,4
NEWS_54507,4
NEWS_54508,0
NEWS_54509,5
NEWS_54510,2
NEWS_54511,5
NEWS_54512,2
NEWS_54513,4
NEWS_54514,3
NEWS_54515,4
NEWS_54516,2
NEWS_54517,4
NEWS_54518,1
NEWS_54519,3
NEWS_54520,5
NEWS_54521,4
NEWS_54522,4
NEWS_54523,2
NEWS_54524,1
NEWS_54525,1
NEWS_54526,2
NEWS_54527,5
NEWS_54528,2
NEWS_54529,4
NEWS_54530,1
NEWS_54531,3
NEWS_54532,1
NEWS_54533,1
NEWS_54534,4
NEWS_54535,4
NEWS_54536,4
NEWS_54537,4
NEWS_54538,4
NEWS_54539,3
NEWS_54540,5
NEWS_54541,1
NEWS_54542,3
NEWS_54543,3
NEWS_54544,1
NEWS_54545,1
NEWS_54546,3
NEWS_54547,0
NEWS_54548,4
NEWS_54549,2
NEWS_54550,5
NEWS_54551,1
NEWS_54552,3
NEWS_54553,4
NEWS_54554,4
NEWS_54555,4
NEWS_54556,0
NEWS_54557,5
NEWS_54558,5
NEWS_54559,4
NEWS_54560,2
NEWS_54561,1
NEWS_54562,2
NEWS_54563,0
NEWS_54564,1
NEWS_54565,1
NEWS_54566,4
NEWS_54567,1
NEWS_54568,4
NEWS_54569,2
NEWS_54570,3
NEWS_54571,2
NEWS_54572,0
NEWS_54573,4
NEWS_54574,3
NEWS_54575,1
NEWS_54576,1
NEWS_54577,2
NEWS_54578,4
NEWS_54579,1
NEWS_54580,4
NEWS_54581,1
NEWS_54582,4
NEWS_54583,2
NEWS_54584,3
NEWS_54585,3
NEWS_54586,2
NEWS_54587,1
NEWS_54588,4
NEWS_54589,4
NEWS_54590,4
NEWS_54591,1
NEWS_54592,5
NEWS_54593,4
NEWS_54594,2
NEWS_54595,4
NEWS_54596,0
NEWS_54597,5
NEWS_54598,1
NEWS_54599,1
NEWS_54600,3
NEWS_54601,4
NEWS_54602,2
NEWS_54603,2
NEWS_54604,4
NEWS_54605,5
NEWS_54606,1
NEWS_54607,4
NEWS_54608,0
NEWS_54609,1
NEWS_54610,2
NEWS_54611,2
NEWS_54612,1
NEWS_54613,4
NEWS_54614,3
NEWS_54615,4
NEWS_54616,0
NEWS_54617,1
NEWS_54618,3
NEWS_54619,3
NEWS_54620,4
NEWS_54621,4
NEWS_54622,3
NEWS_54623,4
NEWS_54624,2
NEWS_54625,5
NEWS_54626,4
NEWS_54627,5
NEWS_54628,1
NEWS_54629,2
NEWS_54630,4
NEWS_54631,1
NEWS_54632,1
NEWS_54633,4
NEWS_54634,4
NEWS_54635,1
NEWS_54636,3
NEWS_54637,3
NEWS_54638,4
NEWS_54639,4
NEWS_54640,4
NEWS_54641,2
NEWS_54642,2
NEWS_54643,4
NEWS_54644,2
NEWS_54645,1
NEWS_54646,2
NEWS_54647,3
NEWS_54648,5
NEWS_54649,3
NEWS_54650,5
NEWS_54651,1
NEWS_54652,0
NEWS_54653,4
NEWS_54654,3
NEWS_54655,4
NEWS_54656,4
NEWS_54657,1
NEWS_54658,4
NEWS_54659,1
NEWS_54660,4
NEWS_54661,4
NEWS_54662,3
NEWS_54663,4
NEWS_54664,4
NEWS_54665,0
NEWS_54666,4
NEWS_54667,4
NEWS_54668,4
NEWS_54669,1
NEWS_54670,2
NEWS_54671,1
NEWS_54672,3
NEWS_54673,3
NEWS_54674,3
NEWS_54675,1
NEWS_54676,1
NEWS_54677,5
NEWS_54678,1
NEWS_54679,5
NEWS_54680,1
NEWS_54681,1
NEWS_54682,5
NEWS_54683,1
NEWS_54684,3
NEWS_54685,5
NEWS_54686,4
NEWS_54687,3
NEWS_54688,0
NEWS_54689,4
NEWS_54690,4
NEWS_54691,2
NEWS_54692,1
NEWS_54693,2
NEWS_54694,3
NEWS_54695,4
NEWS_54696,5
NEWS_54697,5
NEWS_54698,3
NEWS_54699,4
NEWS_54700,1
NEWS_54701,4
NEWS_54702,4
NEWS_54703,4
NEWS_54704,3
NEWS_54705,5
NEWS_54706,2
NEWS_54707,2
NEWS_54708,4
NEWS_54709,1
NEWS_54710,5
NEWS_54711,5
NEWS_54712,1
NEWS_54713,5
NEWS_54714,1
NEWS_54715,3
NEWS_54716,4
NEWS_54717,3
NEWS_54718,5
NEWS_54719,5
NEWS_54720,4
NEWS_54721,1
NEWS_54722,0
NEWS_54723,4
NEWS_54724,4
NEWS_54725,5
NEWS_54726,4
NEWS_54727,4
NEWS_54728,1
NEWS_54729,1
NEWS_54730,3
NEWS_54731,1
NEWS_54732,4
NEWS_54733,4
NEWS_54734,4
NEWS_54735,1
NEWS_54736,1
NEWS_54737,4
NEWS_54738,3
NEWS_54739,4
NEWS_54740,5
NEWS_54741,5
NEWS_54742,5
NEWS_54743,3
NEWS_54744,3
NEWS_54745,4
NEWS_54746,1
NEWS_54747,3
NEWS_54748,4
NEWS_54749,4
NEWS_54750,0
NEWS_54751,4
NEWS_54752,2
NEWS_54753,3
NEWS_54754,4
NEWS_54755,1
NEWS_54756,5
NEWS_54757,1
NEWS_54758,4
NEWS_54759,1
NEWS_54760,5
NEWS_54761,1
NEWS_54762,3
NEWS_54763,4
NEWS_54764,3
NEWS_54765,0
NEWS_54766,2
NEWS_54767,1
NEWS_54768,3
NEWS_54769,3
NEWS_54770,4
NEWS_54771,5
NEWS_54772,3
NEWS_54773,5
NEWS_54774,5
NEWS_54775,3
NEWS_54776,4
NEWS_54777,5
NEWS_54778,1
NEWS_54779,5
NEWS_54780,5
NEWS_54781,5
NEWS_54782,4
NEWS_54783,4
NEWS_54784,3
NEWS_54785,3
NEWS_54786,3
NEWS_54787,1
NEWS_54788,1
NEWS_54789,4
NEWS_54790,4
NEWS_54791,1
NEWS_54792,3
NEWS_54793,2
NEWS_54794,3
NEWS_54795,0
NEWS_54796,1
NEWS_54797,4
NEWS_54798,3
NEWS_54799,4
NEWS_54800,4
NEWS_54801,4
NEWS_54802,3
NEWS_54803,2
NEWS_54804,1
NEWS_54805,5
NEWS_54806,1
NEWS_54807,3
NEWS_54808,3
NEWS_54809,1
NEWS_54810,1
NEWS_54811,2
NEWS_54812,3
NEWS_54813,4
NEWS_54814,3
NEWS_54815,5
NEWS_54816,5
NEWS_54817,4
NEWS_54818,1
NEWS_54819,3
NEWS_54820,5
NEWS_54821,5
NEWS_54822,1
NEWS_54823,2
NEWS_54824,2
NEWS_54825,4
NEWS_54826,1
NEWS_54827,4
NEWS_54828,5
NEWS_54829,2
NEWS_54830,1
NEWS_54831,4
NEWS_54832,5
NEWS_54833,5
NEWS_54834,4
NEWS_54835,2
NEWS_54836,2
NEWS_54837,4
NEWS_54838,5
NEWS_54839,1
NEWS_54840,3
NEWS_54841,5
NEWS_54842,4
NEWS_54843,0
NEWS_54844,3
NEWS_54845,3
NEWS_54846,3
NEWS_54847,1
NEWS_54848,4
NEWS_54849,2
NEWS_54850,3
NEWS_54851,5
NEWS_54852,4
NEWS_54853,4
NEWS_54854,3
NEWS_54855,3
NEWS_54856,1
NEWS_54857,5
NEWS_54858,4
NEWS_54859,4
NEWS_54860,5
NEWS_54861,4
NEWS_54862,4
NEWS_54863,1
NEWS_54864,3
NEWS_54865,1
NEWS_54866,4
NEWS_54867,4
NEWS_54868,1
NEWS_54869,4
NEWS_54870,3
NEWS_54871,3
NEWS_54872,5
NEWS_54873,4
NEWS_54874,1
NEWS_54875,3
NEWS_54876,3
NEWS_54877,4
NEWS_54878,4
NEWS_54879,1
NEWS_54880,4
NEWS_54881,3
NEWS_54882,1
NEWS_54883,3
NEWS_54884,2
NEWS_54885,4
NEWS_54886,5
NEWS_54887,1
NEWS_54888,3
NEWS_54889,3
NEWS_54890,1
NEWS_54891,3
NEWS_54892,1
NEWS_54893,4
NEWS_54894,5
NEWS_54895,4
NEWS_54896,4
NEWS_54897,2
NEWS_54898,4
NEWS_54899,5
NEWS_54900,4
NEWS_54901,3
NEWS_54902,4
NEWS_54903,5
NEWS_54904,5
NEWS_54905,3
NEWS_54906,3
NEWS_54907,2
NEWS_54908,4
NEWS_54909,4
NEWS_54910,4
NEWS_54911,4
NEWS_54912,5
NEWS_54913,3
NEWS_54914,3
NEWS_54915,3
NEWS_54916,4
NEWS_54917,3
NEWS_54918,5
NEWS_54919,0
NEWS_54920,3
NEWS_54921,4
NEWS_54922,2
NEWS_54923,2
NEWS_54924,3
NEWS_54925,2
NEWS_54926,1
NEWS_54927,5
NEWS_54928,0
NEWS_54929,3
NEWS_54930,5
NEWS_54931,3
NEWS_54932,3
NEWS_54933,4
NEWS_54934,4
NEWS_54935,4
NEWS_54936,2
NEWS_54937,3
NEWS_54938,3
NEWS_54939,1
NEWS_54940,1
NEWS_54941,4
NEWS_54942,1
NEWS_54943,4
NEWS_54944,1
NEWS_54945,4
NEWS_54946,3
NEWS_54947,4
NEWS_54948,4
NEWS_54949,2
NEWS_54950,2
NEWS_54951,1
NEWS_54952,3
NEWS_54953,1
NEWS_54954,3
NEWS_54955,3
NEWS_54956,2
NEWS_54957,5
NEWS_54958,5
NEWS_54959,5
NEWS_54960,5
NEWS_54961,3
NEWS_54962,4
NEWS_54963,2
NEWS_54964,4
NEWS_54965,1
NEWS_54966,4
NEWS_54967,1
NEWS_54968,4
NEWS_54969,3
NEWS_54970,3
NEWS_54971,1
NEWS_54972,5
NEWS_54973,0
NEWS_54974,4
NEWS_54975,1
NEWS_54976,1
NEWS_54977,2
NEWS_54978,3
NEWS_54979,4
NEWS_54980,5
NEWS_54981,2
NEWS_54982,1
NEWS_54983,5
NEWS_54984,2
NEWS_54985,1
NEWS_54986,5
NEWS_54987,4
NEWS_54988,3
NEWS_54989,2
NEWS_54990,4
NEWS_54991,3
NEWS_54992,4
NEWS_54993,4
NEWS_54994,5
NEWS_54995,1
NEWS_54996,2
NEWS_54997,4
NEWS_54998,1
NEWS_54999,3
NEWS_55000,5
NEWS_55001,2
NEWS_55002,1
NEWS_55003,1
NEWS_55004,4
NEWS_55005,5
NEWS_55006,3
NEWS_55007,5
NEWS_55008,3
NEWS_55009,4
NEWS_55010,3
NEWS_55011,4
NEWS_55012,0
NEWS_55013,2
NEWS_55014,4
NEWS_55015,2
NEWS_55016,3
NEWS_55017,1
NEWS_55018,4
NEWS_55019,3
NEWS_55020,1
NEWS_55021,5
NEWS_55022,1
NEWS_55023,3
NEWS_55024,5
NEWS_55025,3
NEWS_55026,4
NEWS_55027,3
NEWS_55028,3
NEWS_55029,2
NEWS_55030,4
NEWS_55031,5
NEWS_55032,1
NEWS_55033,4
NEWS_55034,4
NEWS_55035,4
NEWS_55036,5
NEWS_55037,4
NEWS_55038,5
NEWS_55039,2
NEWS_55040,1
NEWS_55041,2
NEWS_55042,5
NEWS_55043,1
NEWS_55044,2
NEWS_55045,1
NEWS_55046,4
NEWS_55047,4
NEWS_55048,0
NEWS_55049,4
NEWS_55050,2
NEWS_55051,5
NEWS_55052,4
NEWS_55053,5
NEWS_55054,3
NEWS_55055,4
NEWS_55056,2
NEWS_55057,0
NEWS_55058,3
NEWS_55059,2
NEWS_55060,2
NEWS_55061,2
NEWS_55062,4
NEWS_55063,2
NEWS_55064,3
NEWS_55065,0
NEWS_55066,1
NEWS_55067,1
NEWS_55068,4
NEWS_55069,4
NEWS_55070,5
NEWS_55071,4
NEWS_55072,1
NEWS_55073,2
NEWS_55074,1
NEWS_55075,3
NEWS_55076,5
NEWS_55077,4
NEWS_55078,4
NEWS_55079,1
NEWS_55080,3
NEWS_55081,4
NEWS_55082,1
NEWS_55083,4
NEWS_55084,5
NEWS_55085,2
NEWS_55086,1
NEWS_55087,4
NEWS_55088,2
NEWS_55089,4
NEWS_55090,5
NEWS_55091,3
NEWS_55092,5
NEWS_55093,4
NEWS_55094,2
NEWS_55095,3
NEWS_55096,3
NEWS_55097,3
NEWS_55098,2
NEWS_55099,0
NEWS_55100,5
NEWS_55101,4
NEWS_55102,3
NEWS_55103,4
NEWS_55104,3
NEWS_55105,4
NEWS_55106,4
NEWS_55107,4
NEWS_55108,2
NEWS_55109,4
NEWS_55110,1
NEWS_55111,3
NEWS_55112,4
NEWS_55113,4
NEWS_55114,4
NEWS_55115,1
NEWS_55116,0
NEWS_55117,1
NEWS_55118,1
NEWS_55119,3
NEWS_55120,1
NEWS_55121,5
NEWS_55122,5
NEWS_55123,1
NEWS_55124,3
NEWS_55125,4
NEWS_55126,3
NEWS_55127,5
NEWS_55128,4
NEWS_55129,5
NEWS_55130,3
NEWS_55131,2
NEWS_55132,3
NEWS_55133,1
NEWS_55134,5
NEWS_55135,3
NEWS_55136,0
NEWS_55137,3
NEWS_55138,4
NEWS_55139,4
NEWS_55140,5
NEWS_55141,5
NEWS_55142,5
NEWS_55143,3
NEWS_55144,2
NEWS_55145,1
NEWS_55146,5
NEWS_55147,4
NEWS_55148,2
NEWS_55149,3
NEWS_55150,1
NEWS_55151,5
NEWS_55152,3
NEWS_55153,5
NEWS_55154,5
NEWS_55155,2
NEWS_55156,3
NEWS_55157,5
NEWS_55158,1
NEWS_55159,4
NEWS_55160,5
NEWS_55161,4
NEWS_55162,4
NEWS_55163,1
NEWS_55164,5
NEWS_55165,1
NEWS_55166,1
NEWS_55167,3
NEWS_55168,5
NEWS_55169,5
NEWS_55170,1
NEWS_55171,2
NEWS_55172,4
NEWS_55173,3
NEWS_55174,3
NEWS_55175,1
NEWS_55176,1
NEWS_55177,2
NEWS_55178,1
NEWS_55179,4
NEWS_55180,5
NEWS_55181,1
NEWS_55182,4
NEWS_55183,3
NEWS_55184,2
NEWS_55185,4
NEWS_55186,3
NEWS_55187,4
NEWS_55188,5
NEWS_55189,4
NEWS_55190,1
NEWS_55191,3
NEWS_55192,1
NEWS_55193,3
NEWS_55194,3
NEWS_55195,3
NEWS_55196,4
NEWS_55197,4
NEWS_55198,1
NEWS_55199,5
NEWS_55200,3
NEWS_55201,5
NEWS_55202,3
NEWS_55203,1
NEWS_55204,5
NEWS_55205,4
NEWS_55206,2
NEWS_55207,1
NEWS_55208,3
NEWS_55209,4
NEWS_55210,4
NEWS_55211,4
NEWS_55212,3
NEWS_55213,5
NEWS_55214,4
NEWS_55215,5
NEWS_55216,4
NEWS_55217,1
NEWS_55218,4
NEWS_55219,3
NEWS_55220,4
NEWS_55221,3
NEWS_55222,2
NEWS_55223,1
NEWS_55224,1
NEWS_55225,1
NEWS_55226,5
NEWS_55227,4
NEWS_55228,2
NEWS_55229,4
NEWS_55230,4
NEWS_55231,4
NEWS_55232,3
NEWS_55233,5
NEWS_55234,0
NEWS_55235,2
NEWS_55236,4
NEWS_55237,0
NEWS_55238,5
NEWS_55239,5
NEWS_55240,4
NEWS_55241,2
NEWS_55242,4
NEWS_55243,3
NEWS_55244,5
NEWS_55245,1
NEWS_55246,5
NEWS_55247,3
NEWS_55248,2
NEWS_55249,5
NEWS_55250,3
NEWS_55251,4
NEWS_55252,1
NEWS_55253,3
NEWS_55254,5
NEWS_55255,1
NEWS_55256,4
NEWS_55257,2
NEWS_55258,3
NEWS_55259,4
NEWS_55260,4
NEWS_55261,4
NEWS_55262,4
NEWS_55263,3
NEWS_55264,4
NEWS_55265,4
NEWS_55266,3
NEWS_55267,4
NEWS_55268,1
NEWS_55269,4
NEWS_55270,1
NEWS_55271,1
NEWS_55272,1
NEWS_55273,2
NEWS_55274,2
NEWS_55275,1
NEWS_55276,1
NEWS_55277,4
NEWS_55278,4
NEWS_55279,4
NEWS_55280,4
NEWS_55281,4
NEWS_55282,4
NEWS_55283,1
NEWS_55284,0
NEWS_55285,3
NEWS_55286,2
NEWS_55287,1
NEWS_55288,4
NEWS_55289,5
NEWS_55290,1
NEWS_55291,2
NEWS_55292,1
NEWS_55293,4
NEWS_55294,4
NEWS_55295,3
NEWS_55296,5
NEWS_55297,3
NEWS_55298,4
NEWS_55299,5
NEWS_55300,4
NEWS_55301,2
NEWS_55302,3
NEWS_55303,4
NEWS_55304,1
NEWS_55305,4
NEWS_55306,4
NEWS_55307,1
NEWS_55308,4
NEWS_55309,4
NEWS_55310,1
NEWS_55311,1
NEWS_55312,5
NEWS_55313,4
NEWS_55314,5
NEWS_55315,1
NEWS_55316,1
NEWS_55317,1
NEWS_55318,4
NEWS_55319,1
NEWS_55320,4
NEWS_55321,0
NEWS_55322,3
NEWS_55323,3
NEWS_55324,4
NEWS_55325,4
NEWS_55326,2
NEWS_55327,3
NEWS_55328,3
NEWS_55329,3
NEWS_55330,1
NEWS_55331,5
NEWS_55332,5
NEWS_55333,2
NEWS_55334,4
NEWS_55335,5
NEWS_55336,1
NEWS_55337,3
NEWS_55338,5
NEWS_55339,3
NEWS_55340,1
NEWS_55341,1
NEWS_55342,4
NEWS_55343,4
NEWS_55344,3
NEWS_55345,2
NEWS_55346,5
NEWS_55347,3
NEWS_55348,4
NEWS_55349,4
NEWS_55350,4
NEWS_55351,5
NEWS_55352,2
NEWS_55353,4
NEWS_55354,4
NEWS_55355,3
NEWS_55356,4
NEWS_55357,3
NEWS_55358,2
NEWS_55359,2
NEWS_55360,4
NEWS_55361,4
NEWS_55362,3
NEWS_55363,2
NEWS_55364,1
NEWS_55365,5
NEWS_55366,1
NEWS_55367,1
NEWS_55368,5
NEWS_55369,4
NEWS_55370,3
NEWS_55371,5
NEWS_55372,4
NEWS_55373,0
NEWS_55374,1
NEWS_55375,0
NEWS_55376,1
NEWS_55377,2
NEWS_55378,4
NEWS_55379,3
NEWS_55380,1
NEWS_55381,1
NEWS_55382,3
NEWS_55383,0
NEWS_55384,2
NEWS_55385,4
NEWS_55386,1
NEWS_55387,3
NEWS_55388,5
NEWS_55389,1
NEWS_55390,1
NEWS_55391,0
NEWS_55392,1
NEWS_55393,1
NEWS_55394,5
NEWS_55395,4
NEWS_55396,4
NEWS_55397,4
NEWS_55398,0
NEWS_55399,4
NEWS_55400,1
NEWS_55401,4
NEWS_55402,2
NEWS_55403,5
NEWS_55404,1
NEWS_55405,1
NEWS_55406,5
NEWS_55407,5
NEWS_55408,1
NEWS_55409,3
NEWS_55410,0
NEWS_55411,3
NEWS_55412,3
NEWS_55413,2
NEWS_55414,4
NEWS_55415,1
NEWS_55416,3
NEWS_55417,1
NEWS_55418,1
NEWS_55419,5
NEWS_55420,4
NEWS_55421,4
NEWS_55422,0
NEWS_55423,4
NEWS_55424,4
NEWS_55425,4
NEWS_55426,1
NEWS_55427,4
NEWS_55428,2
NEWS_55429,0
NEWS_55430,4
NEWS_55431,2
NEWS_55432,4
NEWS_55433,4
NEWS_55434,3
NEWS_55435,3
NEWS_55436,4
NEWS_55437,4
NEWS_55438,1
NEWS_55439,1
NEWS_55440,5
NEWS_55441,0
NEWS_55442,4
NEWS_55443,2
NEWS_55444,1
NEWS_55445,3
NEWS_55446,1
NEWS_55447,3
NEWS_55448,4
NEWS_55449,4
NEWS_55450,3
NEWS_55451,4
NEWS_55452,4
NEWS_55453,5
NEWS_55454,1
NEWS_55455,4
NEWS_55456,3
NEWS_55457,4
NEWS_55458,3
NEWS_55459,4
NEWS_55460,4
NEWS_55461,2
NEWS_55462,1
NEWS_55463,4
NEWS_55464,1
NEWS_55465,2
NEWS_55466,0
NEWS_55467,3
NEWS_55468,0
NEWS_55469,1
NEWS_55470,5
NEWS_55471,0
NEWS_55472,4
NEWS_55473,4
NEWS_55474,1
NEWS_55475,0
NEWS_55476,5
NEWS_55477,1
NEWS_55478,4
NEWS_55479,3
NEWS_55480,4
NEWS_55481,1
NEWS_55482,4
NEWS_55483,5
NEWS_55484,1
NEWS_55485,0
NEWS_55486,4
NEWS_55487,5
NEWS_55488,2
NEWS_55489,4
NEWS_55490,4
NEWS_55491,1
NEWS_55492,3
NEWS_55493,2
NEWS_55494,3
NEWS_55495,1
NEWS_55496,2
NEWS_55497,0
NEWS_55498,5
NEWS_55499,0
NEWS_55500,1
NEWS_55501,5
NEWS_55502,4
NEWS_55503,1
NEWS_55504,2
NEWS_55505,2
NEWS_55506,5
NEWS_55507,1
NEWS_55508,1
NEWS_55509,3
NEWS_55510,5
NEWS_55511,3
NEWS_55512,1
NEWS_55513,3
NEWS_55514,4
NEWS_55515,3
NEWS_55516,5
NEWS_55517,1
NEWS_55518,0
NEWS_55519,2
NEWS_55520,1
NEWS_55521,5
NEWS_55522,5
NEWS_55523,1
NEWS_55524,4
NEWS_55525,4
NEWS_55526,2
NEWS_55527,2
NEWS_55528,5
NEWS_55529,4
NEWS_55530,2
NEWS_55531,1
NEWS_55532,3
NEWS_55533,4
NEWS_55534,4
NEWS_55535,1
NEWS_55536,4
NEWS_55537,3
NEWS_55538,3
NEWS_55539,1
NEWS_55540,4
NEWS_55541,4
NEWS_55542,4
NEWS_55543,4
NEWS_55544,4
NEWS_55545,4
NEWS_55546,3
NEWS_55547,4
NEWS_55548,0
NEWS_55549,4
NEWS_55550,4
NEWS_55551,2
NEWS_55552,1
NEWS_55553,2
NEWS_55554,4
NEWS_55555,1
NEWS_55556,1
NEWS_55557,1
NEWS_55558,1
NEWS_55559,4
NEWS_55560,4
NEWS_55561,3
NEWS_55562,5
NEWS_55563,2
NEWS_55564,4
NEWS_55565,4
NEWS_55566,1
NEWS_55567,2
NEWS_55568,4
NEWS_55569,1
NEWS_55570,4
NEWS_55571,4
NEWS_55572,1
NEWS_55573,0
NEWS_55574,3
NEWS_55575,1
NEWS_55576,4
NEWS_55577,3
NEWS_55578,4
NEWS_55579,4
NEWS_55580,1
NEWS_55581,2
NEWS_55582,4
NEWS_55583,5
NEWS_55584,5
NEWS_55585,4
NEWS_55586,3
NEWS_55587,5
NEWS_55588,1
NEWS_55589,1
NEWS_55590,4
NEWS_55591,5
NEWS_55592,5
NEWS_55593,3
NEWS_55594,0
NEWS_55595,4
NEWS_55596,4
NEWS_55597,4
NEWS_55598,1
NEWS_55599,4
NEWS_55600,4
NEWS_55601,1
NEWS_55602,5
NEWS_55603,1
NEWS_55604,1
NEWS_55605,4
NEWS_55606,5
NEWS_55607,4
NEWS_55608,1
NEWS_55609,2
NEWS_55610,3
NEWS_55611,0
NEWS_55612,4
NEWS_55613,4
NEWS_55614,3
NEWS_55615,3
NEWS_55616,0
NEWS_55617,1
NEWS_55618,5
NEWS_55619,3
NEWS_55620,4
NEWS_55621,5
NEWS_55622,4
NEWS_55623,0
NEWS_55624,4
NEWS_55625,1
NEWS_55626,4
NEWS_55627,1
NEWS_55628,1
NEWS_55629,3
NEWS_55630,4
NEWS_55631,4
NEWS_55632,1
NEWS_55633,4
NEWS_55634,4
NEWS_55635,4
NEWS_55636,4
NEWS_55637,2
NEWS_55638,1
NEWS_55639,4
NEWS_55640,1
NEWS_55641,2
NEWS_55642,1
NEWS_55643,4
NEWS_55644,3
NEWS_55645,2
NEWS_55646,4
NEWS_55647,0
NEWS_55648,2
NEWS_55649,3
NEWS_55650,5
NEWS_55651,4
NEWS_55652,4
NEWS_55653,5
NEWS_55654,1
NEWS_55655,3
NEWS_55656,1
NEWS_55657,4
NEWS_55658,3
NEWS_55659,5
NEWS_55660,4
NEWS_55661,3
NEWS_55662,2
NEWS_55663,1
NEWS_55664,3
NEWS_55665,5
NEWS_55666,2
NEWS_55667,5
NEWS_55668,0
NEWS_55669,2
NEWS_55670,3
NEWS_55671,2
NEWS_55672,1
NEWS_55673,3
NEWS_55674,5
NEWS_55675,2
NEWS_55676,1
NEWS_55677,0
NEWS_55678,1
NEWS_55679,1
NEWS_55680,4
NEWS_55681,4
NEWS_55682,4
NEWS_55683,1
NEWS_55684,5
NEWS_55685,1
NEWS_55686,1
NEWS_55687,4
NEWS_55688,5
NEWS_55689,1
NEWS_55690,3
NEWS_55691,4
NEWS_55692,3
NEWS_55693,4
NEWS_55694,4
NEWS_55695,5
NEWS_55696,4
NEWS_55697,3
NEWS_55698,4
NEWS_55699,2
NEWS_55700,4
NEWS_55701,5
NEWS_55702,4
NEWS_55703,1
NEWS_55704,4
NEWS_55705,3
NEWS_55706,0
NEWS_55707,3
NEWS_55708,4
NEWS_55709,4
NEWS_55710,4
NEWS_55711,2
NEWS_55712,1
NEWS_55713,3
NEWS_55714,3
NEWS_55715,3
NEWS_55716,3
NEWS_55717,4
NEWS_55718,1
NEWS_55719,4
NEWS_55720,5
NEWS_55721,4
NEWS_55722,1
NEWS_55723,3
NEWS_55724,5
NEWS_55725,5
NEWS_55726,1
NEWS_55727,2
NEWS_55728,0
NEWS_55729,1
NEWS_55730,2
NEWS_55731,4
NEWS_55732,3
NEWS_55733,2
NEWS_55734,5
NEWS_55735,3
NEWS_55736,1
NEWS_55737,4
NEWS_55738,4
NEWS_55739,4
NEWS_55740,1
NEWS_55741,3
NEWS_55742,0
NEWS_55743,1
NEWS_55744,5
NEWS_55745,1
NEWS_55746,5
NEWS_55747,4
NEWS_55748,2
NEWS_55749,2
NEWS_55750,2
NEWS_55751,4
NEWS_55752,4
NEWS_55753,2
NEWS_55754,1
NEWS_55755,4
NEWS_55756,1
NEWS_55757,4
NEWS_55758,4
NEWS_55759,3
NEWS_55760,3
NEWS_55761,4
NEWS_55762,4
NEWS_55763,4
NEWS_55764,5
NEWS_55765,3
NEWS_55766,3
NEWS_55767,1
NEWS_55768,1
NEWS_55769,2
NEWS_55770,2
NEWS_55771,3
NEWS_55772,4
NEWS_55773,3
NEWS_55774,4
NEWS_55775,4
NEWS_55776,2
NEWS_55777,3
NEWS_55778,5
NEWS_55779,4
NEWS_55780,4
NEWS_55781,1
NEWS_55782,0
NEWS_55783,5
NEWS_55784,4
NEWS_55785,5
NEWS_55786,4
NEWS_55787,4
NEWS_55788,0
NEWS_55789,4
NEWS_55790,4
NEWS_55791,4
NEWS_55792,4
NEWS_55793,4
NEWS_55794,5
NEWS_55795,1
NEWS_55796,3
NEWS_55797,3
NEWS_55798,4
NEWS_55799,4
NEWS_55800,3
NEWS_55801,5
NEWS_55802,3
NEWS_55803,5
NEWS_55804,1
NEWS_55805,3
NEWS_55806,3
NEWS_55807,4
NEWS_55808,4
NEWS_55809,3
NEWS_55810,3
NEWS_55811,4
NEWS_55812,3
NEWS_55813,5
NEWS_55814,5
NEWS_55815,4
NEWS_55816,5
NEWS_55817,5
NEWS_55818,3
NEWS_55819,4
NEWS_55820,3
NEWS_55821,4
NEWS_55822,1
NEWS_55823,3
NEWS_55824,4
NEWS_55825,1
NEWS_55826,5
NEWS_55827,4
NEWS_55828,3
NEWS_55829,4
NEWS_55830,4
NEWS_55831,1
NEWS_55832,3
NEWS_55833,1
NEWS_55834,2
NEWS_55835,5
NEWS_55836,2
NEWS_55837,1
NEWS_55838,4
NEWS_55839,3
NEWS_55840,1
NEWS_55841,3
NEWS_55842,5
NEWS_55843,1
NEWS_55844,0
NEWS_55845,4
NEWS_55846,1
NEWS_55847,4
NEWS_55848,1
NEWS_55849,3
NEWS_55850,4
NEWS_55851,3
NEWS_55852,4
NEWS_55853,3
NEWS_55854,1
NEWS_55855,3
NEWS_55856,2
NEWS_55857,2
NEWS_55858,3
NEWS_55859,5
NEWS_55860,1
NEWS_55861,3
NEWS_55862,5
NEWS_55863,4
NEWS_55864,3
NEWS_55865,3
NEWS_55866,4
NEWS_55867,4
NEWS_55868,0
NEWS_55869,4
NEWS_55870,1
NEWS_55871,4
NEWS_55872,1
NEWS_55873,5
NEWS_55874,1
NEWS_55875,2
NEWS_55876,1
NEWS_55877,1
NEWS_55878,5
NEWS_55879,4
NEWS_55880,4
NEWS_55881,1
NEWS_55882,4
NEWS_55883,4
NEWS_55884,1
NEWS_55885,2
NEWS_55886,1
NEWS_55887,3
NEWS_55888,2
NEWS_55889,4
NEWS_55890,4
NEWS_55891,1
NEWS_55892,2
NEWS_55893,3
NEWS_55894,1
NEWS_55895,2
NEWS_55896,1
NEWS_55897,5
NEWS_55898,2
NEWS_55899,5
NEWS_55900,4
NEWS_55901,4
NEWS_55902,4
NEWS_55903,4
NEWS_55904,4
NEWS_55905,4
NEWS_55906,3
NEWS_55907,1
NEWS_55908,5
NEWS_55909,4
NEWS_55910,4
NEWS_55911,4
NEWS_55912,3
NEWS_55913,1
NEWS_55914,2
NEWS_55915,0
NEWS_55916,5
NEWS_55917,1
NEWS_55918,5
NEWS_55919,5
NEWS_55920,3
NEWS_55921,4
NEWS_55922,3
NEWS_55923,3
NEWS_55924,3
NEWS_55925,3
NEWS_55926,2
NEWS_55927,1
NEWS_55928,2
NEWS_55929,4
NEWS_55930,4
NEWS_55931,3
NEWS_55932,2
NEWS_55933,0
NEWS_55934,3
NEWS_55935,3
NEWS_55936,3
NEWS_55937,2
NEWS_55938,3
NEWS_55939,2
NEWS_55940,1
NEWS_55941,4
NEWS_55942,2
NEWS_55943,4
NEWS_55944,3
NEWS_55945,3
NEWS_55946,0
NEWS_55947,2
NEWS_55948,1
NEWS_55949,0
NEWS_55950,4
NEWS_55951,1
NEWS_55952,1
NEWS_55953,4
NEWS_55954,1
NEWS_55955,4
NEWS_55956,5
NEWS_55957,4
NEWS_55958,3
NEWS_55959,1
NEWS_55960,4
NEWS_55961,5
NEWS_55962,4
NEWS_55963,3
NEWS_55964,3
NEWS_55965,4
NEWS_55966,3
NEWS_55967,5
NEWS_55968,1
NEWS_55969,1
NEWS_55970,4
NEWS_55971,4
NEWS_55972,4
NEWS_55973,1
NEWS_55974,4
NEWS_55975,1
NEWS_55976,2
NEWS_55977,1
NEWS_55978,4
NEWS_55979,2
NEWS_55980,2
NEWS_55981,2
NEWS_55982,1
NEWS_55983,2
NEWS_55984,4
NEWS_55985,1
NEWS_55986,2
NEWS_55987,1
NEWS_55988,2
NEWS_55989,3
NEWS_55990,3
NEWS_55991,5
NEWS_55992,1
NEWS_55993,3
NEWS_55994,3
NEWS_55995,1
NEWS_55996,4
NEWS_55997,2
NEWS_55998,3
NEWS_55999,4
NEWS_56000,4
NEWS_56001,4
NEWS_56002,3
NEWS_56003,3
NEWS_56004,1
NEWS_56005,5
NEWS_56006,5
NEWS_56007,4
NEWS_56008,2
NEWS_56009,3
NEWS_56010,5
NEWS_56011,4
NEWS_56012,0
NEWS_56013,5
NEWS_56014,4
NEWS_56015,3
NEWS_56016,4
NEWS_56017,3
NEWS_56018,4
NEWS_56019,1
NEWS_56020,5
NEWS_56021,0
NEWS_56022,4
NEWS_56023,4
NEWS_56024,0
NEWS_56025,2
NEWS_56026,4
NEWS_56027,1
NEWS_56028,5
NEWS_56029,5
NEWS_56030,1
NEWS_56031,0
NEWS_56032,0
NEWS_56033,2
NEWS_56034,3
NEWS_56035,1
NEWS_56036,4
NEWS_56037,0
NEWS_56038,1
NEWS_56039,3
NEWS_56040,2
NEWS_56041,1
NEWS_56042,3
NEWS_56043,3
NEWS_56044,0
NEWS_56045,3
NEWS_56046,3
NEWS_56047,4
NEWS_56048,4
NEWS_56049,0
NEWS_56050,2
NEWS_56051,3
NEWS_56052,4
NEWS_56053,3
NEWS_56054,4
NEWS_56055,4
NEWS_56056,1
NEWS_56057,3
NEWS_56058,3
NEWS_56059,1
NEWS_56060,0
NEWS_56061,1
NEWS_56062,4
NEWS_56063,1
NEWS_56064,4
NEWS_56065,3
NEWS_56066,1
NEWS_56067,1
NEWS_56068,4
NEWS_56069,4
NEWS_56070,3
NEWS_56071,4
NEWS_56072,3
NEWS_56073,1
NEWS_56074,4
NEWS_56075,2
NEWS_56076,1
NEWS_56077,4
NEWS_56078,5
NEWS_56079,2
NEWS_56080,4
NEWS_56081,4
NEWS_56082,4
NEWS_56083,3
NEWS_56084,4
NEWS_56085,2
NEWS_56086,1
NEWS_56087,5
NEWS_56088,4
NEWS_56089,3
NEWS_56090,3
NEWS_56091,1
NEWS_56092,4
NEWS_56093,1
NEWS_56094,3
NEWS_56095,4
NEWS_56096,4
NEWS_56097,3
NEWS_56098,4
NEWS_56099,4
NEWS_56100,3
NEWS_56101,3
NEWS_56102,4
NEWS_56103,3
NEWS_56104,3
NEWS_56105,4
NEWS_56106,3
NEWS_56107,3
NEWS_56108,5
NEWS_56109,0
NEWS_56110,3
NEWS_56111,4
NEWS_56112,2
NEWS_56113,4
NEWS_56114,5
NEWS_56115,5
NEWS_56116,1
NEWS_56117,5
NEWS_56118,2
NEWS_56119,3
NEWS_56120,4
NEWS_56121,4
NEWS_56122,1
NEWS_56123,3
NEWS_56124,5
NEWS_56125,3
NEWS_56126,4
NEWS_56127,1
NEWS_56128,4
NEWS_56129,1
NEWS_56130,3
NEWS_56131,4
NEWS_56132,1
NEWS_56133,1
NEWS_56134,3
NEWS_56135,1
NEWS_56136,4
NEWS_56137,5
NEWS_56138,5
NEWS_56139,1
NEWS_56140,1
NEWS_56141,4
NEWS_56142,2
NEWS_56143,3
NEWS_56144,1
NEWS_56145,4
NEWS_56146,1
NEWS_56147,5
NEWS_56148,4
NEWS_56149,3
NEWS_56150,3
NEWS_56151,2
NEWS_56152,4
NEWS_56153,5
NEWS_56154,2
NEWS_56155,1
NEWS_56156,4
NEWS_56157,1
NEWS_56158,2
NEWS_56159,3
NEWS_56160,3
NEWS_56161,2
NEWS_56162,4
NEWS_56163,1
NEWS_56164,4
NEWS_56165,4
NEWS_56166,5
NEWS_56167,2
NEWS_56168,4
NEWS_56169,4
NEWS_56170,4
NEWS_56171,5
NEWS_56172,5
NEWS_56173,3
NEWS_56174,1
NEWS_56175,2
NEWS_56176,2
NEWS_56177,4
NEWS_56178,5
NEWS_56179,4
NEWS_56180,2
NEWS_56181,2
NEWS_56182,4
NEWS_56183,4
NEWS_56184,5
NEWS_56185,3
NEWS_56186,4
NEWS_56187,5
NEWS_56188,2
NEWS_56189,3
NEWS_56190,2
NEWS_56191,2
NEWS_56192,2
NEWS_56193,4
NEWS_56194,3
NEWS_56195,4
NEWS_56196,2
NEWS_56197,4
NEWS_56198,5
NEWS_56199,4
NEWS_56200,4
NEWS_56201,4
NEWS_56202,3
NEWS_56203,4
NEWS_56204,4
NEWS_56205,1
NEWS_56206,4
NEWS_56207,2
NEWS_56208,4
NEWS_56209,5
NEWS_56210,2
NEWS_56211,3
NEWS_56212,1
NEWS_56213,4
NEWS_56214,3
NEWS_56215,3
NEWS_56216,1
NEWS_56217,5
NEWS_56218,5
NEWS_56219,4
NEWS_56220,4
NEWS_56221,4
NEWS_56222,4
NEWS_56223,4
NEWS_56224,4
NEWS_56225,0
NEWS_56226,5
NEWS_56227,1
NEWS_56228,2
NEWS_56229,1
NEWS_56230,2
NEWS_56231,1
NEWS_56232,1
NEWS_56233,3
NEWS_56234,4
NEWS_56235,4
NEWS_56236,0
NEWS_56237,4
NEWS_56238,3
NEWS_56239,4
NEWS_56240,1
NEWS_56241,2
NEWS_56242,5
NEWS_56243,3
NEWS_56244,1
NEWS_56245,1
NEWS_56246,0
NEWS_56247,1
NEWS_56248,4
NEWS_56249,3
NEWS_56250,3
NEWS_56251,2
NEWS_56252,5
NEWS_56253,2
NEWS_56254,4
NEWS_56255,5
NEWS_56256,4
NEWS_56257,4
NEWS_56258,4
NEWS_56259,5
NEWS_56260,4
NEWS_56261,5
NEWS_56262,5
NEWS_56263,4
NEWS_56264,3
NEWS_56265,5
NEWS_56266,3
NEWS_56267,0
NEWS_56268,5
NEWS_56269,1
NEWS_56270,1
NEWS_56271,1
NEWS_56272,2
NEWS_56273,2
NEWS_56274,4
NEWS_56275,3
NEWS_56276,1
NEWS_56277,4
NEWS_56278,1
NEWS_56279,4
NEWS_56280,3
NEWS_56281,2
NEWS_56282,1
NEWS_56283,4
NEWS_56284,2
NEWS_56285,4
NEWS_56286,2
NEWS_56287,3
NEWS_56288,3
NEWS_56289,3
NEWS_56290,4
NEWS_56291,4
NEWS_56292,1
NEWS_56293,4
NEWS_56294,3
NEWS_56295,4
NEWS_56296,4
NEWS_56297,1
NEWS_56298,4
NEWS_56299,3
NEWS_56300,5
NEWS_56301,3
NEWS_56302,2
NEWS_56303,4
NEWS_56304,1
NEWS_56305,2
NEWS_56306,5
NEWS_56307,2
NEWS_56308,5
NEWS_56309,3
NEWS_56310,4
NEWS_56311,5
NEWS_56312,2
NEWS_56313,2
NEWS_56314,2
NEWS_56315,3
NEWS_56316,0
NEWS_56317,2
NEWS_56318,4
NEWS_56319,2
NEWS_56320,1
NEWS_56321,2
NEWS_56322,2
NEWS_56323,4
NEWS_56324,3
NEWS_56325,4
NEWS_56326,4
NEWS_56327,3
NEWS_56328,5
NEWS_56329,4
NEWS_56330,3
NEWS_56331,2
NEWS_56332,4
NEWS_56333,4
NEWS_56334,1
NEWS_56335,5
NEWS_56336,5
NEWS_56337,3
NEWS_56338,4
NEWS_56339,1
NEWS_56340,3
NEWS_56341,4
NEWS_56342,4
NEWS_56343,5
NEWS_56344,5
NEWS_56345,4
NEWS_56346,5
NEWS_56347,1
NEWS_56348,1
NEWS_56349,5
NEWS_56350,1
NEWS_56351,3
NEWS_56352,4
NEWS_56353,5
NEWS_56354,4
NEWS_56355,3
NEWS_56356,1
NEWS_56357,3
NEWS_56358,1
NEWS_56359,4
NEWS_56360,5
NEWS_56361,3
NEWS_56362,4
NEWS_56363,3
NEWS_56364,4
NEWS_56365,2
NEWS_56366,4
NEWS_56367,5
NEWS_56368,2
NEWS_56369,5
NEWS_56370,4
NEWS_56371,1
NEWS_56372,5
NEWS_56373,4
NEWS_56374,3
NEWS_56375,2
NEWS_56376,5
NEWS_56377,4
NEWS_56378,3
NEWS_56379,2
NEWS_56380,0
NEWS_56381,3
NEWS_56382,5
NEWS_56383,4
NEWS_56384,1
NEWS_56385,1
NEWS_56386,5
NEWS_56387,4
NEWS_56388,3
NEWS_56389,1
NEWS_56390,4
NEWS_56391,4
NEWS_56392,4
NEWS_56393,5
NEWS_56394,1
NEWS_56395,1
NEWS_56396,1
NEWS_56397,0
NEWS_56398,5
NEWS_56399,1
NEWS_56400,3
NEWS_56401,5
NEWS_56402,1
NEWS_56403,3
NEWS_56404,2
NEWS_56405,5
NEWS_56406,0
NEWS_56407,4
NEWS_56408,1
NEWS_56409,4
NEWS_56410,5
NEWS_56411,5
NEWS_56412,3
NEWS_56413,4
NEWS_56414,0
NEWS_56415,1
NEWS_56416,5
NEWS_56417,4
NEWS_56418,1
NEWS_56419,3
NEWS_56420,4
NEWS_56421,3
NEWS_56422,4
NEWS_56423,2
NEWS_56424,4
NEWS_56425,3
NEWS_56426,4
NEWS_56427,2
NEWS_56428,4
NEWS_56429,1
NEWS_56430,4
NEWS_56431,1
NEWS_56432,1
NEWS_56433,3
NEWS_56434,4
NEWS_56435,4
NEWS_56436,4
NEWS_56437,5
NEWS_56438,3
NEWS_56439,2
NEWS_56440,3
NEWS_56441,1
NEWS_56442,4
NEWS_56443,3
NEWS_56444,2
NEWS_56445,5
NEWS_56446,1
NEWS_56447,1
NEWS_56448,0
NEWS_56449,3
NEWS_56450,5
NEWS_56451,3
NEWS_56452,1
NEWS_56453,3
NEWS_56454,1
NEWS_56455,1
NEWS_56456,4
NEWS_56457,5
NEWS_56458,2
NEWS_56459,1
NEWS_56460,4
NEWS_56461,4
NEWS_56462,3
NEWS_56463,4
NEWS_56464,2
NEWS_56465,2
NEWS_56466,3
NEWS_56467,1
NEWS_56468,4
NEWS_56469,1
NEWS_56470,0
NEWS_56471,5
NEWS_56472,4
NEWS_56473,5
NEWS_56474,2
NEWS_56475,4
NEWS_56476,1
NEWS_56477,0
NEWS_56478,5
NEWS_56479,4
NEWS_56480,4
NEWS_56481,1
NEWS_56482,5
NEWS_56483,4
NEWS_56484,1
NEWS_56485,5
NEWS_56486,4
NEWS_56487,3
NEWS_56488,4
NEWS_56489,3
NEWS_56490,5
NEWS_56491,1
NEWS_56492,4
NEWS_56493,3
NEWS_56494,3
NEWS_56495,4
NEWS_56496,4
NEWS_56497,1
NEWS_56498,5
NEWS_56499,4
NEWS_56500,1
NEWS_56501,5
NEWS_56502,4
NEWS_56503,3
NEWS_56504,3
NEWS_56505,3
NEWS_56506,3
NEWS_56507,3
NEWS_56508,4
NEWS_56509,2
NEWS_56510,3
NEWS_56511,2
NEWS_56512,1
NEWS_56513,4
NEWS_56514,4
NEWS_56515,3
NEWS_56516,4
NEWS_56517,4
NEWS_56518,0
NEWS_56519,4
NEWS_56520,4
NEWS_56521,2
NEWS_56522,5
NEWS_56523,3
NEWS_56524,1
NEWS_56525,4
NEWS_56526,1
NEWS_56527,4
NEWS_56528,1
NEWS_56529,3
NEWS_56530,2
NEWS_56531,3
NEWS_56532,4
NEWS_56533,5
NEWS_56534,4
NEWS_56535,4
NEWS_56536,2
NEWS_56537,5
NEWS_56538,3
NEWS_56539,4
NEWS_56540,5
NEWS_56541,1
NEWS_56542,5
NEWS_56543,1
NEWS_56544,1
NEWS_56545,4
NEWS_56546,2
NEWS_56547,1
NEWS_56548,2
NEWS_56549,1
NEWS_56550,5
NEWS_56551,4
NEWS_56552,1
NEWS_56553,3
NEWS_56554,3
NEWS_56555,5
NEWS_56556,0
NEWS_56557,3
NEWS_56558,3
NEWS_56559,5
NEWS_56560,0
NEWS_56561,4
NEWS_56562,4
NEWS_56563,4
NEWS_56564,4
NEWS_56565,3
NEWS_56566,1
NEWS_56567,4
NEWS_56568,4
NEWS_56569,2
NEWS_56570,2
NEWS_56571,4
NEWS_56572,3
NEWS_56573,1
NEWS_56574,4
NEWS_56575,2
NEWS_56576,2
NEWS_56577,5
NEWS_56578,4
NEWS_56579,3
NEWS_56580,1
NEWS_56581,1
NEWS_56582,4
NEWS_56583,4
NEWS_56584,3
NEWS_56585,5
NEWS_56586,4
NEWS_56587,1
NEWS_56588,4
NEWS_56589,4
NEWS_56590,1
NEWS_56591,5
NEWS_56592,5
NEWS_56593,3
NEWS_56594,3
NEWS_56595,5
NEWS_56596,4
NEWS_56597,3
NEWS_56598,4
NEWS_56599,0
NEWS_56600,3
NEWS_56601,4
NEWS_56602,4
NEWS_56603,1
NEWS_56604,3
NEWS_56605,4
NEWS_56606,1
NEWS_56607,3
NEWS_56608,4
NEWS_56609,3
NEWS_56610,3
NEWS_56611,1
NEWS_56612,1
NEWS_56613,5
NEWS_56614,1
NEWS_56615,4
NEWS_56616,1
NEWS_56617,3
NEWS_56618,4
NEWS_56619,2
NEWS_56620,3
NEWS_56621,4
NEWS_56622,5
NEWS_56623,4
NEWS_56624,2
NEWS_56625,1
NEWS_56626,4
NEWS_56627,3
NEWS_56628,5
NEWS_56629,4
NEWS_56630,5
NEWS_56631,5
NEWS_56632,3
NEWS_56633,3
NEWS_56634,1
NEWS_56635,1
NEWS_56636,4
NEWS_56637,4
NEWS_56638,2
NEWS_56639,1
NEWS_56640,4
NEWS_56641,2
NEWS_56642,2
NEWS_56643,2
NEWS_56644,3
NEWS_56645,1
NEWS_56646,0
NEWS_56647,4
NEWS_56648,1
NEWS_56649,0
NEWS_56650,1
NEWS_56651,4
NEWS_56652,5
NEWS_56653,3
NEWS_56654,1
NEWS_56655,4
NEWS_56656,2
NEWS_56657,2
NEWS_56658,1
NEWS_56659,1
NEWS_56660,2
NEWS_56661,1
NEWS_56662,2
NEWS_56663,1
NEWS_56664,1
NEWS_56665,3
NEWS_56666,5
NEWS_56667,4
NEWS_56668,5
NEWS_56669,4
NEWS_56670,4
NEWS_56671,2
NEWS_56672,2
NEWS_56673,5
NEWS_56674,2
NEWS_56675,4
NEWS_56676,1
NEWS_56677,1
NEWS_56678,4
NEWS_56679,4
NEWS_56680,1
NEWS_56681,4
NEWS_56682,1
NEWS_56683,3
NEWS_56684,4
NEWS_56685,5
NEWS_56686,5
NEWS_56687,1
NEWS_56688,4
NEWS_56689,1
NEWS_56690,5
NEWS_56691,3
NEWS_56692,0
NEWS_56693,4
NEWS_56694,4
NEWS_56695,3
NEWS_56696,1
NEWS_56697,5
NEWS_56698,4
NEWS_56699,4
NEWS_56700,4
NEWS_56701,3
NEWS_56702,4
NEWS_56703,1
NEWS_56704,4
NEWS_56705,4
NEWS_56706,4
NEWS_56707,4
NEWS_56708,5
NEWS_56709,5
NEWS_56710,4
NEWS_56711,3
NEWS_56712,2
NEWS_56713,4
NEWS_56714,3
NEWS_56715,2
NEWS_56716,1
NEWS_56717,1
NEWS_56718,3
NEWS_56719,2
NEWS_56720,1
NEWS_56721,1
NEWS_56722,4
NEWS_56723,3
NEWS_56724,4
NEWS_56725,3
NEWS_56726,0
NEWS_56727,1
NEWS_56728,2
NEWS_56729,1
NEWS_56730,5
NEWS_56731,5
NEWS_56732,1
NEWS_56733,5
NEWS_56734,5
NEWS_56735,1
NEWS_56736,3
NEWS_56737,1
NEWS_56738,3
NEWS_56739,0
NEWS_56740,3
NEWS_56741,0
NEWS_56742,1
NEWS_56743,3
NEWS_56744,3
NEWS_56745,5
NEWS_56746,4
NEWS_56747,5
NEWS_56748,4
NEWS_56749,1
NEWS_56750,5
NEWS_56751,3
NEWS_56752,3
NEWS_56753,2
NEWS_56754,3
NEWS_56755,4
NEWS_56756,4
NEWS_56757,0
NEWS_56758,1
NEWS_56759,5
NEWS_56760,3
NEWS_56761,2
NEWS_56762,4
NEWS_56763,4
NEWS_56764,4
NEWS_56765,1
NEWS_56766,3
NEWS_56767,4
NEWS_56768,3
NEWS_56769,2
NEWS_56770,1
NEWS_56771,4
NEWS_56772,1
NEWS_56773,4
NEWS_56774,5
NEWS_56775,3
NEWS_56776,0
NEWS_56777,4
NEWS_56778,4
NEWS_56779,4
NEWS_56780,3
NEWS_56781,5
NEWS_56782,3
NEWS_56783,1
NEWS_56784,4
NEWS_56785,5
NEWS_56786,0
NEWS_56787,4
NEWS_56788,5
NEWS_56789,5
NEWS_56790,1
NEWS_56791,1
NEWS_56792,4
NEWS_56793,4
NEWS_56794,4
NEWS_56795,5
NEWS_56796,2
NEWS_56797,2
NEWS_56798,3
NEWS_56799,3
NEWS_56800,1
NEWS_56801,4
NEWS_56802,2
NEWS_56803,3
NEWS_56804,2
NEWS_56805,4
NEWS_56806,3
NEWS_56807,4
NEWS_56808,5
NEWS_56809,1
NEWS_56810,4
NEWS_56811,3
NEWS_56812,1
NEWS_56813,3
NEWS_56814,2
NEWS_56815,0
NEWS_56816,4
NEWS_56817,4
NEWS_56818,1
NEWS_56819,4
NEWS_56820,2
NEWS_56821,3
NEWS_56822,4
NEWS_56823,2
NEWS_56824,5
NEWS_56825,4
NEWS_56826,4
NEWS_56827,1
NEWS_56828,3
NEWS_56829,1
NEWS_56830,2
NEWS_56831,4
NEWS_56832,2
NEWS_56833,2
NEWS_56834,1
NEWS_56835,1
NEWS_56836,3
NEWS_56837,3
NEWS_56838,3
NEWS_56839,1
NEWS_56840,3
NEWS_56841,5
NEWS_56842,4
NEWS_56843,3
NEWS_56844,1
NEWS_56845,0
NEWS_56846,2
NEWS_56847,4
NEWS_56848,3
NEWS_56849,4
NEWS_56850,4
NEWS_56851,2
NEWS_56852,4
NEWS_56853,4
NEWS_56854,5
NEWS_56855,5
NEWS_56856,2
NEWS_56857,5
NEWS_56858,2
NEWS_56859,1
NEWS_56860,4
NEWS_56861,4
NEWS_56862,2
NEWS_56863,2
NEWS_56864,4
NEWS_56865,5
NEWS_56866,4
NEWS_56867,1
NEWS_56868,4
NEWS_56869,1
NEWS_56870,5
NEWS_56871,5
NEWS_56872,4
NEWS_56873,1
NEWS_56874,2
NEWS_56875,3
NEWS_56876,0
NEWS_56877,3
NEWS_56878,0
NEWS_56879,5
NEWS_56880,3
NEWS_56881,1
NEWS_56882,0
NEWS_56883,5
NEWS_56884,1
NEWS_56885,4
NEWS_56886,1
NEWS_56887,4
NEWS_56888,5
NEWS_56889,3
NEWS_56890,5
NEWS_56891,4
NEWS_56892,5
NEWS_56893,3
NEWS_56894,1
NEWS_56895,4
NEWS_56896,3
NEWS_56897,4
NEWS_56898,1
NEWS_56899,3
NEWS_56900,3
NEWS_56901,3
NEWS_56902,3
NEWS_56903,2
NEWS_56904,5
NEWS_56905,4
NEWS_56906,3
NEWS_56907,1
NEWS_56908,2
NEWS_56909,4
NEWS_56910,2
NEWS_56911,4
NEWS_56912,3
NEWS_56913,5
NEWS_56914,3
NEWS_56915,2
NEWS_56916,4
NEWS_56917,1
NEWS_56918,1
NEWS_56919,4
NEWS_56920,3
NEWS_56921,2
NEWS_56922,3
NEWS_56923,4
NEWS_56924,5
NEWS_56925,4
NEWS_56926,4
NEWS_56927,4
NEWS_56928,3
NEWS_56929,4
NEWS_56930,5
NEWS_56931,4
NEWS_56932,3
NEWS_56933,3
NEWS_56934,4
NEWS_56935,4
NEWS_56936,4
NEWS_56937,3
NEWS_56938,1
NEWS_56939,3
NEWS_56940,5
NEWS_56941,4
NEWS_56942,5
NEWS_56943,0
NEWS_56944,1
NEWS_56945,4
NEWS_56946,2
NEWS_56947,1
NEWS_56948,4
NEWS_56949,4
NEWS_56950,4
NEWS_56951,0
NEWS_56952,3
NEWS_56953,1
NEWS_56954,3
NEWS_56955,2
NEWS_56956,3
NEWS_56957,5
NEWS_56958,1
NEWS_56959,2
NEWS_56960,5
NEWS_56961,1
NEWS_56962,3
NEWS_56963,4
NEWS_56964,1
NEWS_56965,3
NEWS_56966,1
NEWS_56967,0
NEWS_56968,2
NEWS_56969,4
NEWS_56970,4
NEWS_56971,4
NEWS_56972,2
NEWS_56973,4
NEWS_56974,3
NEWS_56975,2
NEWS_56976,5
NEWS_56977,2
NEWS_56978,4
NEWS_56979,2
NEWS_56980,3
NEWS_56981,4
NEWS_56982,2
NEWS_56983,2
NEWS_56984,0
NEWS_56985,4
NEWS_56986,4
NEWS_56987,5
NEWS_56988,4
NEWS_56989,0
NEWS_56990,3
NEWS_56991,2
NEWS_56992,3
NEWS_56993,4
NEWS_56994,3
NEWS_56995,4
NEWS_56996,3
NEWS_56997,2
NEWS_56998,4
NEWS_56999,1
NEWS_57000,1
NEWS_57001,4
NEWS_57002,5
NEWS_57003,1
NEWS_57004,2
NEWS_57005,3
NEWS_57006,5
NEWS_57007,2
NEWS_57008,4
NEWS_57009,2
NEWS_57010,3
NEWS_57011,4
NEWS_57012,3
NEWS_57013,2
NEWS_57014,1
NEWS_57015,5
NEWS_57016,1
NEWS_57017,1
NEWS_57018,3
NEWS_57019,4
NEWS_57020,4
NEWS_57021,3
NEWS_57022,4
NEWS_57023,0
NEWS_57024,4
NEWS_57025,4
NEWS_57026,2
NEWS_57027,5
NEWS_57028,4
NEWS_57029,4
NEWS_57030,5
NEWS_57031,3
NEWS_57032,4
NEWS_57033,2
NEWS_57034,4
NEWS_57035,5
NEWS_57036,3
NEWS_57037,0
NEWS_57038,2
NEWS_57039,2
NEWS_57040,5
NEWS_57041,3
NEWS_57042,4
NEWS_57043,4
NEWS_57044,4
NEWS_57045,3
NEWS_57046,1
NEWS_57047,1
NEWS_57048,4
NEWS_57049,4
NEWS_57050,4
NEWS_57051,2
NEWS_57052,2
NEWS_57053,3
NEWS_57054,4
NEWS_57055,4
NEWS_57056,4
NEWS_57057,2
NEWS_57058,1
NEWS_57059,4
NEWS_57060,2
NEWS_57061,3
NEWS_57062,3
NEWS_57063,3
NEWS_57064,5
NEWS_57065,5
NEWS_57066,1
NEWS_57067,0
NEWS_57068,1
NEWS_57069,5
NEWS_57070,4
NEWS_57071,2
NEWS_57072,3
NEWS_57073,5
NEWS_57074,3
NEWS_57075,4
NEWS_57076,5
NEWS_57077,4
NEWS_57078,3
NEWS_57079,4
NEWS_57080,1
NEWS_57081,2
NEWS_57082,1
NEWS_57083,3
NEWS_57084,2
NEWS_57085,3
NEWS_57086,5
NEWS_57087,1
NEWS_57088,0
NEWS_57089,1
NEWS_57090,5
NEWS_57091,3
NEWS_57092,2
NEWS_57093,3
NEWS_57094,1
NEWS_57095,1
NEWS_57096,3
NEWS_57097,1
NEWS_57098,1
NEWS_57099,4
NEWS_57100,1
NEWS_57101,3
NEWS_57102,1
NEWS_57103,0
NEWS_57104,3
NEWS_57105,3
NEWS_57106,1
NEWS_57107,4
NEWS_57108,1
NEWS_57109,4
NEWS_57110,1
NEWS_57111,4
NEWS_57112,3
NEWS_57113,1
NEWS_57114,5
NEWS_57115,4
NEWS_57116,4
NEWS_57117,1
NEWS_57118,0
NEWS_57119,5
NEWS_57120,1
NEWS_57121,4
NEWS_57122,1
NEWS_57123,3
NEWS_57124,3
NEWS_57125,0
NEWS_57126,5
NEWS_57127,3
NEWS_57128,0
NEWS_57129,1
NEWS_57130,2
NEWS_57131,3
NEWS_57132,4
NEWS_57133,3
NEWS_57134,0
NEWS_57135,4
NEWS_57136,4
NEWS_57137,4
NEWS_57138,4
NEWS_57139,4
NEWS_57140,0
NEWS_57141,2
NEWS_57142,3
NEWS_57143,5
NEWS_57144,3
NEWS_57145,1
NEWS_57146,4
NEWS_57147,3
NEWS_57148,3
NEWS_57149,3
NEWS_57150,1
NEWS_57151,4
NEWS_57152,0
NEWS_57153,3
NEWS_57154,3
NEWS_57155,3
NEWS_57156,4
NEWS_57157,3
NEWS_57158,4
NEWS_57159,4
NEWS_57160,4
NEWS_57161,3
NEWS_57162,5
NEWS_57163,3
NEWS_57164,1
NEWS_57165,2
NEWS_57166,4
NEWS_57167,5
NEWS_57168,1
NEWS_57169,3
NEWS_57170,4
NEWS_57171,1
NEWS_57172,4
NEWS_57173,3
NEWS_57174,0
NEWS_57175,2
NEWS_57176,4
NEWS_57177,3
NEWS_57178,2
NEWS_57179,5
NEWS_57180,3
NEWS_57181,3
NEWS_57182,0
NEWS_57183,1
NEWS_57184,5
NEWS_57185,0
NEWS_57186,3
NEWS_57187,0
NEWS_57188,5
NEWS_57189,4
NEWS_57190,4
NEWS_57191,1
NEWS_57192,3
NEWS_57193,1
NEWS_57194,2
NEWS_57195,1
NEWS_57196,1
NEWS_57197,1
NEWS_57198,5
NEWS_57199,4
NEWS_57200,1
NEWS_57201,4
NEWS_57202,4
NEWS_57203,4
NEWS_57204,5
NEWS_57205,2
NEWS_57206,4
NEWS_57207,2
NEWS_57208,4
NEWS_57209,1
NEWS_57210,3
NEWS_57211,4
NEWS_57212,1
NEWS_57213,3
NEWS_57214,1
NEWS_57215,5
NEWS_57216,4
NEWS_57217,4
NEWS_57218,2
NEWS_57219,4
NEWS_57220,0
NEWS_57221,4
NEWS_57222,1
NEWS_57223,2
NEWS_57224,5
NEWS_57225,3
NEWS_57226,4
NEWS_57227,2
NEWS_57228,3
NEWS_57229,2
NEWS_57230,1
NEWS_57231,2
NEWS_57232,4
NEWS_57233,3
NEWS_57234,5
NEWS_57235,4
NEWS_57236,4
NEWS_57237,1
NEWS_57238,4
NEWS_57239,5
NEWS_57240,3
NEWS_57241,4
NEWS_57242,5
NEWS_57243,1
NEWS_57244,5
NEWS_57245,3
NEWS_57246,2
NEWS_57247,5
NEWS_57248,3
NEWS_57249,4
NEWS_57250,1
NEWS_57251,3
NEWS_57252,5
NEWS_57253,4
NEWS_57254,4
NEWS_57255,3
NEWS_57256,2
NEWS_57257,3
NEWS_57258,3
NEWS_57259,4
NEWS_57260,3
NEWS_57261,3
NEWS_57262,3
NEWS_57263,4
NEWS_57264,5
NEWS_57265,3
NEWS_57266,2
NEWS_57267,3
NEWS_57268,2
NEWS_57269,1
NEWS_57270,1
NEWS_57271,0
NEWS_57272,3
NEWS_57273,1
NEWS_57274,5
NEWS_57275,3
NEWS_57276,2
NEWS_57277,4
NEWS_57278,1
NEWS_57279,3
NEWS_57280,1
NEWS_57281,1
NEWS_57282,4
NEWS_57283,0
NEWS_57284,3
NEWS_57285,5
NEWS_57286,1
NEWS_57287,4
NEWS_57288,5
NEWS_57289,2
NEWS_57290,4
NEWS_57291,3
NEWS_57292,1
NEWS_57293,4
NEWS_57294,4
NEWS_57295,1
NEWS_57296,4
NEWS_57297,3
NEWS_57298,4
NEWS_57299,5
NEWS_57300,1
NEWS_57301,2
NEWS_57302,1
NEWS_57303,4
NEWS_57304,2
NEWS_57305,5
NEWS_57306,3
NEWS_57307,2
NEWS_57308,2
NEWS_57309,4
NEWS_57310,5
NEWS_57311,4
NEWS_57312,2
NEWS_57313,4
NEWS_57314,4
NEWS_57315,3
NEWS_57316,4
NEWS_57317,3
NEWS_57318,1
NEWS_57319,3
NEWS_57320,1
NEWS_57321,2
NEWS_57322,3
NEWS_57323,1
NEWS_57324,3
NEWS_57325,1
NEWS_57326,1
NEWS_57327,3
NEWS_57328,4
NEWS_57329,4
NEWS_57330,1
NEWS_57331,5
NEWS_57332,2
NEWS_57333,2
NEWS_57334,4
NEWS_57335,5
NEWS_57336,1
NEWS_57337,5
NEWS_57338,3
NEWS_57339,1
NEWS_57340,2
NEWS_57341,5
NEWS_57342,3
NEWS_57343,1
NEWS_57344,1
NEWS_57345,1
NEWS_57346,4
NEWS_57347,3
NEWS_57348,3
NEWS_57349,4
NEWS_57350,4
NEWS_57351,0
NEWS_57352,2
NEWS_57353,3
NEWS_57354,4
NEWS_57355,3
NEWS_57356,2
NEWS_57357,3
NEWS_57358,2
NEWS_57359,4
NEWS_57360,3
NEWS_57361,2
NEWS_57362,1
NEWS_57363,1
NEWS_57364,1
NEWS_57365,5
NEWS_57366,4
NEWS_57367,1
NEWS_57368,5
NEWS_57369,4
NEWS_57370,3
NEWS_57371,3
NEWS_57372,4
NEWS_57373,0
NEWS_57374,3
NEWS_57375,3
NEWS_57376,5
NEWS_57377,5
NEWS_57378,4
NEWS_57379,1
NEWS_57380,1
NEWS_57381,1
NEWS_57382,4
NEWS_57383,2
NEWS_57384,3
NEWS_57385,4
NEWS_57386,4
NEWS_57387,5
NEWS_57388,4
NEWS_57389,3
NEWS_57390,4
NEWS_57391,5
NEWS_57392,4
NEWS_57393,5
NEWS_57394,4
NEWS_57395,1
NEWS_57396,1
NEWS_57397,4
NEWS_57398,5
NEWS_57399,4
NEWS_57400,4
NEWS_57401,4
NEWS_57402,2
NEWS_57403,5
NEWS_57404,3
NEWS_57405,2
NEWS_57406,5
NEWS_57407,5
NEWS_57408,3
NEWS_57409,2
NEWS_57410,3
NEWS_57411,5
NEWS_57412,3
NEWS_57413,1
NEWS_57414,4
NEWS_57415,4
NEWS_57416,3
NEWS_57417,1
NEWS_57418,5
NEWS_57419,2
NEWS_57420,2
NEWS_57421,3
NEWS_57422,1
NEWS_57423,3
NEWS_57424,1
NEWS_57425,1
NEWS_57426,4
NEWS_57427,3
NEWS_57428,5
NEWS_57429,4
NEWS_57430,0
NEWS_57431,1
NEWS_57432,3
NEWS_57433,2
NEWS_57434,4
NEWS_57435,4
NEWS_57436,4
NEWS_57437,4
NEWS_57438,5
NEWS_57439,4
NEWS_57440,3
NEWS_57441,3
NEWS_57442,3
NEWS_57443,3
NEWS_57444,3
NEWS_57445,4
NEWS_57446,0
NEWS_57447,4
NEWS_57448,0
NEWS_57449,1
NEWS_57450,5
NEWS_57451,3
NEWS_57452,2
NEWS_57453,2
NEWS_57454,0
NEWS_57455,3
NEWS_57456,3
NEWS_57457,1
NEWS_57458,4
NEWS_57459,2
NEWS_57460,1
NEWS_57461,1
NEWS_57462,5
NEWS_57463,2
NEWS_57464,5
NEWS_57465,4
NEWS_57466,0
NEWS_57467,1
NEWS_57468,2
NEWS_57469,3
NEWS_57470,5
NEWS_57471,5
NEWS_57472,5
NEWS_57473,5
NEWS_57474,1
NEWS_57475,4
NEWS_57476,4
NEWS_57477,3
NEWS_57478,2
NEWS_57479,2
NEWS_57480,2
NEWS_57481,4
NEWS_57482,0
NEWS_57483,4
NEWS_57484,4
NEWS_57485,4
NEWS_57486,4
NEWS_57487,1
NEWS_57488,2
NEWS_57489,3
NEWS_57490,2
NEWS_57491,5
NEWS_57492,4
NEWS_57493,4
NEWS_57494,1
NEWS_57495,1
NEWS_57496,1
NEWS_57497,2
NEWS_57498,4
NEWS_57499,4
NEWS_57500,3
NEWS_57501,3
NEWS_57502,5
NEWS_57503,3
NEWS_57504,2
NEWS_57505,3
NEWS_57506,3
NEWS_57507,2
NEWS_57508,4
NEWS_57509,5
NEWS_57510,2
NEWS_57511,0
NEWS_57512,5
NEWS_57513,3
NEWS_57514,2
NEWS_57515,5
NEWS_57516,2
NEWS_57517,2
NEWS_57518,1
NEWS_57519,3
NEWS_57520,3
NEWS_57521,1
NEWS_57522,2
NEWS_57523,4
NEWS_57524,0
NEWS_57525,5
NEWS_57526,3
NEWS_57527,4
NEWS_57528,4
NEWS_57529,4
NEWS_57530,3
NEWS_57531,4
NEWS_57532,4
NEWS_57533,4
NEWS_57534,0
NEWS_57535,4
NEWS_57536,1
NEWS_57537,1
NEWS_57538,5
NEWS_57539,5
NEWS_57540,5
NEWS_57541,3
NEWS_57542,3
NEWS_57543,4
NEWS_57544,1
NEWS_57545,0
NEWS_57546,4
NEWS_57547,3
NEWS_57548,3
NEWS_57549,4
NEWS_57550,2
NEWS_57551,1
NEWS_57552,2
NEWS_57553,3
NEWS_57554,3
NEWS_57555,2
NEWS_57556,2
NEWS_57557,4
NEWS_57558,2
NEWS_57559,4
NEWS_57560,5
NEWS_57561,4
NEWS_57562,3
NEWS_57563,4
NEWS_57564,4
NEWS_57565,4
NEWS_57566,5
NEWS_57567,3
NEWS_57568,3
NEWS_57569,4
NEWS_57570,5
NEWS_57571,5
NEWS_57572,4
NEWS_57573,1
NEWS_57574,1
NEWS_57575,5
NEWS_57576,0
NEWS_57577,3
NEWS_57578,5
NEWS_57579,2
NEWS_57580,3
NEWS_57581,3
NEWS_57582,4
NEWS_57583,2
NEWS_57584,3
NEWS_57585,2
NEWS_57586,2
NEWS_57587,2
NEWS_57588,0
NEWS_57589,1
NEWS_57590,4
NEWS_57591,1
NEWS_57592,1
NEWS_57593,4
NEWS_57594,1
NEWS_57595,3
NEWS_57596,3
NEWS_57597,1
NEWS_57598,0
NEWS_57599,4
NEWS_57600,0
NEWS_57601,3
NEWS_57602,3
NEWS_57603,1
NEWS_57604,3
NEWS_57605,4
NEWS_57606,4
NEWS_57607,1
NEWS_57608,1
NEWS_57609,1
NEWS_57610,1
NEWS_57611,3
NEWS_57612,4
NEWS_57613,1
NEWS_57614,3
NEWS_57615,1
NEWS_57616,0
NEWS_57617,2
NEWS_57618,2
NEWS_57619,3
NEWS_57620,4
NEWS_57621,0
NEWS_57622,3
NEWS_57623,1
NEWS_57624,3
NEWS_57625,4
NEWS_57626,5
NEWS_57627,1
NEWS_57628,4
NEWS_57629,5
NEWS_57630,1
NEWS_57631,4
NEWS_57632,4
NEWS_57633,4
NEWS_57634,4
NEWS_57635,1
NEWS_57636,4
NEWS_57637,5
NEWS_57638,0
NEWS_57639,4
NEWS_57640,0
NEWS_57641,4
NEWS_57642,3
NEWS_57643,2
NEWS_57644,2
NEWS_57645,0
NEWS_57646,3
NEWS_57647,1
NEWS_57648,5
NEWS_57649,1
NEWS_57650,5
NEWS_57651,3
NEWS_57652,3
NEWS_57653,5
NEWS_57654,4
NEWS_57655,3
NEWS_57656,3
NEWS_57657,4
NEWS_57658,2
NEWS_57659,1
NEWS_57660,4
NEWS_57661,1
NEWS_57662,5
NEWS_57663,2
NEWS_57664,4
NEWS_57665,4
NEWS_57666,3
NEWS_57667,3
NEWS_57668,5
NEWS_57669,2
NEWS_57670,2
NEWS_57671,3
NEWS_57672,4
NEWS_57673,2
NEWS_57674,4
NEWS_57675,4
NEWS_57676,2
NEWS_57677,4
NEWS_57678,1
NEWS_57679,1
NEWS_57680,2
NEWS_57681,1
NEWS_57682,1
NEWS_57683,3
NEWS_57684,2
NEWS_57685,3
NEWS_57686,0
NEWS_57687,4
NEWS_57688,5
NEWS_57689,4
NEWS_57690,2
NEWS_57691,5
NEWS_57692,2
NEWS_57693,4
NEWS_57694,1
NEWS_57695,1
NEWS_57696,1
NEWS_57697,4
NEWS_57698,0
NEWS_57699,0
NEWS_57700,3
NEWS_57701,4
NEWS_57702,3
NEWS_57703,5
NEWS_57704,4
NEWS_57705,3
NEWS_57706,3
NEWS_57707,4
NEWS_57708,4
NEWS_57709,5
NEWS_57710,5
NEWS_57711,4
NEWS_57712,3
NEWS_57713,4
NEWS_57714,1
NEWS_57715,1
NEWS_57716,1
NEWS_57717,1
NEWS_57718,3
NEWS_57719,1
NEWS_57720,4
NEWS_57721,4
NEWS_57722,4
NEWS_57723,3
NEWS_57724,3
NEWS_57725,1
NEWS_57726,3
NEWS_57727,4
NEWS_57728,4
NEWS_57729,4
NEWS_57730,4
NEWS_57731,3
NEWS_57732,0
NEWS_57733,5
NEWS_57734,2
NEWS_57735,4
NEWS_57736,1
NEWS_57737,3
NEWS_57738,5
NEWS_57739,5
NEWS_57740,1
NEWS_57741,5
NEWS_57742,2
NEWS_57743,4
NEWS_57744,1
NEWS_57745,2
NEWS_57746,2
NEWS_57747,1
NEWS_57748,2
NEWS_57749,3
NEWS_57750,1
NEWS_57751,1
NEWS_57752,3
NEWS_57753,4
NEWS_57754,1
NEWS_57755,1
NEWS_57756,3
NEWS_57757,2
NEWS_57758,5
NEWS_57759,4
NEWS_57760,0
NEWS_57761,1
NEWS_57762,4
NEWS_57763,1
NEWS_57764,4
NEWS_57765,3
NEWS_57766,4
NEWS_57767,4
NEWS_57768,1
NEWS_57769,1
NEWS_57770,5
NEWS_57771,4
NEWS_57772,4
NEWS_57773,2
NEWS_57774,2
NEWS_57775,4
NEWS_57776,4
NEWS_57777,4
NEWS_57778,3
NEWS_57779,4
NEWS_57780,3
NEWS_57781,1
NEWS_57782,4
NEWS_57783,5
NEWS_57784,4
NEWS_57785,4
NEWS_57786,2
NEWS_57787,4
NEWS_57788,4
NEWS_57789,5
NEWS_57790,4
NEWS_57791,3
NEWS_57792,4
NEWS_57793,5
NEWS_57794,5
NEWS_57795,0
NEWS_57796,5
NEWS_57797,1
NEWS_57798,4
NEWS_57799,4
NEWS_57800,3
NEWS_57801,5
NEWS_57802,3
NEWS_57803,1
NEWS_57804,1
NEWS_57805,4
NEWS_57806,3
NEWS_57807,2
NEWS_57808,1
NEWS_57809,3
NEWS_57810,3
NEWS_57811,1
NEWS_57812,1
NEWS_57813,1
NEWS_57814,4
NEWS_57815,4
NEWS_57816,4
NEWS_57817,1
NEWS_57818,3
NEWS_57819,3
NEWS_57820,1
NEWS_57821,4
NEWS_57822,1
NEWS_57823,4
NEWS_57824,4
NEWS_57825,5
NEWS_57826,4
NEWS_57827,4
NEWS_57828,2
NEWS_57829,4
NEWS_57830,3
NEWS_57831,5
NEWS_57832,5
NEWS_57833,2
NEWS_57834,5
NEWS_57835,3
NEWS_57836,3
NEWS_57837,5
NEWS_57838,1
NEWS_57839,2
NEWS_57840,4
NEWS_57841,2
NEWS_57842,3
NEWS_57843,4
NEWS_57844,1
NEWS_57845,2
NEWS_57846,3
NEWS_57847,5
NEWS_57848,3
NEWS_57849,3
NEWS_57850,1
NEWS_57851,4
NEWS_57852,5
NEWS_57853,1
NEWS_57854,2
NEWS_57855,3
NEWS_57856,5
NEWS_57857,1
NEWS_57858,5
NEWS_57859,4
NEWS_57860,2
NEWS_57861,2
NEWS_57862,4
NEWS_57863,4
NEWS_57864,2
NEWS_57865,5
NEWS_57866,4
NEWS_57867,4
NEWS_57868,2
NEWS_57869,4
NEWS_57870,1
NEWS_57871,2
NEWS_57872,5
NEWS_57873,1
NEWS_57874,1
NEWS_57875,1
NEWS_57876,4
NEWS_57877,4
NEWS_57878,0
NEWS_57879,3
NEWS_57880,5
NEWS_57881,5
NEWS_57882,3
NEWS_57883,1
NEWS_57884,2
NEWS_57885,3
NEWS_57886,1
NEWS_57887,3
NEWS_57888,3
NEWS_57889,1
NEWS_57890,5
NEWS_57891,5
NEWS_57892,4
NEWS_57893,2
NEWS_57894,4
NEWS_57895,4
NEWS_57896,2
NEWS_57897,0
NEWS_57898,3
NEWS_57899,5
NEWS_57900,3
NEWS_57901,3
NEWS_57902,1
NEWS_57903,3
NEWS_57904,3
NEWS_57905,5
NEWS_57906,3
NEWS_57907,5
NEWS_57908,4
NEWS_57909,2
NEWS_57910,1
NEWS_57911,4
NEWS_57912,5
NEWS_57913,3
NEWS_57914,1
NEWS_57915,2
NEWS_57916,3
NEWS_57917,4
NEWS_57918,3
NEWS_57919,5
NEWS_57920,5
NEWS_57921,3
NEWS_57922,5
NEWS_57923,4
NEWS_57924,0
NEWS_57925,2
NEWS_57926,2
NEWS_57927,1
NEWS_57928,1
NEWS_57929,5
NEWS_57930,3
NEWS_57931,3
NEWS_57932,4
NEWS_57933,2
NEWS_57934,1
NEWS_57935,4
NEWS_57936,4
NEWS_57937,1
NEWS_57938,5
NEWS_57939,3
NEWS_57940,1
NEWS_57941,4
NEWS_57942,4
NEWS_57943,1
NEWS_57944,2
NEWS_57945,3
NEWS_57946,1
NEWS_57947,1
NEWS_57948,1
NEWS_57949,2
NEWS_57950,0
NEWS_57951,4
NEWS_57952,4
NEWS_57953,1
NEWS_57954,3
NEWS_57955,1
NEWS_57956,5
NEWS_57957,5
NEWS_57958,5
NEWS_57959,3
NEWS_57960,3
NEWS_57961,4
NEWS_57962,3
NEWS_57963,3
NEWS_57964,1
NEWS_57965,4
NEWS_57966,3
NEWS_57967,5
NEWS_57968,4
NEWS_57969,4
NEWS_57970,3
NEWS_57971,2
NEWS_57972,3
NEWS_57973,3
NEWS_57974,1
NEWS_57975,2
NEWS_57976,4
NEWS_57977,4
NEWS_57978,2
NEWS_57979,3
NEWS_57980,2
NEWS_57981,3
NEWS_57982,3
NEWS_57983,0
NEWS_57984,3
NEWS_57985,4
NEWS_57986,1
NEWS_57987,5
NEWS_57988,1
NEWS_57989,4
NEWS_57990,1
NEWS_57991,1
NEWS_57992,1
NEWS_57993,0
NEWS_57994,3
NEWS_57995,4
NEWS_57996,2
NEWS_57997,2
NEWS_57998,4
NEWS_57999,5
NEWS_58000,1
NEWS_58001,0
NEWS_58002,4
NEWS_58003,3
NEWS_58004,3
NEWS_58005,4
NEWS_58006,1
NEWS_58007,3
NEWS_58008,1
NEWS_58009,5
NEWS_58010,1
NEWS_58011,4
NEWS_58012,4
NEWS_58013,5
NEWS_58014,1
NEWS_58015,2
NEWS_58016,3
NEWS_58017,0
NEWS_58018,2
NEWS_58019,4
NEWS_58020,1
NEWS_58021,2
NEWS_58022,4
NEWS_58023,1
NEWS_58024,4
NEWS_58025,4
NEWS_58026,4
NEWS_58027,4
NEWS_58028,4
NEWS_58029,2
NEWS_58030,2
NEWS_58031,5
NEWS_58032,2
NEWS_58033,2
NEWS_58034,4
NEWS_58035,5
NEWS_58036,3
NEWS_58037,5
NEWS_58038,5
NEWS_58039,4
NEWS_58040,1
NEWS_58041,4
NEWS_58042,5
NEWS_58043,1
NEWS_58044,2
NEWS_58045,3
NEWS_58046,1
NEWS_58047,1
NEWS_58048,4
NEWS_58049,1
NEWS_58050,2
NEWS_58051,1
NEWS_58052,1
NEWS_58053,2
NEWS_58054,3
NEWS_58055,2
NEWS_58056,4
NEWS_58057,1
NEWS_58058,2
NEWS_58059,2
NEWS_58060,4
NEWS_58061,5
NEWS_58062,4
NEWS_58063,4
NEWS_58064,3
NEWS_58065,4
NEWS_58066,4
NEWS_58067,2
NEWS_58068,4
NEWS_58069,2
NEWS_58070,2
NEWS_58071,0
NEWS_58072,4
NEWS_58073,5
NEWS_58074,3
NEWS_58075,2
NEWS_58076,1
NEWS_58077,3
NEWS_58078,1
NEWS_58079,4
NEWS_58080,1
NEWS_58081,0
NEWS_58082,4
NEWS_58083,0
NEWS_58084,3
NEWS_58085,5
NEWS_58086,5
NEWS_58087,4
NEWS_58088,4
NEWS_58089,4
NEWS_58090,4
NEWS_58091,5
NEWS_58092,4
NEWS_58093,4
NEWS_58094,3
NEWS_58095,5
NEWS_58096,4
NEWS_58097,3
NEWS_58098,5
NEWS_58099,1
NEWS_58100,4
NEWS_58101,4
NEWS_58102,2
NEWS_58103,4
NEWS_58104,4
NEWS_58105,5
NEWS_58106,1
NEWS_58107,4
NEWS_58108,5
NEWS_58109,3
NEWS_58110,4
NEWS_58111,5
NEWS_58112,3
NEWS_58113,1
NEWS_58114,3
NEWS_58115,2
NEWS_58116,1
NEWS_58117,4
NEWS_58118,1
NEWS_58119,1
NEWS_58120,4
NEWS_58121,4
NEWS_58122,1
NEWS_58123,5
NEWS_58124,3
NEWS_58125,4
NEWS_58126,2
NEWS_58127,2
NEWS_58128,4
NEWS_58129,0
NEWS_58130,5
NEWS_58131,3
NEWS_58132,3
NEWS_58133,2
NEWS_58134,3
NEWS_58135,5
NEWS_58136,4
NEWS_58137,5
NEWS_58138,4
NEWS_58139,3
NEWS_58140,0
NEWS_58141,2
NEWS_58142,3
NEWS_58143,5
NEWS_58144,4
NEWS_58145,5
NEWS_58146,4
NEWS_58147,1
NEWS_58148,1
NEWS_58149,5
NEWS_58150,5
NEWS_58151,4
NEWS_58152,3
NEWS_58153,1
NEWS_58154,5
NEWS_58155,1
NEWS_58156,0
NEWS_58157,4
NEWS_58158,4
NEWS_58159,3
NEWS_58160,4
NEWS_58161,2
NEWS_58162,4
NEWS_58163,5
NEWS_58164,1
NEWS_58165,4
NEWS_58166,2
NEWS_58167,4
NEWS_58168,5
NEWS_58169,1
NEWS_58170,4
NEWS_58171,1
NEWS_58172,3
NEWS_58173,3
NEWS_58174,2
NEWS_58175,4
NEWS_58176,4
NEWS_58177,1
NEWS_58178,0
NEWS_58179,5
NEWS_58180,2
NEWS_58181,1
NEWS_58182,3
NEWS_58183,4
NEWS_58184,3
NEWS_58185,3
NEWS_58186,3
NEWS_58187,4
NEWS_58188,3
NEWS_58189,4
NEWS_58190,5
NEWS_58191,5
NEWS_58192,2
NEWS_58193,4
NEWS_58194,3
NEWS_58195,5
NEWS_58196,0
NEWS_58197,5
NEWS_58198,2
NEWS_58199,4
NEWS_58200,5
NEWS_58201,0
NEWS_58202,2
NEWS_58203,3
NEWS_58204,1
NEWS_58205,3
NEWS_58206,4
NEWS_58207,4
NEWS_58208,4
NEWS_58209,1
NEWS_58210,4
NEWS_58211,3
NEWS_58212,4
NEWS_58213,2
NEWS_58214,5
NEWS_58215,4
NEWS_58216,1
NEWS_58217,4
NEWS_58218,4
NEWS_58219,3
NEWS_58220,3
NEWS_58221,1
NEWS_58222,3
NEWS_58223,3
NEWS_58224,4
NEWS_58225,3
NEWS_58226,4
NEWS_58227,4
NEWS_58228,5
NEWS_58229,5
NEWS_58230,1
NEWS_58231,4
NEWS_58232,2
NEWS_58233,4
NEWS_58234,3
NEWS_58235,1
NEWS_58236,2
NEWS_58237,2
NEWS_58238,4
NEWS_58239,4
NEWS_58240,4
NEWS_58241,3
NEWS_58242,1
NEWS_58243,2
NEWS_58244,5
NEWS_58245,1
NEWS_58246,2
NEWS_58247,1
NEWS_58248,4
NEWS_58249,1
NEWS_58250,3
NEWS_58251,5
NEWS_58252,3
NEWS_58253,4
NEWS_58254,3
NEWS_58255,4
NEWS_58256,4
NEWS_58257,5
NEWS_58258,1
NEWS_58259,4
NEWS_58260,5
NEWS_58261,3
NEWS_58262,1
NEWS_58263,1
NEWS_58264,4
NEWS_58265,4
NEWS_58266,0
NEWS_58267,3
NEWS_58268,1
NEWS_58269,4
NEWS_58270,2
NEWS_58271,4
NEWS_58272,3
NEWS_58273,5
NEWS_58274,1
NEWS_58275,4
NEWS_58276,1
NEWS_58277,2
NEWS_58278,1
NEWS_58279,3
NEWS_58280,4
NEWS_58281,4
NEWS_58282,4
NEWS_58283,3
NEWS_58284,1
NEWS_58285,4
NEWS_58286,2
NEWS_58287,3
NEWS_58288,1
NEWS_58289,4
NEWS_58290,4
NEWS_58291,5
NEWS_58292,3
NEWS_58293,1
NEWS_58294,1
NEWS_58295,5
NEWS_58296,3
NEWS_58297,4
NEWS_58298,4
NEWS_58299,2
NEWS_58300,3
NEWS_58301,3
NEWS_58302,3
NEWS_58303,2
NEWS_58304,3
NEWS_58305,5
NEWS_58306,3
NEWS_58307,1
NEWS_58308,4
NEWS_58309,3
NEWS_58310,3
NEWS_58311,1
NEWS_58312,2
NEWS_58313,4
NEWS_58314,1
NEWS_58315,4
NEWS_58316,1
NEWS_58317,4
NEWS_58318,2
NEWS_58319,2
NEWS_58320,5
NEWS_58321,5
NEWS_58322,4
NEWS_58323,2
NEWS_58324,3
NEWS_58325,2
NEWS_58326,4
NEWS_58327,5
NEWS_58328,3
NEWS_58329,2
NEWS_58330,1
NEWS_58331,4
NEWS_58332,4
NEWS_58333,1
NEWS_58334,4
NEWS_58335,1
NEWS_58336,2
NEWS_58337,5
NEWS_58338,1
NEWS_58339,0
NEWS_58340,4
NEWS_58341,4
NEWS_58342,4
NEWS_58343,5
NEWS_58344,2
NEWS_58345,1
NEWS_58346,5
NEWS_58347,3
NEWS_58348,1
NEWS_58349,3
NEWS_58350,4
NEWS_58351,4
NEWS_58352,4
NEWS_58353,2
NEWS_58354,2
NEWS_58355,1
NEWS_58356,2
NEWS_58357,5
NEWS_58358,4
NEWS_58359,2
NEWS_58360,2
NEWS_58361,2
NEWS_58362,1
NEWS_58363,5
NEWS_58364,5
NEWS_58365,1
NEWS_58366,2
NEWS_58367,2
NEWS_58368,4
NEWS_58369,1
NEWS_58370,2
NEWS_58371,2
NEWS_58372,3
NEWS_58373,3
NEWS_58374,4
NEWS_58375,2
NEWS_58376,3
NEWS_58377,4
NEWS_58378,1
NEWS_58379,3
NEWS_58380,2
NEWS_58381,4
NEWS_58382,4
NEWS_58383,1
NEWS_58384,4
NEWS_58385,3
NEWS_58386,3
NEWS_58387,3
NEWS_58388,3
NEWS_58389,3
NEWS_58390,4
NEWS_58391,4
NEWS_58392,3
NEWS_58393,4
NEWS_58394,4
NEWS_58395,2
NEWS_58396,5
NEWS_58397,5
NEWS_58398,4
NEWS_58399,3
NEWS_58400,3
NEWS_58401,4
NEWS_58402,2
NEWS_58403,3
NEWS_58404,2
NEWS_58405,3
NEWS_58406,3
NEWS_58407,4
NEWS_58408,0
NEWS_58409,4
NEWS_58410,1
NEWS_58411,1
NEWS_58412,4
NEWS_58413,4
NEWS_58414,2
NEWS_58415,5
NEWS_58416,0
NEWS_58417,3
NEWS_58418,5
NEWS_58419,1
NEWS_58420,1
NEWS_58421,1
NEWS_58422,1
NEWS_58423,4
NEWS_58424,3
NEWS_58425,3
NEWS_58426,3
NEWS_58427,3
NEWS_58428,5
NEWS_58429,4
NEWS_58430,5
NEWS_58431,5
NEWS_58432,0
NEWS_58433,5
NEWS_58434,5
NEWS_58435,1
NEWS_58436,4
NEWS_58437,1
NEWS_58438,0
NEWS_58439,4
NEWS_58440,3
NEWS_58441,4
NEWS_58442,4
NEWS_58443,2
NEWS_58444,4
NEWS_58445,4
NEWS_58446,4
NEWS_58447,5
NEWS_58448,1
NEWS_58449,4
NEWS_58450,3
NEWS_58451,1
NEWS_58452,4
NEWS_58453,4
NEWS_58454,5
NEWS_58455,5
NEWS_58456,1
NEWS_58457,2
NEWS_58458,4
NEWS_58459,4
NEWS_58460,2
NEWS_58461,4
NEWS_58462,5
NEWS_58463,4
NEWS_58464,4
NEWS_58465,1
NEWS_58466,4
NEWS_58467,5
NEWS_58468,1
NEWS_58469,2
NEWS_58470,4
NEWS_58471,1
NEWS_58472,4
NEWS_58473,4
NEWS_58474,1
NEWS_58475,3
NEWS_58476,5
NEWS_58477,1
NEWS_58478,5
NEWS_58479,3
NEWS_58480,2
NEWS_58481,3
NEWS_58482,5
NEWS_58483,4
NEWS_58484,4
NEWS_58485,1
NEWS_58486,4
NEWS_58487,4
NEWS_58488,1
NEWS_58489,2
NEWS_58490,3
NEWS_58491,1
NEWS_58492,1
NEWS_58493,5
NEWS_58494,3
NEWS_58495,2
NEWS_58496,3
NEWS_58497,5
NEWS_58498,3
NEWS_58499,3
NEWS_58500,4
NEWS_58501,4
NEWS_58502,1
NEWS_58503,4
NEWS_58504,0
NEWS_58505,1
NEWS_58506,5
NEWS_58507,3
NEWS_58508,4
NEWS_58509,3
NEWS_58510,1
NEWS_58511,3
NEWS_58512,4
NEWS_58513,4
NEWS_58514,2
NEWS_58515,2
NEWS_58516,5
NEWS_58517,4
NEWS_58518,2
NEWS_58519,2
NEWS_58520,3
NEWS_58521,2
NEWS_58522,4
NEWS_58523,4
NEWS_58524,3
NEWS_58525,1
NEWS_58526,4
NEWS_58527,4
NEWS_58528,2
NEWS_58529,4
NEWS_58530,5
NEWS_58531,1
NEWS_58532,4
NEWS_58533,5
NEWS_58534,2
NEWS_58535,4
NEWS_58536,3
NEWS_58537,1
NEWS_58538,3
NEWS_58539,2
NEWS_58540,3
NEWS_58541,1
NEWS_58542,1
NEWS_58543,5
NEWS_58544,4
NEWS_58545,3
NEWS_58546,2
NEWS_58547,1
NEWS_58548,5
NEWS_58549,5
NEWS_58550,1
NEWS_58551,5
NEWS_58552,5
NEWS_58553,5
NEWS_58554,0
NEWS_58555,5
NEWS_58556,0
NEWS_58557,2
NEWS_58558,1
NEWS_58559,5
NEWS_58560,1
NEWS_58561,4
NEWS_58562,2
NEWS_58563,4
NEWS_58564,3
NEWS_58565,4
NEWS_58566,1
NEWS_58567,1
NEWS_58568,3
NEWS_58569,4
NEWS_58570,1
NEWS_58571,4
NEWS_58572,2
NEWS_58573,5
NEWS_58574,2
NEWS_58575,3
NEWS_58576,5
NEWS_58577,4
NEWS_58578,4
NEWS_58579,2
NEWS_58580,4
NEWS_58581,2
NEWS_58582,5
NEWS_58583,3
NEWS_58584,3
NEWS_58585,3
NEWS_58586,4
NEWS_58587,1
NEWS_58588,3
NEWS_58589,1
NEWS_58590,1
NEWS_58591,2
NEWS_58592,1
NEWS_58593,4
NEWS_58594,2
NEWS_58595,1
NEWS_58596,5
NEWS_58597,2
NEWS_58598,3
NEWS_58599,5
NEWS_58600,1
NEWS_58601,2
NEWS_58602,5
NEWS_58603,0
NEWS_58604,3
NEWS_58605,1
NEWS_58606,2
NEWS_58607,4
NEWS_58608,4
NEWS_58609,4
NEWS_58610,4
NEWS_58611,3
NEWS_58612,1
NEWS_58613,0
NEWS_58614,4
NEWS_58615,1
NEWS_58616,4
NEWS_58617,4
NEWS_58618,5
NEWS_58619,3
NEWS_58620,3
NEWS_58621,5
NEWS_58622,2
NEWS_58623,2
NEWS_58624,4
NEWS_58625,3
NEWS_58626,2
NEWS_58627,2
NEWS_58628,5
NEWS_58629,0
NEWS_58630,4
NEWS_58631,3
NEWS_58632,4
NEWS_58633,1
NEWS_58634,2
NEWS_58635,4
NEWS_58636,4
NEWS_58637,1
NEWS_58638,5
NEWS_58639,4
NEWS_58640,2
NEWS_58641,3
NEWS_58642,3
NEWS_58643,3
NEWS_58644,2
NEWS_58645,2
NEWS_58646,0
NEWS_58647,5
NEWS_58648,4
NEWS_58649,3
NEWS_58650,1
NEWS_58651,3
NEWS_58652,4
NEWS_58653,4
NEWS_58654,4
NEWS_58655,4
NEWS_58656,4
NEWS_58657,3
NEWS_58658,3
NEWS_58659,4
NEWS_58660,4
NEWS_58661,1
NEWS_58662,1
NEWS_58663,3
NEWS_58664,2
NEWS_58665,1
NEWS_58666,3
NEWS_58667,2
NEWS_58668,3
NEWS_58669,4
NEWS_58670,1
NEWS_58671,3
NEWS_58672,0
NEWS_58673,4
NEWS_58674,4
NEWS_58675,1
NEWS_58676,4
NEWS_58677,3
NEWS_58678,1
NEWS_58679,1
NEWS_58680,5
NEWS_58681,5
NEWS_58682,1
NEWS_58683,5
NEWS_58684,2
NEWS_58685,4
NEWS_58686,5
NEWS_58687,0
NEWS_58688,0
NEWS_58689,4
NEWS_58690,4
NEWS_58691,4
NEWS_58692,5
NEWS_58693,5
NEWS_58694,1
NEWS_58695,3
NEWS_58696,3
NEWS_58697,4
NEWS_58698,2
NEWS_58699,3
NEWS_58700,5
NEWS_58701,5
NEWS_58702,4
NEWS_58703,1
NEWS_58704,2
NEWS_58705,3
NEWS_58706,4
NEWS_58707,4
NEWS_58708,3
NEWS_58709,4
NEWS_58710,3
NEWS_58711,5
NEWS_58712,2
NEWS_58713,1
NEWS_58714,5
NEWS_58715,4
NEWS_58716,1
NEWS_58717,1
NEWS_58718,4
NEWS_58719,3
NEWS_58720,2
NEWS_58721,4
NEWS_58722,1
NEWS_58723,0
NEWS_58724,5
NEWS_58725,3
NEWS_58726,3
NEWS_58727,5
NEWS_58728,1
NEWS_58729,3
NEWS_58730,5
NEWS_58731,3
NEWS_58732,5
NEWS_58733,3
NEWS_58734,3
NEWS_58735,4
NEWS_58736,2
NEWS_58737,2
NEWS_58738,2
NEWS_58739,4
NEWS_58740,5
NEWS_58741,4
NEWS_58742,2
NEWS_58743,4
NEWS_58744,4
NEWS_58745,1
NEWS_58746,3
NEWS_58747,5
NEWS_58748,4
NEWS_58749,4
NEWS_58750,1
NEWS_58751,4
NEWS_58752,1
NEWS_58753,1
NEWS_58754,3
NEWS_58755,4
NEWS_58756,0
NEWS_58757,2
NEWS_58758,5
NEWS_58759,0
NEWS_58760,2
NEWS_58761,4
NEWS_58762,5
NEWS_58763,2
NEWS_58764,3
NEWS_58765,4
NEWS_58766,4
NEWS_58767,4
NEWS_58768,1
NEWS_58769,4
NEWS_58770,3
NEWS_58771,4
NEWS_58772,4
NEWS_58773,4
NEWS_58774,1
NEWS_58775,2
NEWS_58776,4
NEWS_58777,3
NEWS_58778,3
NEWS_58779,1
NEWS_58780,4
NEWS_58781,5
NEWS_58782,5
NEWS_58783,4
NEWS_58784,1
NEWS_58785,3
NEWS_58786,0
NEWS_58787,3
NEWS_58788,4
NEWS_58789,3
NEWS_58790,3
NEWS_58791,4
NEWS_58792,3
NEWS_58793,3
NEWS_58794,1
NEWS_58795,1
NEWS_58796,3
NEWS_58797,4
NEWS_58798,4
NEWS_58799,1
NEWS_58800,3
NEWS_58801,2
NEWS_58802,2
NEWS_58803,4
NEWS_58804,5
NEWS_58805,4
NEWS_58806,4
NEWS_58807,4
NEWS_58808,1
NEWS_58809,1
NEWS_58810,4
NEWS_58811,1
NEWS_58812,5
NEWS_58813,3
NEWS_58814,5
NEWS_58815,4
NEWS_58816,1
NEWS_58817,1
NEWS_58818,3
NEWS_58819,5
NEWS_58820,3
NEWS_58821,4
NEWS_58822,2
NEWS_58823,4
NEWS_58824,4
NEWS_58825,4
NEWS_58826,3
NEWS_58827,2
NEWS_58828,1
NEWS_58829,4
NEWS_58830,4
NEWS_58831,5
NEWS_58832,0
NEWS_58833,4
NEWS_58834,3
NEWS_58835,0
NEWS_58836,2
NEWS_58837,2
NEWS_58838,4
NEWS_58839,5
NEWS_58840,4
NEWS_58841,4
NEWS_58842,5
NEWS_58843,4
NEWS_58844,1
NEWS_58845,5
NEWS_58846,1
NEWS_58847,3
NEWS_58848,1
NEWS_58849,5
NEWS_58850,2
NEWS_58851,3
NEWS_58852,3
NEWS_58853,1
NEWS_58854,3
NEWS_58855,5
NEWS_58856,4
NEWS_58857,1
NEWS_58858,0
NEWS_58859,1
NEWS_58860,3
NEWS_58861,3
NEWS_58862,1
NEWS_58863,4
NEWS_58864,2
NEWS_58865,2
NEWS_58866,3
NEWS_58867,1
NEWS_58868,5
NEWS_58869,3
NEWS_58870,3
NEWS_58871,5
NEWS_58872,1
NEWS_58873,5
NEWS_58874,0
NEWS_58875,3
NEWS_58876,5
NEWS_58877,3
NEWS_58878,2
NEWS_58879,3
NEWS_58880,3
NEWS_58881,4
NEWS_58882,2
NEWS_58883,4
NEWS_58884,4
NEWS_58885,5
NEWS_58886,1
NEWS_58887,3
NEWS_58888,4
NEWS_58889,3
NEWS_58890,0
NEWS_58891,5
NEWS_58892,5
NEWS_58893,2
NEWS_58894,2
NEWS_58895,1
NEWS_58896,0
NEWS_58897,4
NEWS_58898,4
NEWS_58899,2
NEWS_58900,4
NEWS_58901,1
NEWS_58902,1
NEWS_58903,5
NEWS_58904,3
NEWS_58905,3
NEWS_58906,5
NEWS_58907,4
NEWS_58908,1
NEWS_58909,2
NEWS_58910,4
NEWS_58911,4
NEWS_58912,4
NEWS_58913,3
NEWS_58914,4
NEWS_58915,5
NEWS_58916,5
NEWS_58917,2
NEWS_58918,3
NEWS_58919,5
NEWS_58920,3
NEWS_58921,5
NEWS_58922,2
NEWS_58923,3
NEWS_58924,5
NEWS_58925,1
NEWS_58926,1
NEWS_58927,2
NEWS_58928,1
NEWS_58929,5
NEWS_58930,4
NEWS_58931,4
NEWS_58932,1
NEWS_58933,4
NEWS_58934,2
NEWS_58935,3
NEWS_58936,1
NEWS_58937,4
NEWS_58938,2
NEWS_58939,1
NEWS_58940,5
NEWS_58941,2
NEWS_58942,2
NEWS_58943,1
NEWS_58944,4
NEWS_58945,4
NEWS_58946,2
NEWS_58947,4
NEWS_58948,4
NEWS_58949,3
NEWS_58950,2
NEWS_58951,4
NEWS_58952,4
NEWS_58953,4
NEWS_58954,3
NEWS_58955,2
NEWS_58956,3
NEWS_58957,4
NEWS_58958,4
NEWS_58959,3
NEWS_58960,4
NEWS_58961,5
NEWS_58962,3
NEWS_58963,4
NEWS_58964,1
NEWS_58965,4
NEWS_58966,4
NEWS_58967,5
NEWS_58968,4
NEWS_58969,4
NEWS_58970,0
NEWS_58971,3
NEWS_58972,2
NEWS_58973,3
NEWS_58974,3
NEWS_58975,1
NEWS_58976,3
NEWS_58977,3
NEWS_58978,3
NEWS_58979,3
NEWS_58980,5
NEWS_58981,1
NEWS_58982,5
NEWS_58983,2
NEWS_58984,2
NEWS_58985,4
NEWS_58986,4
NEWS_58987,1
NEWS_58988,4
NEWS_58989,1
NEWS_58990,4
NEWS_58991,4
NEWS_58992,3
NEWS_58993,5
NEWS_58994,2
NEWS_58995,4
NEWS_58996,3
NEWS_58997,5
NEWS_58998,1
NEWS_58999,2
NEWS_59000,4
NEWS_59001,2
NEWS_59002,1
NEWS_59003,4
NEWS_59004,4
NEWS_59005,3
NEWS_59006,4
NEWS_59007,3
NEWS_59008,4
NEWS_59009,1
NEWS_59010,1
NEWS_59011,2
NEWS_59012,2
NEWS_59013,3
NEWS_59014,2
NEWS_59015,4
NEWS_59016,3
NEWS_59017,3
NEWS_59018,1
NEWS_59019,3
NEWS_59020,2
NEWS_59021,3
NEWS_59022,1
NEWS_59023,1
NEWS_59024,3
NEWS_59025,5
NEWS_59026,4
NEWS_59027,4
NEWS_59028,5
NEWS_59029,1
NEWS_59030,0
NEWS_59031,1
NEWS_59032,5
NEWS_59033,4
NEWS_59034,0
NEWS_59035,1
NEWS_59036,3
NEWS_59037,1
NEWS_59038,2
NEWS_59039,2
NEWS_59040,2
NEWS_59041,3
NEWS_59042,1
NEWS_59043,2
NEWS_59044,1
NEWS_59045,5
NEWS_59046,2
NEWS_59047,5
NEWS_59048,5
NEWS_59049,4
NEWS_59050,1
NEWS_59051,4
NEWS_59052,3
NEWS_59053,4
NEWS_59054,4
NEWS_59055,1
NEWS_59056,5
NEWS_59057,3
NEWS_59058,0
NEWS_59059,4
NEWS_59060,1
NEWS_59061,2
NEWS_59062,1
NEWS_59063,4
NEWS_59064,1
NEWS_59065,3
NEWS_59066,4
NEWS_59067,4
NEWS_59068,4
NEWS_59069,1
NEWS_59070,3
NEWS_59071,2
NEWS_59072,2
NEWS_59073,1
NEWS_59074,0
NEWS_59075,3
NEWS_59076,2
NEWS_59077,4
NEWS_59078,4
NEWS_59079,2
NEWS_59080,2
NEWS_59081,0
NEWS_59082,4
NEWS_59083,4
NEWS_59084,1
NEWS_59085,4
NEWS_59086,3
NEWS_59087,4
NEWS_59088,4
NEWS_59089,4
NEWS_59090,4
NEWS_59091,4
NEWS_59092,4
NEWS_59093,4
NEWS_59094,2
NEWS_59095,2
NEWS_59096,3
NEWS_59097,5
NEWS_59098,1
NEWS_59099,4
NEWS_59100,4
NEWS_59101,2
NEWS_59102,3
NEWS_59103,5
NEWS_59104,5
NEWS_59105,5
NEWS_59106,4
NEWS_59107,4
NEWS_59108,3
NEWS_59109,0
NEWS_59110,2
NEWS_59111,4
NEWS_59112,1
NEWS_59113,5
NEWS_59114,3
NEWS_59115,4
NEWS_59116,3
NEWS_59117,3
NEWS_59118,2
NEWS_59119,2
NEWS_59120,1
NEWS_59121,3
NEWS_59122,5
NEWS_59123,1
NEWS_59124,1
NEWS_59125,2
NEWS_59126,5
NEWS_59127,4
NEWS_59128,5
NEWS_59129,4
NEWS_59130,5
NEWS_59131,3
NEWS_59132,2
NEWS_59133,4
NEWS_59134,1
NEWS_59135,4
NEWS_59136,1
NEWS_59137,0
NEWS_59138,0
NEWS_59139,3
NEWS_59140,0
NEWS_59141,2
NEWS_59142,5
NEWS_59143,4
NEWS_59144,5
NEWS_59145,1
NEWS_59146,1
NEWS_59147,1
NEWS_59148,4
NEWS_59149,3
NEWS_59150,5
NEWS_59151,4
NEWS_59152,1
NEWS_59153,4
NEWS_59154,3
NEWS_59155,4
NEWS_59156,4
NEWS_59157,1
NEWS_59158,3
NEWS_59159,2
NEWS_59160,1
NEWS_59161,4
NEWS_59162,5
NEWS_59163,3
NEWS_59164,3
NEWS_59165,2
NEWS_59166,4
NEWS_59167,4
NEWS_59168,4
NEWS_59169,3
NEWS_59170,0
NEWS_59171,3
NEWS_59172,4
NEWS_59173,4
NEWS_59174,2
NEWS_59175,5
NEWS_59176,2
NEWS_59177,4
NEWS_59178,1
NEWS_59179,1
NEWS_59180,4
NEWS_59181,4
NEWS_59182,4
NEWS_59183,5
NEWS_59184,1
NEWS_59185,3
NEWS_59186,3
NEWS_59187,5
NEWS_59188,1
NEWS_59189,4
NEWS_59190,4
NEWS_59191,2
NEWS_59192,3
NEWS_59193,1
NEWS_59194,3
NEWS_59195,1
NEWS_59196,4
NEWS_59197,2
NEWS_59198,0
NEWS_59199,5
NEWS_59200,2
NEWS_59201,4
NEWS_59202,5
NEWS_59203,3
NEWS_59204,3
NEWS_59205,5
NEWS_59206,1
NEWS_59207,4
NEWS_59208,2
NEWS_59209,4
NEWS_59210,4
NEWS_59211,5
NEWS_59212,3
NEWS_59213,2
NEWS_59214,5
NEWS_59215,0
NEWS_59216,2
NEWS_59217,5
NEWS_59218,1
NEWS_59219,2
NEWS_59220,4
NEWS_59221,4
NEWS_59222,3
NEWS_59223,2
NEWS_59224,3
NEWS_59225,2
NEWS_59226,5
NEWS_59227,4
NEWS_59228,1
NEWS_59229,4
NEWS_59230,3
NEWS_59231,0
NEWS_59232,3
NEWS_59233,2
NEWS_59234,2
NEWS_59235,1
NEWS_59236,3
NEWS_59237,5
NEWS_59238,5
NEWS_59239,2
NEWS_59240,3
NEWS_59241,4
NEWS_59242,3
NEWS_59243,3
NEWS_59244,4
NEWS_59245,5
NEWS_59246,5
NEWS_59247,4
NEWS_59248,4
NEWS_59249,1
NEWS_59250,3
NEWS_59251,1
NEWS_59252,4
NEWS_59253,5
NEWS_59254,3
NEWS_59255,1
NEWS_59256,4
NEWS_59257,5
NEWS_59258,4
NEWS_59259,3
NEWS_59260,2
NEWS_59261,2
NEWS_59262,1
NEWS_59263,4
NEWS_59264,4
NEWS_59265,1
NEWS_59266,0
NEWS_59267,3
NEWS_59268,4
NEWS_59269,3
NEWS_59270,2
NEWS_59271,2
NEWS_59272,4
NEWS_59273,1
NEWS_59274,5
NEWS_59275,1
NEWS_59276,4
NEWS_59277,1
NEWS_59278,3
NEWS_59279,3
NEWS_59280,3
NEWS_59281,4
NEWS_59282,1
NEWS_59283,2
NEWS_59284,1
NEWS_59285,3
NEWS_59286,4
NEWS_59287,1
NEWS_59288,1
NEWS_59289,4
NEWS_59290,3
NEWS_59291,0
NEWS_59292,4
NEWS_59293,5
NEWS_59294,3
NEWS_59295,4
NEWS_59296,4
NEWS_59297,1
NEWS_59298,3
NEWS_59299,1
NEWS_59300,1
NEWS_59301,0
NEWS_59302,3
NEWS_59303,4
NEWS_59304,5
NEWS_59305,3
NEWS_59306,3
NEWS_59307,4
NEWS_59308,2
NEWS_59309,5
NEWS_59310,1
NEWS_59311,3
NEWS_59312,4
NEWS_59313,0
NEWS_59314,5
NEWS_59315,3
NEWS_59316,5
NEWS_59317,1
NEWS_59318,5
NEWS_59319,1
NEWS_59320,5
NEWS_59321,4
NEWS_59322,4
NEWS_59323,4
NEWS_59324,5
NEWS_59325,5
NEWS_59326,1
NEWS_59327,4
NEWS_59328,5
NEWS_59329,3
NEWS_59330,2
NEWS_59331,5
NEWS_59332,1
NEWS_59333,2
NEWS_59334,2
NEWS_59335,0
NEWS_59336,5
NEWS_59337,1
NEWS_59338,3
NEWS_59339,3
NEWS_59340,0
NEWS_59341,4
NEWS_59342,4
NEWS_59343,0
NEWS_59344,1
NEWS_59345,0
NEWS_59346,4
NEWS_59347,4
NEWS_59348,5
NEWS_59349,2
NEWS_59350,3
NEWS_59351,4
NEWS_59352,1
NEWS_59353,4
NEWS_59354,1
NEWS_59355,4
NEWS_59356,3
NEWS_59357,4
NEWS_59358,5
NEWS_59359,3
NEWS_59360,1
NEWS_59361,0
NEWS_59362,1
NEWS_59363,4
NEWS_59364,3
NEWS_59365,1
NEWS_59366,4
NEWS_59367,4
NEWS_59368,1
NEWS_59369,4
NEWS_59370,5
NEWS_59371,3
NEWS_59372,3
NEWS_59373,4
NEWS_59374,2
NEWS_59375,4
NEWS_59376,3
NEWS_59377,4
NEWS_59378,5
NEWS_59379,1
NEWS_59380,2
NEWS_59381,1
NEWS_59382,2
NEWS_59383,2
NEWS_59384,4
NEWS_59385,0
NEWS_59386,2
NEWS_59387,4
NEWS_59388,3
NEWS_59389,1
NEWS_59390,1
NEWS_59391,4
NEWS_59392,3
NEWS_59393,1
NEWS_59394,3
NEWS_59395,3
NEWS_59396,1
NEWS_59397,3
NEWS_59398,4
NEWS_59399,3
NEWS_59400,1
NEWS_59401,5
NEWS_59402,1
NEWS_59403,4
NEWS_59404,2
NEWS_59405,4
NEWS_59406,5
NEWS_59407,1
NEWS_59408,1
NEWS_59409,1
NEWS_59410,1
NEWS_59411,4
NEWS_59412,3
NEWS_59413,1
NEWS_59414,3
NEWS_59415,2
NEWS_59416,0
NEWS_59417,4
NEWS_59418,3
NEWS_59419,1
NEWS_59420,4
NEWS_59421,0
NEWS_59422,1
NEWS_59423,5
NEWS_59424,4
NEWS_59425,4
NEWS_59426,0
NEWS_59427,2
NEWS_59428,5
NEWS_59429,4
NEWS_59430,0
NEWS_59431,4
NEWS_59432,3
NEWS_59433,4
NEWS_59434,1
NEWS_59435,3
NEWS_59436,5
NEWS_59437,4
NEWS_59438,1
NEWS_59439,5
NEWS_59440,2
NEWS_59441,4
NEWS_59442,4
NEWS_59443,4
NEWS_59444,3
NEWS_59445,1
NEWS_59446,2
NEWS_59447,4
NEWS_59448,3
NEWS_59449,2
NEWS_59450,4
NEWS_59451,5
NEWS_59452,5
NEWS_59453,3
NEWS_59454,4
NEWS_59455,5
NEWS_59456,3
NEWS_59457,4
NEWS_59458,4
NEWS_59459,3
NEWS_59460,3
NEWS_59461,1
NEWS_59462,3
NEWS_59463,4
NEWS_59464,5
NEWS_59465,4
NEWS_59466,2
NEWS_59467,4
NEWS_59468,3
NEWS_59469,0
NEWS_59470,1
NEWS_59471,5
NEWS_59472,1
NEWS_59473,5
NEWS_59474,4
NEWS_59475,0
NEWS_59476,1
NEWS_59477,4
NEWS_59478,4
NEWS_59479,3
NEWS_59480,4
NEWS_59481,3
NEWS_59482,4
NEWS_59483,1
NEWS_59484,1
NEWS_59485,4
NEWS_59486,1
NEWS_59487,2
NEWS_59488,5
NEWS_59489,5
NEWS_59490,1
NEWS_59491,3
NEWS_59492,2
NEWS_59493,2
NEWS_59494,0
NEWS_59495,2
NEWS_59496,1
NEWS_59497,4
NEWS_59498,5
NEWS_59499,3
NEWS_59500,4
NEWS_59501,5
NEWS_59502,2
NEWS_59503,2
NEWS_59504,2
NEWS_59505,1
NEWS_59506,5
NEWS_59507,1
NEWS_59508,2
NEWS_59509,5
NEWS_59510,5
NEWS_59511,4
NEWS_59512,2
NEWS_59513,3
NEWS_59514,5
NEWS_59515,3
NEWS_59516,3
NEWS_59517,3
NEWS_59518,4
NEWS_59519,0
NEWS_59520,5
NEWS_59521,4
NEWS_59522,4
NEWS_59523,4
NEWS_59524,3
NEWS_59525,4
NEWS_59526,1
NEWS_59527,1
NEWS_59528,2
NEWS_59529,5
NEWS_59530,3
NEWS_59531,4
NEWS_59532,3
NEWS_59533,3
NEWS_59534,0
NEWS_59535,3
NEWS_59536,3
NEWS_59537,3
NEWS_59538,5
NEWS_59539,4
NEWS_59540,2
NEWS_59541,4
NEWS_59542,4
NEWS_59543,4
NEWS_59544,1
NEWS_59545,4
NEWS_59546,4
NEWS_59547,5
NEWS_59548,5
NEWS_59549,1
NEWS_59550,0
NEWS_59551,5
NEWS_59552,4
NEWS_59553,4
NEWS_59554,1
NEWS_59555,4
NEWS_59556,4
NEWS_59557,4
NEWS_59558,1
NEWS_59559,1
NEWS_59560,3
NEWS_59561,2
NEWS_59562,3
NEWS_59563,3
NEWS_59564,2
NEWS_59565,4
NEWS_59566,2
NEWS_59567,2
NEWS_59568,1
NEWS_59569,4
NEWS_59570,3
NEWS_59571,2
NEWS_59572,3
NEWS_59573,5
NEWS_59574,4
NEWS_59575,4
NEWS_59576,5
NEWS_59577,1
NEWS_59578,5
NEWS_59579,5
NEWS_59580,2
NEWS_59581,1
NEWS_59582,4
NEWS_59583,5
NEWS_59584,1
NEWS_59585,1
NEWS_59586,2
NEWS_59587,3
NEWS_59588,0
NEWS_59589,2
NEWS_59590,2
NEWS_59591,3
NEWS_59592,1
NEWS_59593,1
NEWS_59594,4
NEWS_59595,2
NEWS_59596,4
NEWS_59597,3
NEWS_59598,5
NEWS_59599,4
NEWS_59600,4
NEWS_59601,3
NEWS_59602,1
NEWS_59603,3
NEWS_59604,1
NEWS_59605,5
NEWS_59606,1
NEWS_59607,0
NEWS_59608,5
NEWS_59609,1
NEWS_59610,3
NEWS_59611,5
NEWS_59612,4
NEWS_59613,3
NEWS_59614,3
NEWS_59615,1
NEWS_59616,5
NEWS_59617,3
NEWS_59618,5
NEWS_59619,2
NEWS_59620,1
NEWS_59621,1
NEWS_59622,1
NEWS_59623,4
NEWS_59624,1
NEWS_59625,1
NEWS_59626,4
NEWS_59627,2
NEWS_59628,5
NEWS_59629,4
NEWS_59630,4
NEWS_59631,4
NEWS_59632,1
NEWS_59633,4
NEWS_59634,3
NEWS_59635,5
NEWS_59636,5
NEWS_59637,1
NEWS_59638,4
NEWS_59639,1
NEWS_59640,4
NEWS_59641,3
NEWS_59642,4
NEWS_59643,5
NEWS_59644,3
NEWS_59645,4
NEWS_59646,4
NEWS_59647,2
NEWS_59648,5
NEWS_59649,3
NEWS_59650,4
NEWS_59651,3
NEWS_59652,3
NEWS_59653,5
NEWS_59654,4
NEWS_59655,5
NEWS_59656,4
NEWS_59657,4
NEWS_59658,4
NEWS_59659,4
NEWS_59660,1
NEWS_59661,4
NEWS_59662,1
NEWS_59663,3
NEWS_59664,4
NEWS_59665,3
NEWS_59666,5
NEWS_59667,3
NEWS_59668,3
NEWS_59669,1
NEWS_59670,5
NEWS_59671,4
NEWS_59672,2
NEWS_59673,3
NEWS_59674,1
NEWS_59675,1
NEWS_59676,1
NEWS_59677,4
NEWS_59678,2
NEWS_59679,1
NEWS_59680,5
NEWS_59681,4
NEWS_59682,4
NEWS_59683,2
NEWS_59684,2
NEWS_59685,5
NEWS_59686,5
NEWS_59687,4
NEWS_59688,1
NEWS_59689,3
NEWS_59690,4
NEWS_59691,4
NEWS_59692,4
NEWS_59693,4
NEWS_59694,4
NEWS_59695,4
NEWS_59696,4
NEWS_59697,4
NEWS_59698,1
NEWS_59699,3
NEWS_59700,4
NEWS_59701,0
NEWS_59702,5
NEWS_59703,1
NEWS_59704,4
NEWS_59705,4
NEWS_59706,3
NEWS_59707,5
NEWS_59708,4
NEWS_59709,5
NEWS_59710,1
NEWS_59711,4
NEWS_59712,5
NEWS_59713,5
NEWS_59714,1
NEWS_59715,4
NEWS_59716,2
NEWS_59717,5
NEWS_59718,4
NEWS_59719,4
NEWS_59720,4
NEWS_59721,4
NEWS_59722,1
NEWS_59723,3
NEWS_59724,1
NEWS_59725,4
NEWS_59726,2
NEWS_59727,3
NEWS_59728,4
NEWS_59729,3
NEWS_59730,1
NEWS_59731,3
NEWS_59732,0
NEWS_59733,2
NEWS_59734,4
NEWS_59735,5
NEWS_59736,3
NEWS_59737,4
NEWS_59738,1
NEWS_59739,2
NEWS_59740,5
NEWS_59741,5
NEWS_59742,2
NEWS_59743,2
NEWS_59744,1
NEWS_59745,4
NEWS_59746,2
NEWS_59747,5
NEWS_59748,3
NEWS_59749,5
NEWS_59750,0
NEWS_59751,4
NEWS_59752,2
NEWS_59753,2
NEWS_59754,5
NEWS_59755,2
NEWS_59756,1
NEWS_59757,4
NEWS_59758,2
NEWS_59759,3
NEWS_59760,5
NEWS_59761,4
NEWS_59762,3
NEWS_59763,3
NEWS_59764,4
NEWS_59765,1
NEWS_59766,1
NEWS_59767,1
NEWS_59768,4
NEWS_59769,4
NEWS_59770,1
NEWS_59771,1
NEWS_59772,1
NEWS_59773,4
NEWS_59774,1
NEWS_59775,4
NEWS_59776,5
NEWS_59777,4
NEWS_59778,4
NEWS_59779,3
NEWS_59780,4
NEWS_59781,1
NEWS_59782,4
NEWS_59783,5
NEWS_59784,2
NEWS_59785,4
NEWS_59786,4
NEWS_59787,1
NEWS_59788,3
NEWS_59789,2
NEWS_59790,0
NEWS_59791,4
NEWS_59792,1
NEWS_59793,0
NEWS_59794,1
NEWS_59795,1
NEWS_59796,1
NEWS_59797,5
NEWS_59798,2
NEWS_59799,3
NEWS_59800,2
NEWS_59801,1
NEWS_59802,2
NEWS_59803,1
NEWS_59804,2
NEWS_59805,4
NEWS_59806,2
NEWS_59807,2
NEWS_59808,2
NEWS_59809,5
NEWS_59810,1
NEWS_59811,1
NEWS_59812,4
NEWS_59813,4
NEWS_59814,3
NEWS_59815,1
NEWS_59816,0
NEWS_59817,4
NEWS_59818,1
NEWS_59819,3
NEWS_59820,3
NEWS_59821,2
NEWS_59822,3
NEWS_59823,3
NEWS_59824,2
NEWS_59825,2
NEWS_59826,2
NEWS_59827,4
NEWS_59828,0
NEWS_59829,5
NEWS_59830,1
NEWS_59831,3
NEWS_59832,3
NEWS_59833,4
NEWS_59834,4
NEWS_59835,3
NEWS_59836,4
NEWS_59837,2
NEWS_59838,5
NEWS_59839,4
NEWS_59840,3
NEWS_59841,3
NEWS_59842,5
NEWS_59843,3
NEWS_59844,5
NEWS_59845,3
NEWS_59846,3
NEWS_59847,1
NEWS_59848,4
NEWS_59849,3
NEWS_59850,4
NEWS_59851,4
NEWS_59852,4
NEWS_59853,3
NEWS_59854,0
NEWS_59855,4
NEWS_59856,2
NEWS_59857,4
NEWS_59858,2
NEWS_59859,4
NEWS_59860,4
NEWS_59861,1
NEWS_59862,5
NEWS_59863,1
NEWS_59864,1
NEWS_59865,3
NEWS_59866,3
NEWS_59867,3
NEWS_59868,4
NEWS_59869,5
NEWS_59870,5
NEWS_59871,3
NEWS_59872,1
NEWS_59873,1
NEWS_59874,2
NEWS_59875,2
NEWS_59876,3
NEWS_59877,4
NEWS_59878,4
NEWS_59879,5
NEWS_59880,4
NEWS_59881,5
NEWS_59882,1
NEWS_59883,4
NEWS_59884,3
NEWS_59885,1
NEWS_59886,1
NEWS_59887,0
NEWS_59888,3
NEWS_59889,3
NEWS_59890,0
NEWS_59891,1
NEWS_59892,3
NEWS_59893,4
NEWS_59894,4
NEWS_59895,3
NEWS_59896,2
NEWS_59897,2
NEWS_59898,3
NEWS_59899,5
NEWS_59900,2
NEWS_59901,2
NEWS_59902,1
NEWS_59903,0
NEWS_59904,3
NEWS_59905,3
NEWS_59906,0
NEWS_59907,1
NEWS_59908,4
NEWS_59909,5
NEWS_59910,1
NEWS_59911,1
NEWS_59912,0
NEWS_59913,3
NEWS_59914,5
NEWS_59915,3
NEWS_59916,1
NEWS_59917,4
NEWS_59918,3
NEWS_59919,4
NEWS_59920,4
NEWS_59921,3
NEWS_59922,1
NEWS_59923,0
NEWS_59924,2
NEWS_59925,3
NEWS_59926,2
NEWS_59927,4
NEWS_59928,5
NEWS_59929,2
NEWS_59930,2
NEWS_59931,3
NEWS_59932,5
NEWS_59933,3
NEWS_59934,4
NEWS_59935,4
NEWS_59936,5
NEWS_59937,2
NEWS_59938,4
NEWS_59939,3
NEWS_59940,1
NEWS_59941,5
NEWS_59942,4
NEWS_59943,3
NEWS_59944,2
NEWS_59945,2
NEWS_59946,2
NEWS_59947,3
NEWS_59948,2
NEWS_59949,1
NEWS_59950,1
NEWS_59951,2
NEWS_59952,5
NEWS_59953,2
NEWS_59954,2
NEWS_59955,4
NEWS_59956,4
NEWS_59957,4
NEWS_59958,4
NEWS_59959,4
NEWS_59960,1
NEWS_59961,1
NEWS_59962,3
NEWS_59963,4
NEWS_59964,5
NEWS_59965,4
NEWS_59966,2
NEWS_59967,5
NEWS_59968,4
NEWS_59969,5
NEWS_59970,3
NEWS_59971,4
NEWS_59972,4
NEWS_59973,1
NEWS_59974,1
NEWS_59975,4
NEWS_59976,4
NEWS_59977,4
NEWS_59978,4
NEWS_59979,1
NEWS_59980,3
NEWS_59981,5
NEWS_59982,1
NEWS_59983,4
NEWS_59984,1
NEWS_59985,4
NEWS_59986,4
NEWS_59987,1
NEWS_59988,2
NEWS_59989,3
NEWS_59990,3
NEWS_59991,4
NEWS_59992,1
NEWS_59993,3
NEWS_59994,4
NEWS_59995,3
NEWS_59996,1
NEWS_59997,3
NEWS_59998,4
NEWS_59999,1
